000031.pid, person, 20.996986389160153, -3.911834915479016, -3.184123237927755, 0.4269411861896515,101.71126688383436, -80.69826490215851
000032.pid, person, 21.0022919178009, -3.929304212331763, -3.238343417644501, 0.5395761728286743,102.26786408283125, -89.83143113702042
000033.pid, person, 20.967580795288086, -3.9434263441297666, -3.1640985806783046, 0.5366951823234558,124.36471575334048, -48.965927499301486
000034.pid, person, 20.945010715060764, -3.9186754756503555, -3.1622488233778214, 0.7694159150123596,-48.16201568432072, 155.2637536215178
000035.pid, person, 20.93904113769531, -3.901224511010298, -3.152959687369211, 0.7290307283401489,101.8380554768457, 95.92905987042954
000036.pid, person, 20.912999629974365, -3.8687064349651257, -3.1629389524459848, 0.6704535484313965,119.600473565338, 139.5783079533461
000037.pid, person, 20.848988533020016, -3.832528313000988, -3.1333903074264526, 0.3761337995529175,127.89598412525483, 154.83803830114041
000038.pid, person, 20.80484080314636, -3.7575085163116375, -3.1773568689823155, 0.40343061089515686,-52.29260943530876, 129.47616112632238
000039.pid, person, 20.784748713175453, -3.73357399304707, -3.189728379249573, 0.41710156202316284,134.58868641454072, -3.042734931961444
000040.pid, person, 20.809971400669642, -3.676189729145587, -3.1869808265141084, 0.43203750252723694,121.52776367974518, 128.2545562455342
000040.pid, bicycle, 11.442742347717283, -2.583189010620108, -3.4824417432149257, 0.3354630172252655,76.28110565571014, 104.83063821613254
000041.pid, bicycle, 11.453985532124834, -2.5961531798044764, -3.4820704460144043, 0.30844753980636597,75.15299361245997, 111.59809808953501
000042.pid, person, 20.824024836222325, -3.6101072629292723, -3.228996038436891, 0.4665808081626892,158.74206824166097, -131.12555051557902
000046.pid, person, 20.800179958343502, -3.3742144703864962, -3.154927849769593, 0.3836432993412018,142.73441937607075, -37.07300084904292
000047.pid, person, 20.873061498006184, -3.4001211325327474, -3.2901773452758802, 0.32348743081092834,-66.0106927407124, 69.4511732579287
000048.pid, person, 20.802863438924152, -3.3334650993347084, -3.2181379000345873, 0.36821192502975464,155.1946818790734, -116.1460880068617
000049.pid, person, 22.692431449890137, -11.70327452250889, -3.211549494947706, 0.3002934753894806,-79.50676112374381, 106.92673083003888
000050.pid, person, 20.81661262512207, -3.264358711242667, -3.165546083450318, 0.60829097032547,-33.370501222136156, -36.28644348227287
000051.pid, person, 20.82888870239257, -3.204520130157462, -3.3408551692962654, 0.6865926384925842,-75.5953014851918, 122.29679340308216
000052.pid, bicycle, 20.760826587677, -3.1111950278282086, -3.373254418373109, 0.30278074741363525,-35.03852910675812, -57.69502699950529
000052.pid, person, 20.775009536743163, -3.126798820495597, -3.2773071289062505, 0.5270439982414246,136.8745584462432, -39.94090859665297
000053.pid, person, 20.781547546386715, -3.0960708856582557, -3.2402989466985077, 0.5410009622573853,99.14183500531013, 107.22675058657958
000054.pid, person, 20.774350847516736, -3.075709785733896, -3.3056607586996902, 0.4784957766532898,106.71401188757821, 110.82129966169416
000055.pid, person, 20.706245803833006, -3.0159627437591476, -3.14973545074463, 0.5510944724082947,-47.42259329243605, -35.658774582428286
000057.pid, person, 20.70801544189453, -2.9340407848358074, -3.232339824948993, 0.5337377786636353,126.70069723912047, 124.96560376154288
000058.pid, person, 20.735673904418938, -2.877637922763815, -3.3997132182121277, 0.5922965407371521,105.79722521121994, 102.4708608010072
000059.pid, person, 11.433177630106604, -2.5949370861053382, -3.48237951596578, 0.35197460651397705,75.54013233184153, 78.61867285510486
000064.pid, car, 11.481846809387207, -2.2009876796177434, -3.583545139857701, 0.3208908140659332,-94.64757276037541, 49.04540235176544
000070.pid, person, 20.597820663452147, -2.0894441604614173, -3.136662673950196, 0.6698064208030701,93.38101818099778, 96.39527901147333
000072.pid, person, 20.540015538533527, -2.007357239723197, -3.179281314214071, 0.6312399506568909,119.87256233695524, -135.6960960056119
000075.pid, person, 23.739925146102905, -24.58236300945282, -2.989276096224785, 0.34156009554862976,147.8803128014587, 152.2274113997119
000077.pid, bicycle, 11.418729782104487, -2.6632024447123124, -3.2823495864868164, 0.36970967054367065,-87.36199772404126, 47.60067679775894
000078.pid, person, 11.442677497863768, -2.59778706232706, -3.4834212462107352, 0.3136366605758667,76.58054607548308, 105.07710018670079
000078.pid, bicycle, 11.442677497863768, -2.59778706232706, -3.4834212462107352, 0.3407360911369324,76.58054607548308, 105.07710018670079
000083.pid, person, 11.444226264953613, -2.5793680349985677, -3.4824648698170986, 0.39986541867256165,75.95031740110912, 103.86795612645088
000085.pid, person, 11.443304061889647, -2.612583319346101, -3.285943984985352, 0.46866512298583984,62.854157540435914, -161.7264545180834
000094.pid, car, 14.230971996600813, -0.15855485659379281, -3.7542869677910438, 0.3066878020763397,37.22939579955817, 172.041679304341
000098.pid, bicycle, 11.419035275777176, -2.656251192092887, -3.281990130742392, 0.43073540925979614,-97.35842392665892, -141.04319360463836
000101.pid, person, 20.4902587890625, 0.15303638428450247, -3.4171564181645713, 0.4078173041343689,118.85208375684968, 127.18705630339257
000110.pid, person, 11.41892306009928, -2.6849118073781235, -3.2837874094645194, 0.316890150308609,92.89682349619297, 49.33708683398681
000113.pid, person, 11.431662750244138, -2.6084867000579757, -3.402066802978516, 0.319392591714859,77.08223295170338, -75.91812024739426
000117.pid, bicycle, 11.440135637919106, -2.5991373856862294, -3.4838898181915297, 0.38587433099746704,77.81084104184905, 124.03582190367162
000119.pid, car, 11.34522921698434, -2.231390697615488, -3.4229579993656705, 0.3234052360057831,-47.45890456419508, -72.93332182474944
000124.pid, person, 11.438543001810705, -2.5847098827361967, -3.483326355616253, 0.42682909965515137,77.5001087790593, 127.3544398001758
000125.pid, person, 11.414079348246256, -2.6830653349558418, -3.282349665959677, 0.42571815848350525,-108.75139009038018, -152.92309857427793
000129.pid, person, 20.59900139317368, 0.9744471167073179, -3.2009585987437856, 0.3055178225040436,78.34220595796936, 160.0610793364725
000133.pid, car, 11.436358642578124, -2.3376078605651855, -3.633848690986633, 0.3138447403907776,86.22251752050543, 19.36402514239444
000137.pid, person, 11.435320854187008, -2.638302040100089, -3.2853688716888434, 0.3129484951496124,68.87085130292657, -155.39557297622707
000138.pid, car, 11.426682032071627, -2.2479002200640164, -3.4924216087047872, 0.5701892375946045,89.35127827744881, -65.98093023198666
000139.pid, person, 22.122360759311253, -28.13726441065471, -3.0475675331221685, 0.3240710198879242,165.66201752133642, -19.65731145368262
000139.pid, car, 11.40614194869995, -2.2177279353141772, -3.3969301700592043, 0.3090314567089081,84.90550587303116, 2.765804188160703
000144.pid, person, 21.98973633261288, -28.394342366386862, -3.14078127636629, 0.3272884488105774,-73.98816496403616, 98.20185902692334
000147.pid, car, 11.472601652145388, -2.221460223197937, -3.5243708789348602, 0.3246951699256897,86.17057217784009, 9.547065964428883
000150.pid, car, 11.381433313543146, -2.2147526957771984, -3.437250354073264, 0.32407763600349426,84.11271585242345, -7.837707303360149
000154.pid, bicycle, 11.416572570800776, -2.6836790243784496, -3.2830685774485278, 0.44031378626823425,87.52186454767367, -136.0958960202624
000155.pid, bicycle, 11.416533470153807, -2.6669425169626777, -3.281990210215252, 0.3323734998703003,-92.95154318540979, -136.51402146563206
000157.pid, bicycle, 11.415151278177895, -2.678489367167147, -3.2823496659596767, 0.401797354221344,82.30724735856454, -141.43087011379953
000159.pid, car, 18.93443489074707, 2.75062680244446, -4.371100425720216, 0.303591251373291,120.84118613261587, 80.11018715943788
000168.pid, bicycle, 11.443941752115881, -2.596189181009919, -3.48266903559367, 0.4120982587337494,76.14277461082324, 107.3933344162249
000176.pid, person, 11.423725446065268, -2.6587478319803797, -3.283427953720093, 0.3410627245903015,-94.89737908588016, -138.58103349148854
000177.pid, bicycle, 11.41890239715576, -2.679364760716748, -3.283427953720093, 0.34172964096069336,79.50596667787688, -144.34337723428717
000178.pid, bicycle, 11.343624408428484, -2.2199471822151695, -3.396305175927969, 0.3396497368812561,85.79451283032127, -26.65605019493031
000179.pid, car, 11.312508900960287, -2.312405639224583, -3.2593899832831488, 0.34779274463653564,-41.41743876689336, -143.99999900609342
000180.pid, person, 11.442654291788733, -2.6015548706054594, -3.4853971799214682, 0.36284151673316956,79.04403876633394, 87.69266712451098
000187.pid, person, 11.4214729309082, -2.6373491764068517, -3.281486988067628, 0.30899450182914734,81.50137822384333, -142.23681747428708
000187.pid, car, 11.41634922027588, -2.194530773162841, -3.4626126050949098, 0.331088125705719,-93.69648787844018, -4.88110902047033
000188.pid, person, 11.415785471598303, -2.6814161936441976, -3.282709042231243, 0.3190266489982605,-95.17853439272616, -138.75110387105428
000189.pid, person, 11.42078304290771, -2.6825992266336995, -3.2841467857360853, 0.3897847831249237,-89.76288611509216, -45.22302255804929
000190.pid, bicycle, 11.420898199081417, -2.6537092328071505, -3.282349646091462, 0.3477992117404938,80.10695282940796, -143.67834760595952
000193.pid, person, 11.285292387008669, -2.5059635043144226, -3.2539658546447754, 0.3219563066959381,-56.998103114898214, 133.26652273682205
000195.pid, bicycle, 11.416401227315262, -2.6731675465901605, -3.2823495864868164, 0.49927958846092224,-103.1783938031615, -148.1783938031615
000196.pid, person, 20.096234321594235, 3.3258243004481076, -3.525628646214803, 0.3248370289802551,-145.56988624426276, -92.45052249308219
000197.pid, person, 11.415175120035805, -2.6896283626556308, -3.2830685774485278, 0.35685044527053833,-92.47775092016907, -136.0899276233103
000198.pid, person, 20.035195895603724, 3.2557725395475168, -3.634809511048453, 0.3301241397857666,-146.17872585809573, -97.15361207838971
000201.pid, car, 11.467876625061034, -2.3248910427093508, -3.482185697555542, 0.30836379528045654,88.22523005139192, 34.59501495191157
000209.pid, person, 21.83582398830316, -29.529974864079406, -3.1236796990419045, 0.35828056931495667,132.3064851561842, -53.92071837558527
000210.pid, person, 21.85278641836984, -29.478602327619285, -3.0539273262023925, 0.3121117651462555,134.7520595037618, -50.43148798173556
000211.pid, person, 11.416879336039221, -2.6823740005493075, -3.2830684979756684, 0.3382945656776428,84.86509345250728, -138.89450076633167
000212.pid, car, 20.18228328227997, 3.235246658325203, -3.2861171662807465, 0.3503524661064148,-151.61251539456526, -78.03436806546765
000221.pid, bicycle, 11.416715304056801, -2.677454392115267, -3.282709042231243, 0.4032926857471466,82.18597866324005, -141.59191893258225
000222.pid, person, 22.030090786161878, -29.00408944629488, -3.0989391122545515, 0.30785343050956726,153.70341344774803, -36.33047466276906
000224.pid, bicycle, 11.418731371561682, -2.6688321431477777, -3.2827090422312417, 0.4167311489582062,89.77470926155236, 46.30379810157903
000225.pid, person, 11.416872024536127, -2.688013633092236, -3.283427874247234, 0.30276793241500854,-92.60313327190349, -137.57072414456525
000233.pid, person, 11.41766230265299, -2.673413753509512, -3.2827090422312417, 0.4198954701423645,-97.73811863591385, -141.44816693387173
000234.pid, person, 22.062761860509074, -28.43047375832835, -3.0798594105628228, 0.32271119952201843,138.13427137750824, -53.26426428211611
000240.pid, person, 20.30280796686808, 2.2393289605776516, -3.1241136193275456, 0.30802178382873535,132.63168893384588, 69.73321689049794
000241.pid, person, 11.417652448018387, -2.6790713469187337, -3.283068497975668, 0.35783109068870544,79.44990700339123, -144.45703877704787
000251.pid, car, 20.105394635881698, 1.963164976664959, -3.4111588512148177, 0.35007038712501526,137.80951842114496, 112.73160757060624
000252.pid, car, 20.19533874875023, 1.8663062623569011, -3.4665152118319558, 0.44618090987205505,119.4668283620818, 98.41360274885334
000256.pid, car, 20.118387937545773, 1.657033108174807, -3.4318025559186935, 0.3265911042690277,131.8200598043782, 114.58122955270883
000257.pid, person, 22.40661130632673, -27.47729666573661, -3.2394997869219098, 0.3406524062156677,128.39220267832144, 127.61946358249634
000265.pid, car, 20.402396653827868, 0.8044416324088508, -3.4260620066994116, 0.3157939314842224,-93.73816619191841, -69.23809220431957
000266.pid, person, 22.477880901760525, -27.114005477340136, -3.104533010058933, 0.3514477014541626,142.00267912768786, -43.18949283181478
000266.pid, bicycle, 11.443735122680664, -2.589647452036531, -3.4825239976247153, 0.6817727088928223,76.07588063661063, 116.88433873768456
000267.pid, bicycle, 11.419547716776526, -2.68787161509195, -3.284146785736084, 0.4927932024002075,-81.58874073745483, 54.98346959614253
000268.pid, person, 11.418598175048826, -2.6694134871164876, -3.282709042231243, 0.3816271722316742,-89.88649514106181, -45.4234451716944
000270.pid, person, 22.567183350071762, -26.875946391712535, -3.128866788112756, 0.3031589090824127,132.35993653704185, 127.98174883212747
000274.pid, bicycle, 11.437546730041499, -2.5965837637583324, -3.4814225037892665, 0.33925721049308777,75.25546951821224, 79.64834029887889
000274.pid, person, 11.404840469360353, -2.187347282965978, -3.500774006048838, 0.4110082685947418,77.88203203178979, -46.59254730303578
000276.pid, person, 11.420166969299311, -2.6796162923177, -3.283787329991659, 0.38931581377983093,87.78967555704094, -135.851494914097
000277.pid, person, 22.612778527396067, -26.52491242544992, -3.0833849906921387, 0.31415826082229614,121.08258909155663, 122.36011357451197
000278.pid, person, 22.649339610132678, -26.461387305424136, -3.1659905334998824, 0.3767639100551605,-91.53071400741148, -93.67833031907614
000278.pid, bicycle, 11.440648396809893, -2.582750082015982, -3.4814327557881684, 0.3190571963787079,74.26841349605007, 114.83184673875695
000279.pid, person, 11.420621554056801, -2.6664070288340165, -3.283068577448528, 0.3570873737335205,87.79263299907024, -135.81842959400558
000280.pid, person, 11.415936152140295, -2.68636735280354, -3.2830684185028076, 0.3658277690410614,-90.55262949662703, 45.91514161345239
000281.pid, person, 11.415637334187823, -2.6764462788899652, -3.2823496659596767, 0.4351162612438202,-94.85817438749406, -138.53639761091438
000285.pid, car, 11.514467557271322, -1.9184492429097493, -3.840874910354613, 0.30907538533210754,-89.7756970869463, 46.11726001261949
000288.pid, person, 22.82774519151257, -26.011647439772087, -3.104502277989541, 0.3225043714046478,108.87973990232281, 111.62263205065551
000290.pid, person, 22.80075097695375, -25.924852909185947, -3.176211063678448, 0.42704513669013977,143.64668428948656, -21.305382836341515
000291.pid, person, 22.818663158932246, -25.91866931399784, -3.169982471981564, 0.4171184301376343,147.9652806483185, -27.679578360635354
000291.pid, bicycle, 11.41623973846435, -2.668220440546662, -3.2819902102152505, 0.5396329164505005,-89.53912712423859, -44.99263646379006
000294.pid, person, 22.857937139623306, -25.826704361859495, -3.1423736880807316, 0.3334699273109436,172.03058608276882, -16.783077078308175
000301.pid, car, 23.07198881333874, -25.56208684367518, -3.1777910878581386, 0.312955766916275,130.8621301992264, -39.25458564287193
000303.pid, car, 23.09547170003255, -25.458172480265297, -3.118017411231995, 0.30791717767715454,132.00296336208393, 135.6965181552217
000304.pid, car, 11.488216114044189, -2.2280489563941948, -3.5251415252685545, 0.3094741404056549,85.6161303089696, 39.447857820441676
000306.pid, person, 10.021824955940243, 27.18343663215638, -4.473729610443115, 0.5046020746231079,122.69880375617588, 78.50576832959824
000307.pid, person, 10.051123074122836, 26.81467029026577, -4.42954397201538, 0.5277124047279358,118.10074097709297, 73.07783082415281
000308.pid, person, 10.240678024291995, 25.419933319091797, -4.263661670684813, 0.6583380699157715,124.33105018735849, 79.01134731997996
000309.pid, person, 10.663615567343578, 24.64277117592948, -4.115329435893467, 0.5534549951553345,-57.84533259672978, 77.5436174429086
000310.pid, car, 11.460676087273491, -2.253456883960297, -3.4716935687594943, 0.3198617994785309,85.9045516724711, -64.09204655481142
000310.pid, person, 10.851621554448055, 23.9875367971567, -4.039311940853411, 0.5607750415802002,119.52695090888436, 77.44686494442394
000311.pid, person, 11.040654563903809, 23.528129959106444, -3.868929386138916, 0.5168643593788147,117.74214170441681, 72.6269258514469
000311.pid, car, 11.213764548301697, 23.476940631866455, -3.9672743380069733, 0.33587968349456787,116.41360887176613, 71.12689636444033
000312.pid, person, 11.045920020655583, 23.470468822278473, -3.76605140535455, 0.6464910507202148,114.12519101057079, 70.82124621775147
000312.pid, car, 11.488265800476075, -2.113370680809021, -3.733971452713013, 0.3795359432697296,-94.10660477256751, 61.05278310686317
000313.pid, person, 11.251955214000883, 23.184324446178618, -3.5993655863262353, 0.5013457536697388,122.52300646301497, 79.8697018618656
000314.pid, person, 11.355702253488394, 22.648286232581505, -3.5979951161604657, 0.45142534375190735,-44.91666037357558, 172.84644026501462
000315.pid, person, 11.453908715929304, 22.410106931413925, -3.363393613270351, 0.3797513246536255,127.41252038697746, 174.34886633524744
000316.pid, car, 11.515981038411462, -1.92061181863149, -3.8405022621154785, 0.30742841958999634,-89.23044248574173, 46.69372787973122
000316.pid, person, 11.560570504930288, 21.855787065294056, -3.3751507335238977, 0.5449057817459106,-46.671659662177774, 128.4136018103603
000317.pid, person, 12.02775001525879, 21.344531377156574, -3.220999717712402, 0.6401904821395874,-38.8672287922967, 95.84135644042274
000318.pid, person, 11.716319356645855, 19.475103378295902, -3.7533993891307285, 0.5187020301818848,-69.91822303679076, 64.94513841498951
000319.pid, car, 12.161407423019408, 17.625128841400148, -3.8779879570007325, 0.30568787455558777,105.60905686942327, 60.34687249799365
000320.pid, car, 18.915590286254883, 2.723439121246339, -4.358872413635254, 0.3331337571144104,-95.98703292667864, 41.38257524498068
000321.pid, person, 20.854783144864168, -1.4027605761181148, -3.23525164344094, 0.43624424934387207,85.07003394019297, -85.73169041749892
000322.pid, person, 23.508286727102178, -24.687654495239254, -3.2123863571568543, 0.31247013807296753,79.84847110738964, 77.92999326927877
000322.pid, car, 12.816604389863855, 14.856353759765629, -3.849904789644129, 0.33294761180877686,107.39263510841748, 62.475808892744176
000323.pid, car, 12.86857223510742, 14.282317320505781, -3.8152791129218206, 0.3757011890411377,117.11167435428885, 71.82473492050144
000324.pid, person, 20.69809055328369, -1.8875211477279579, -3.2686549425125127, 0.42383813858032227,127.89281400483853, 174.70645156989352
000325.pid, car, 11.463521671295167, -2.3770685911178604, -3.4497161149978637, 0.34194764494895935,84.5344310754154, 57.67170091304283
000325.pid, person, 20.74911155700683, -2.0283649921417153, -3.3739207744598394, 0.5769183039665222,-52.91564436131921, 133.06646106053216
000326.pid, car, 11.521173715591432, -1.953536987304684, -3.841029763221741, 0.31729257106781006,-89.01958361164039, 46.927457077683364
000326.pid, person, 20.75344085693359, -2.0920740962028415, -3.4046263098716745, 0.5454590320587158,-51.45844364893574, -53.513392392206946
000327.pid, person, 20.698328495025635, -2.1034927368163983, -3.388320446014405, 0.4695056676864624,109.59442809022396, 117.0877451371888
000327.pid, car, 11.48808264732361, -2.2133324742317164, -3.710342407226563, 0.3231087923049927,-93.80927380259301, 48.02021407653219
000328.pid, person, 20.69638524736677, -2.0919166292462945, -3.4097950458526616, 0.552196741104126,109.26705776432247, 109.00716502311302
000328.pid, car, 11.489465522766114, -2.0277224302291885, -3.8572415351867675, 0.3124971389770508,85.25250572966178, -139.30446802488936
000329.pid, person, 20.716256141662594, -2.1412485440572024, -3.4237058957417807, 0.33599311113357544,-73.30396286544723, 103.71504144739701
000329.pid, car, 11.460551977157593, -2.371209055185318, -3.567845642566681, 0.33378010988235474,85.17878366357736, 37.2519604565375
000330.pid, person, 20.682892799377438, -2.1123145818710247, -3.3177828192710885, 0.4296615421772003,-54.490142850518836, -36.10672166403445
000330.pid, car, 11.456473541259763, -2.047880887985221, -3.980844688415529, 0.3497775197029114,81.65248627360788, -91.84790002874118
000331.pid, person, 23.71988659520303, -24.328577718427102, -2.999437662862962, 0.4528621435165405,159.34697651752217, -1.909064981881787
000332.pid, person, 20.661606979370116, -2.0098690271377477, -3.376032328605652, 0.42287224531173706,103.12154185707739, 103.3158497948521
000333.pid, person, 20.7028538386027, -2.268213868141166, -3.454097390174866, 0.35437512397766113,123.22437946355208, 124.6165395733674
000333.pid, car, 11.499727725982666, -2.035727560520172, -3.854236423969269, 0.32982876896858215,84.55981397440384, -140.04496979011213
000334.pid, person, 20.665478812323673, -2.0912031994925524, -3.350333478715685, 0.3979610502719879,103.8728338286959, 101.97904970934131
000335.pid, person, 20.71880515416463, -2.1822985013325926, -3.3913755218187966, 0.6832734942436218,107.23204742844736, 105.34763084016959
000336.pid, person, 20.692467583550346, -2.179023994339829, -3.328544166353014, 0.5543632507324219,104.44652339233781, 101.609341520073
000337.pid, person, 20.67949973212348, -2.1564724842707226, -3.3187055057949495, 0.6602179408073425,104.50623812662745, 108.2304677758348
000337.pid, car, 11.544553438822428, -2.1476643085479687, -4.030310074488323, 0.3128092586994171,-93.12501706773105, -70.93423864634407
000338.pid, person, 20.721942034634676, -2.319887692278074, -3.3815268603238193, 0.8728086948394775,103.3185852078848, 104.44286497925448
000339.pid, car, 14.834417220084896, 2.293399491617764, -3.479879210072179, 0.31880876421928406,99.85768985815224, 52.48119519108207
000339.pid, person, 20.728611946105957, -2.343864858150474, -3.386234104633332, 0.8336491584777832,105.9289051602448, 101.21016630507721
000340.pid, person, 20.755767549787244, -2.573064156940997, -3.4317910671234135, 0.8814477920532227,103.65060944478194, 103.54940607364584
000341.pid, car, 19.66851600380831, -10.761195243444549, -3.257802730382875, 0.335209459066391,107.65372261604331, 62.684565980288355
000341.pid, person, 20.768721171787803, -2.619770663125166, -3.4419553279876713, 0.8842862248420715,-82.8062596046597, 95.8361348324736
000342.pid, bicycle, 11.421389579772947, -2.6631038983662836, -3.283068497975668, 0.46814000606536865,-97.66680375808369, -141.35609571408708
000342.pid, person, 20.787624994913735, -2.6994540426466114, -3.4650125768449573, 0.8957066535949707,-71.81272566900341, 107.76357563209919
000343.pid, person, 20.783270154680526, -2.64041887010846, -3.3846473693847656, 0.9076769351959229,97.61299631922228, 93.98683190198167
000344.pid, person, 20.778974533081055, -2.679627895355216, -3.3735252618789677, 0.8517284393310547,115.80187759576104, 120.94279630993077
000345.pid, person, 20.7893196105957, -2.742763662338249, -3.4312875747680662, 0.7700721621513367,-80.75605928368199, 98.52977952836588
000346.pid, person, 20.78108406066894, -2.7530038697378894, -3.397638354982649, 0.6949498057365417,-70.33977397638716, 119.52718800511947
000347.pid, person, 20.80436420440674, -2.795681595802299, -3.4453639984130864, 0.6655905246734619,113.59255243929375, 106.06047608751298
000348.pid, bus, 18.883078006597664, -9.929297909140587, -3.2593942834780765, 0.30511587858200073,-68.70687556959155, 66.29646114874085
000348.pid, person, 20.79306877983941, -2.680652379989615, -3.4017255836062965, 0.664946973323822,101.4333564777733, 102.05991313349278
000349.pid, car, 12.103634574196555, -3.341302351518111, -3.441162846305154, 0.3948895037174225,-56.01728009845602, 80.3766813629712
000349.pid, bus, 19.291167159875233, -10.746137532095112, -3.1580219864845276, 0.3502311408519745,-69.1037687783656, 65.90493375271477
000349.pid, person, 20.809229469299314, -2.7674476146697913, -3.405008578300476, 0.5235968232154846,102.74716821932185, 105.0282365221952
000350.pid, person, 20.79877489263361, -2.7706606388091957, -3.3889835964549677, 0.7758630514144897,101.58519578549911, 103.74605237022205
000350.pid, car, 14.045973437173023, -3.130421715123307, -3.8638874632971634, 0.4071694016456604,-96.0193168334951, -140.97963510716764
000351.pid, person, 20.823022255530724, -2.810387244591338, -3.3786496199094334, 0.6672801375389099,97.80197476226594, 99.64106347211866
000351.pid, car, 14.254105303022593, -3.054194503360316, -3.675129916932848, 0.48680052161216736,-174.01916170174036, 141.3042462594563
000352.pid, car, 13.872627321879067, -3.5572978655497147, -3.7268997669219974, 0.5785064101219177,-179.040914497502, -134.05764953376638
000352.pid, person, 20.807557650974815, -2.7502753564289564, -3.341287732124329, 0.8373056054115295,96.37764948513278, -86.05117440447277
000353.pid, motorcycle, 11.794613486842104, -5.53770746682819, -3.6218223697260807, 0.3161989152431488,98.75992569292478, 53.81889999694093
000353.pid, person, 20.83468957380815, -2.907735391096627, -3.375686320391569, 0.8653280735015869,101.03348006308629, 104.20798407046976
000353.pid, car, 13.282978609988563, -3.9356469606098288, -3.7513644820765446, 0.4866431653499603,-3.1251037683689056, -137.9666915901912
000354.pid, person, 20.81568415959676, -2.8426458239555275, -3.3862767219543457, 0.752005934715271,-80.20769907993079, 102.3261652935461
000354.pid, car, 12.874200714959038, -4.690059436692122, -3.6901173988978075, 0.34099385142326355,4.002973781146464, 139.01634382702792
000355.pid, person, 20.834438133239743, -2.991102838516226, -3.382319378852845, 0.6327260732650757,104.02911054635253, 103.69470169749385
000355.pid, car, 12.82480141321818, -5.436247428258256, -3.5668758153915405, 0.34868618845939636,106.99495562278247, 61.946423140698165
000356.pid, person, 20.8164529800415, -3.0056331455707466, -3.359408408403397, 0.7190035581588745,103.51555943708998, 108.0274846158167
000356.pid, car, 12.597108205159504, -5.690474160512279, -3.7200611273447675, 0.5455764532089233,176.63529464785867, -138.4317220543995
000357.pid, person, 20.8519475724962, -3.0350717438591763, -3.387194606992934, 0.7432171106338501,99.2814137461876, 104.70551981298112
000357.pid, car, 12.304033025105793, -6.642425600687656, -3.7540733416875205, 0.4814971685409546,122.67500404863617, 76.27877460917112
000358.pid, person, 20.858056068420407, -3.1129843235015784, -3.372561144828796, 0.8786168694496155,99.71926594060035, 107.569080946197
000358.pid, bicycle, 11.681171997733736, -6.2972532044286265, -3.64265311282614, 0.3642488121986389,93.18029427699098, 48.49331534041531
000358.pid, car, 12.237338317067998, -6.810331394797867, -3.7905041167610576, 0.4825904369354248,120.55287464598284, 74.17438283568254
000359.pid, bicycle, 11.558509211386403, -6.570154589991412, -3.736391736615089, 0.3172241151332855,89.92381246601954, 45.36166172285172
000359.pid, person, 20.859257958152075, -3.2178861227902416, -3.398908029903066, 0.8227707743644714,100.28463819532652, 102.44949165979321
000359.pid, car, 11.120265781879425, -7.786236882209778, -3.616559959948063, 0.46460455656051636,56.840303595527736, -168.65443512089718
000360.pid, truck, 10.502646255493163, -8.836966896057117, -3.9981588522593183, 0.31674036383628845,34.061133159462884, -149.56870354272078
000360.pid, person, 20.866827487945557, -3.3245824873447334, -3.4017146825790414, 0.8110933303833008,100.33454176350604, 107.49238920894602
000360.pid, car, 10.262726346651712, -8.244416693846384, -3.5874859988689423, 0.5983082056045532,-121.19115904108104, -161.3822600632681
000361.pid, person, 20.8683545589447, -3.3533715009689247, -3.4449610412120824, 0.8453061580657959,95.54265307873924, 99.10682209743503
000361.pid, car, 10.38244403839111, -8.753719596862787, -4.043955612182618, 0.3421107530593872,31.950767464109937, -103.60034186639336
000362.pid, person, 20.833039389716255, -3.200112501780184, -3.3457054826948376, 0.8570420742034912,89.59417351177522, 78.82082782847529
000362.pid, car, 9.899937479119547, -8.995341250770961, -3.8528232448979427, 0.7458845973014832,-140.0769745413222, -158.93127865882138
000363.pid, person, 20.861909866333004, -3.3754985809326086, -3.3587637901306153, 0.8410739898681641,97.55066355076455, -87.56806832629044
000363.pid, car, 9.739580717953766, -9.043498949571083, -4.039428017356179, 0.6443898677825928,65.6298999343354, 45.09822267628607
000364.pid, person, 20.84698247909546, -3.349172800779334, -3.31993728876114, 0.8701927661895752,91.42406495548121, 91.51004262605665
000364.pid, car, 9.527615845203398, -6.754973798990245, -3.407631039619446, 0.5367971658706665,68.14399996031672, -156.87935254667522
000365.pid, person, 20.854504691229923, -3.3337592283884607, -3.3062302536434607, 0.8943130373954773,92.46206879176123, 97.09838362288714
000365.pid, car, 21.037347378938094, -3.061522203942995, -3.120917662330296, 0.4049329459667206,-98.48232557320833, 82.87575164627879
000366.pid, person, 20.883159849378796, -3.4933351410759736, -3.3796767923567033, 0.7324684858322144,96.76459871791819, 98.18434287367626
000366.pid, car, 7.977160406112669, -9.848429298400866, -3.767146825790406, 0.7014760971069336,-139.67050545447273, 173.1688216605159
000367.pid, person, 20.869506835937496, -3.301609971306533, -3.3337785330685707, 0.8043211102485657,96.91116529926046, 97.00714832918442
000367.pid, car, 7.436357593536373, -9.918957519531236, -3.9245115280151373, 0.6472025513648987,-118.3115832282654, -164.75136817949752
000368.pid, car, 6.131136646270752, -9.767445545196532, -3.518595128059387, 0.49921873211860657,3.3916819822545445, 116.66535765964794
000368.pid, person, 20.86575020684136, -3.2937571472591736, -3.370602448781332, 0.849267303943634,-80.64697049090752, 103.28656923177677
000369.pid, person, 20.849394284761864, -3.2057212132673922, -3.2350824979635386, 0.8392177224159241,-84.96525034599121, 94.53626905634891
000369.pid, car, 5.249896393447625, -10.09575041786569, -3.432225516585053, 0.5103222131729126,27.350535973460296, 164.69370276020703
000370.pid, person, 20.842280821366742, -3.2405108972029173, -3.1901258772069756, 0.8205106258392334,-78.47093983383144, 103.80906578921608
000370.pid, car, 5.059787392616274, -10.378013014793398, -3.2322086095809937, 0.3586217164993286,-142.89942366868496, 174.93298149879993
000371.pid, person, 20.873083591461178, -3.342802524566642, -3.380987445513408, 0.8227536678314209,-86.16669443181621, 93.4108897035458
000371.pid, car, 3.98802431424459, -10.632069587707525, -3.178832689921061, 0.3755662143230438,-84.33427841893848, 50.31838358679267
000372.pid, car, 3.1541104316711404, -9.784486643473304, -3.8068716049194338, 0.30702367424964905,-75.57160303632855, 49.76194062366937
000372.pid, person, 20.857257843017578, -3.4087123870849534, -3.362511266361584, 0.879981517791748,-84.80736372133242, 97.73513081691826
000373.pid, person, 20.86005663871765, -3.4985388219356457, -3.3066580593585972, 0.9009884595870972,-84.28368679571143, 103.48187839275688
000374.pid, car, 22.336094980654508, -12.035365135773363, -3.092261687568996, 0.36301466822624207,-81.48250021169508, 89.52661683195376
000374.pid, person, 20.83803558349609, -3.4660965204238807, -3.272239406903585, 0.8921034336090088,102.77014619133747, 99.1800841526962
000375.pid, person, 20.83925437927246, -3.588584370083271, -3.396173768573337, 0.8836697340011597,-81.67197225517465, -88.79760886387929
000376.pid, person, 20.881733758108957, -3.681697402681615, -3.306063107081822, 0.8873000144958496,-86.10521044528798, -90.76703380024198
000377.pid, person, 20.889831331041123, -3.7332782215542184, -3.37373259332445, 0.8976659178733826,-88.1805965450696, 91.1387481427308
000378.pid, person, 20.90197393629286, -3.765007230970586, -3.323149469163683, 0.8968889117240906,95.73235458510845, -89.16764820027791
000379.pid, person, 20.887388229370114, -3.8167282210455915, -3.3365345001220703, 0.8926441073417664,89.65605187717529, 71.79357124087072
000380.pid, person, 20.896427848122332, -3.8963906981728216, -3.4060325189070273, 0.8828370571136475,91.00780192744573, 97.20591371075984
000381.pid, car, -2.1728830277919804, -9.776690673828123, -4.031590938568116, 0.3180443048477173,-94.04739029488292, 102.51597557746106
000381.pid, person, 20.890386234630235, -3.8081622123718186, -3.344831705093384, 0.8487978577613831,90.49382449533101, 90.8552766833648
000382.pid, car, 11.369402631123863, -2.20763891537984, -3.4093347549438477, 0.3180241286754608,85.44562484493956, -22.655349120738222
000382.pid, person, 20.89093832536177, -3.7814820029518743, -3.3330199501731186, 0.8243892192840576,91.71967414916816, 92.71840226309843
000383.pid, car, 11.365564823150635, -2.244909564654032, -3.3911499579747524, 0.30116942524909973,88.50980139663284, -33.6248672547854
000383.pid, person, 20.899699401855464, -3.7920290470123215, -3.3449599266052252, 0.8532382845878601,91.23208107570063, 90.8217621134493
000384.pid, car, 11.33202314376831, -2.2238932947317753, -3.3527762492497764, 0.40600529313087463,79.72282747518773, 103.08796456206764
000384.pid, person, 20.88264942169189, -3.7532061576843176, -3.357292819023133, 0.8523356914520264,95.58547236413074, -89.2453590130673
000385.pid, car, 11.326991374676044, -2.2943025368910575, -3.343432609851544, 0.36756330728530884,76.45622743333128, 101.35377747010807
000385.pid, person, 20.893805185953774, -3.6183846261766135, -3.211142036649916, 0.854144275188446,-82.79581373040959, 96.86511732556582
000386.pid, car, 11.302407264709473, -2.3503241009182423, -3.348190837436252, 0.3025570809841156,65.67527856892282, -74.86521775275483
000386.pid, person, 20.88236045837402, -3.667389551798495, -3.2497637271881112, 0.8773499727249146,-86.07401710529888, 93.43560154771497
000387.pid, person, 20.89073944091797, -3.6860440117972155, -3.282747064317976, 0.8640788793563843,-85.01032618739853, 94.79077798621519
000388.pid, person, 20.863569532121925, -3.66632982662745, -3.239890745707921, 0.8755833506584167,-88.94331357238629, 93.38451481709701
000389.pid, person, 20.86958503723144, -3.6457161903381268, -3.2170380115509034, 0.8934458494186401,-91.74229830215623, 88.50631721032101
000390.pid, person, 20.876689910888672, -3.723898506164543, -3.273853158950806, 0.8853681087493896,-87.3762050876121, 93.0913750247651
000391.pid, car, 10.704001998901365, -3.2777032375335664, -3.495563268661499, 0.3338937759399414,-168.1301519712078, -121.3878634815439
000391.pid, person, 20.85128593444824, -3.718559912272854, -3.2569678170340404, 0.8839043974876404,-76.32869525797207, 60.75599736584788
000392.pid, person, 20.846877415974934, -3.675258318583161, -3.1745181481043505, 0.903831958770752,105.37570284278243, -172.6635598968863
000393.pid, person, 20.885846138000485, -3.791199803352348, -3.2689250111579904, 0.8780232071876526,-99.15172913409725, 72.09414984464874
000394.pid, person, 20.873968887329102, -3.724681901931754, -3.2298135280609137, 0.8974137306213379,-78.17430713753032, -90.79065921897133
000395.pid, car, 5.869455242156979, 5.453093814849858, -5.279500675201416, 0.3778853118419647,114.10339743978658, 71.29782723039858
000395.pid, person, 20.856877899169923, -3.7048076629638587, -3.264935445785523, 0.8975048661231995,134.00638741874624, 156.7469057886177
000396.pid, car, 5.932106113433836, 5.297958755493167, -5.268676376342774, 0.37263497710227966,114.06995327664156, 71.29939052108578
000396.pid, person, 20.894531249999993, -3.73452858924865, -3.228467893600464, 0.8879677057266235,-75.742521990029, -91.01834834733576
000397.pid, person, 20.884003067016597, -3.7128909587860037, -3.2265880584716804, 0.8943325877189636,-80.11584567989931, -82.92128589140138
000398.pid, person, 20.893504333496093, -3.726074028015129, -3.220201778411866, 0.8986912369728088,-87.31733296051898, -89.9271843578793
000399.pid, person, 20.897303104400635, -3.7505242824554363, -3.193665593862534, 0.9089177250862122,-90.57431622192043, 87.54167051396243
000400.pid, person, 20.89790892601013, -3.7791272401809612, -3.2278672754764557, 0.8844398856163025,-92.98856538952344, -88.97532714111755
000401.pid, person, 20.867063903808592, -3.747646498680107, -3.2124138355255125, 0.8956946730613708,92.26674376675948, 154.74209836791582
000402.pid, person, 20.86962914466858, -3.750840008258811, -3.1804987192153935, 0.8757879734039307,-81.97321114174036, 98.0465496057888
000403.pid, person, 20.90062077840169, -3.784916679064425, -3.1420417428016667, 0.8734095692634583,-94.4427515818123, 85.53244669570773
000404.pid, person, 20.86126433478461, -3.7859461307525555, -3.082713656955295, 0.8653998374938965,-72.2573639134682, 103.46249067751125
000405.pid, person, 20.88105030059814, -3.7532222986221235, -3.0998481988906863, 0.7915630340576172,-80.64206278141886, 100.9488869631663
000406.pid, person, 20.871930258614675, -3.7874292646135523, -3.206519910267421, 0.8565027117729187,116.80322327628072, 117.18340484045518
000407.pid, car, 5.8838775634765605, 5.417129230499275, -5.277027797698975, 0.3204965889453888,113.89480688871997, 71.17452832397176
000407.pid, person, 20.85316772460937, -3.80078880786895, -3.0893568277359007, 0.8013240694999695,-71.31640872700046, 105.2355132869383
000408.pid, car, 6.022627162933347, 5.102312564849856, -5.251036643981934, 0.3420412838459015,113.49284667721564, 70.69936709652247
000408.pid, person, 20.86550818549262, -3.8531978130340496, -3.2070628272162542, 0.846112072467804,-84.7289334533899, 92.29872104181865
000409.pid, car, 7.237802028656005, -1.654605908827341, -4.152606335553256, 0.373690664768219,100.66372902906579, 55.059893923230305
000409.pid, person, 20.854200839996334, -3.8508553206920544, -3.180861502885819, 0.8448477983474731,109.9387709469468, 119.65774099479403
000410.pid, car, 7.552570049579326, -3.6775332597585777, -3.840553980607253, 0.3168300688266754,100.01183674020143, 66.33841105375016
000410.pid, person, 20.860927104949948, -3.8872398734092632, -3.178614228963852, 0.7083889842033386,93.84068622220741, 88.7871552960332
000411.pid, car, 22.285025823683966, -12.281351305189585, -3.067185776574271, 0.3641446828842163,-81.17127330335079, 96.85270347230374
000411.pid, person, 20.874481746128627, -3.90889164379664, -3.2213410990578786, 0.6957529783248901,95.98019602133611, 104.07760089401206
000412.pid, person, 20.891767774309432, -3.9762418270111004, -3.2208144324166446, 0.7292582988739014,104.06395913606741, 101.27464562972955
000412.pid, car, 22.477454705671832, -13.70689443024722, -3.039236383004622, 0.39668139815330505,98.77471565657542, 97.6925558654056
000413.pid, person, 20.908895810445145, -3.9940533638000404, -3.2033731142679858, 0.7828136682510376,102.42438173687148, 97.78336395482282
000414.pid, person, 20.89944703238351, -4.040145839963633, -3.2872665950230195, 0.7814655900001526,108.5911798732067, -88.35794998885031
000415.pid, car, 6.977414568265278, -3.0285118023554483, -4.278477787971497, 0.36054110527038574,97.44026492082575, 52.07852071107301
000415.pid, person, 20.927880764007565, -4.0596961081027905, -3.2971522212028503, 0.7894524335861206,98.58596514703277, 100.67769358986817
000416.pid, person, 20.9250362941197, -4.060936110360274, -3.254594768796649, 0.7801170349121094,92.85370183587764, 91.49089440099775
000417.pid, person, 20.911239624023438, -4.073984781901033, -3.2051595449447636, 0.7938576936721802,85.63533678552263, 71.73004364111846
000418.pid, person, 20.8969931602478, -4.077409803867331, -3.238678991794586, 0.7879128456115723,75.07798753613605, 84.80546229230302
000419.pid, person, 20.895966211954747, -4.075774987538646, -3.2160099347432465, 0.8248938918113708,-116.55837278776038, 44.13171304087071
000420.pid, person, 20.895266056060787, -4.109304070472709, -3.240858793258667, 0.7422131299972534,61.20730993494593, 44.86164411424144
000421.pid, person, 20.86750268936157, -4.176076292991629, -3.2369690537452707, 0.7741260528564453,71.31964084232946, 45.72554202226186
000422.pid, person, 20.923439025878903, -4.38321990966796, -3.339790058135987, 0.7244622111320496,-76.3868729785365, -83.77047711591835
000423.pid, person, 23.87891226548415, -23.496498474707966, -3.0406589691455546, 0.588966965675354,-150.0487101596366, -162.70887864625644
000424.pid, person, 20.969657421112057, -4.455165147781364, -3.3761720061302194, 0.8053478002548218,-73.91975103392998, 62.63381207744492
000425.pid, person, 6.597630739212033, -11.09807324409484, -4.266583800315859, 0.7137356400489807,-116.8414403439931, -163.0447728098394
000426.pid, person, 23.87254692077637, -23.51324035644531, -3.0735163784027106, 0.6690474152565002,-146.70892775758202, -160.7948067163452
000427.pid, person, 23.874783020019528, -23.507930374145502, -3.056754007339478, 0.6621026992797852,-144.49307918110983, -156.89007241766052
000428.pid, car, 5.986274957656858, -3.5056484222412045, -4.342691445350647, 0.31783637404441833,89.86991167845893, -67.88565106523443
000428.pid, person, 21.123526255289708, -5.23576068878173, -3.4955901304880777, 0.8105107545852661,55.963164659648726, 139.19931434193117
000429.pid, car, 5.895910913294011, -4.209870511835264, -4.380226373672485, 0.3252364695072174,90.11380485679808, -100.0671005869902
000429.pid, person, 21.157163619995114, -5.321561495463044, -3.466225624084474, 0.8296809792518616,-170.90307901745436, 179.0918337096329
000430.pid, person, 23.864240132845364, -23.525892331049988, -3.047707942815928, 0.6513320207595825,-139.8842174375822, -168.1086645624295
000430.pid, car, 5.882613611221309, -5.333724451065057, -4.4741747856140135, 0.3331502377986908,89.71769749801283, 62.90354463919886
000431.pid, person, 21.131099224090576, -5.316574335098259, -3.4372714161872873, 0.8335394263267517,108.6248365759466, 106.94507795760103
000432.pid, person, 23.857630273570184, -23.516041797140364, -3.0578971323759667, 0.6638696789741516,-137.76249878662586, -165.4744001313606
000433.pid, person, 21.193166097005207, -5.3732369740803945, -3.511779705683391, 0.8686871528625488,73.88898070865868, 106.13915447881179
000434.pid, person, 21.19720306396484, -5.380108737945547, -3.494170904159547, 0.7740331888198853,-92.69493166857639, -60.41008143256101
000435.pid, person, 21.19448013305664, -5.420913219451896, -3.4643320560455324, 0.8000648021697998,-83.96759378160749, 141.94625096040477
000436.pid, person, 21.212587738037104, -5.447961997985832, -3.485140895843506, 0.7969825267791748,-83.6881440508266, 140.95867182742907
000437.pid, car, 5.964551734924315, 5.244974422454838, -5.261152744293214, 0.3021261990070343,113.65468258121265, 70.93795440881603
000437.pid, person, 21.230505807059153, -5.474724224635524, -3.443378959383284, 0.8016780614852905,-82.27714715709234, 105.23126897419277
000438.pid, person, 21.230094528198244, -5.51871967315673, -3.4810695171356207, 0.7549450397491455,-81.22580965086435, 116.00419971645333
000439.pid, person, 21.229948806762692, -5.530992507934561, -3.4414664268493658, 0.7778063416481018,-77.36928640720011, -85.7228296097905
000440.pid, person, 21.244923273722332, -5.572896957397453, -3.417053778966269, 0.7731297612190247,-87.02980683127949, 48.45918312451409
000441.pid, person, 21.265747547149655, -5.594762563705436, -3.454253673553468, 0.5836209058761597,99.41983112478039, 108.14363530874124
000442.pid, person, 21.28889799118042, -5.641088485717765, -3.444581687450409, 0.6491389274597168,90.47550893680003, -111.80854258149917
000443.pid, person, 21.229897907802037, -5.528069223676401, -3.341772624424526, 0.8480880260467529,111.79638912567096, 113.47203203240402
000444.pid, person, 21.332274627685543, -5.734112453460685, -3.428029441833497, 0.852997362613678,91.51070861700019, 99.16438860615514
000445.pid, person, 21.226031712123326, -5.514211995261048, -3.3341018812997, 0.839921772480011,-68.19618948741169, 151.53134119044938
000446.pid, person, 21.363785743713372, -5.8044018745422274, -3.4541096091270447, 0.8594528436660767,94.53664615154216, 113.32604703064678
000447.pid, car, 5.896236038208005, 5.383527946472173, -5.275101852416993, 0.31790751218795776,113.63207983301896, 70.91816968297246
000447.pid, person, 21.282851457595825, -5.635064363479607, -3.3225858211517343, 0.8684122562408447,111.33901476997596, 94.80284498562101
000448.pid, person, 21.293199857076008, -5.588018099466951, -3.329202771186829, 0.8460618853569031,-70.15110458653493, 106.90688765103262
000449.pid, person, 21.323556052313908, -5.638552930619974, -3.3970641824934225, 0.8844291567802429,-71.61199551915988, -77.95726056592311
000450.pid, person, 21.29072625296456, -5.5324081012180795, -3.287711415972029, 0.880746066570282,-69.17061310190907, 108.38582043359953
000451.pid, person, 21.325082063674927, -5.688792407512658, -3.283977448940277, 0.8775709867477417,-68.04203403379542, 80.86554799932594
000452.pid, person, 21.329940954844155, -5.626257141431164, -3.2684161265691127, 0.8628567457199097,-65.83169585277192, 110.42290023614981
000453.pid, person, 21.32979497042569, -5.594789374958378, -3.2679183049635454, 0.8629559278488159,-67.93080604029399, 109.10288124566146
000454.pid, person, 21.325256983439125, -5.578356742858879, -3.2806865109337706, 0.8529491424560547,-66.53037187365692, 109.9057915157615
000455.pid, person, 21.34747435829856, -5.6194284178993845, -3.254542740908536, 0.83917635679245,-66.26276736730257, 113.81677944319163
000456.pid, person, 21.372078235332783, -5.639529338249785, -3.2119496785677395, 0.8420931696891785,-66.75224145760976, 113.3177950836278
000457.pid, person, 21.38543963432312, -5.663539946079245, -3.1704579144716263, 0.8464931845664978,-66.48137777471528, 113.60703263775774
000458.pid, person, 21.3617493556096, -5.632609734168411, -3.102096135799702, 0.844017744064331,-66.86706049629692, 112.78665063742783
000459.pid, person, 23.726590283711747, -23.52581634521484, -3.0976832151412963, 0.6442386507987976,-141.51815709610275, 37.57735546737506
000460.pid, car, 5.852377891540524, 5.476632674535119, -5.283752838770549, 0.34962213039398193,113.60984335070731, 70.85606319914204
000460.pid, person, 21.364505594426934, -5.669431686401359, -3.139115420254794, 0.8311875462532043,-65.87169865928072, 114.53063525731618
000461.pid, car, 5.768102264404296, 5.67734689712525, -5.2988802909851085, 0.30181601643562317,113.95113647799953, 71.1848967436337
000461.pid, person, 21.3611387525286, -5.591232129505693, -3.1046298231397356, 0.8336179852485657,95.97260689756818, 97.06300385591517
000462.pid, car, 5.829427814483639, 5.541392993927003, -5.2871732711792, 0.31495729088783264,113.85657815161932, 71.07857425399354
000462.pid, person, 21.390016937255858, -5.673014688491813, -3.0992496252059936, 0.851667046546936,-67.93835353128608, 112.99343908870286
000463.pid, person, 21.45141677856445, -5.782240581512444, -3.1540849447250374, 0.7985550165176392,-67.87854362757429, 113.61404029303223
000464.pid, person, 21.470712237887913, -5.768641895718036, -3.166581286324396, 0.8357716202735901,-68.69520844826377, 112.0582221191508
000465.pid, person, 21.48810882568359, -5.777430677413933, -3.209996390342713, 0.8183959126472473,-67.61175176462547, 112.01815504242552
000466.pid, person, 21.518301169077557, -5.817301193873079, -3.2139598528544115, 0.721563458442688,-71.829556961656, 107.56574009998361
000467.pid, person, 23.86217577704068, -23.538429852189687, -2.9896221325315278, 0.5270634889602661,163.34047585614485, -10.268161758864677
000468.pid, person, 21.55673803601946, -5.8549191270555685, -3.231976458004543, 0.8046410083770752,-72.6964523032641, 105.5977452946108
000469.pid, car, 5.815553569793699, 5.572756767272956, -5.289779567718506, 0.3065561354160309,113.64597237680468, 70.88816398758539
000469.pid, person, 21.5671203319843, -5.861910709967972, -3.245827564826379, 0.8182803988456726,-71.09423894946741, 110.75756025385954
000470.pid, person, 21.56099252139821, -5.826216557446638, -3.2640159410588883, 0.8583108186721802,-72.84824238620024, 105.76532739120178
000471.pid, car, 5.896506627400711, 5.386333862940478, -5.274798393249513, 0.3077831268310547,113.57021623411414, 70.74518477589974
000471.pid, person, 21.575924396514893, -5.87136533856391, -3.2760711014270782, 0.84405916929245,-70.26094800825376, 107.8212227184873
000472.pid, person, 21.549014886220295, -5.783244212468457, -3.2652820150057473, 0.6880807280540466,-71.22993439140775, 107.25622310441457
000473.pid, person, 21.551100049700057, -5.845434086663373, -3.2193514789853777, 0.8302507400512695,-71.8549058228369, 108.52000453625043
000474.pid, person, 21.55877788250263, -5.8178445009084765, -3.20674283687885, 0.8675311207771301,-72.59286173405786, 108.13265897985329
000475.pid, person, 21.561621665954586, -5.850790568760455, -3.234362517084395, 0.8633161187171936,-73.48559494025497, 105.89604634342027
000476.pid, car, 5.882046890258789, 5.418704223632817, -5.277551174163818, 0.30289196968078613,113.7769552033261, 71.01213887555069
000476.pid, person, 21.560604095458984, -5.854095776875805, -3.2194806734720873, 0.8988417983055115,-70.2574356591916, 109.95418735396848
000477.pid, person, 21.594086170196533, -5.915502071380607, -3.3331755797068285, 0.8818514347076416,-71.28560758848036, 107.06920544252283
000478.pid, person, 21.576489857264924, -5.894760813031868, -3.2627682174955095, 0.8920202255249023,-70.22630319456023, 109.44622147507808
000479.pid, person, 21.55767998328576, -5.8615433619572475, -3.246835176761334, 0.733744740486145,-70.53062939107201, 109.24957809388334
000480.pid, person, 21.563979784647625, -5.83890505631764, -3.196135858694713, 0.878287136554718,-71.46842141859867, 108.74376403349797
000481.pid, person, 21.569173676627024, -5.853885480335774, -3.240377834865025, 0.879909336566925,-71.69538403618314, 108.14526431260344
000482.pid, person, 21.55120350764348, -5.838755607604972, -3.240287560683031, 0.8797113299369812,-68.3846724687741, 112.2366060629316
000483.pid, person, 21.560346603393555, -5.849425829373865, -3.2141088705796466, 0.884183406829834,-70.34225737137527, 109.06906436289756
000484.pid, person, 21.571582060593826, -5.882265054262594, -3.263345168187068, 0.8864025473594666,-71.36997941251259, 107.86001501917532
000485.pid, person, 21.572352472941077, -5.874375343322744, -3.231253735224406, 0.8897848129272461,-72.70282443124378, 106.73823310999441
000486.pid, person, 21.570545060294016, -5.880726337432852, -3.241324526923044, 0.8824247717857361,-70.81159818612312, 107.18294335202904
000487.pid, person, 21.55280113220215, -5.8637856245040805, -3.2260468453168873, 0.8795843124389648,-67.54888077551139, 112.49250411664092
000488.pid, person, 21.552316411336264, -5.844691658020011, -3.2526083628336595, 0.8680302500724792,-66.873894033345, 112.02886188869272
000489.pid, person, 21.539362335205077, -5.8611531575520734, -3.199545605977377, 0.8758599162101746,-70.74984112169207, 109.92413108473235
000489.pid, car, 5.805834674835202, 5.591267776489261, -5.291847229003907, 0.33088088035583496,113.57813108913463, 70.80080467915859
000490.pid, person, 21.51058210645403, -5.743989706039421, -3.156440223966326, 0.8757539391517639,-68.20059760482857, 110.48273489556368
000491.pid, person, 21.51952234903971, -5.827781412336551, -3.2004867527219982, 0.8617889285087585,-68.22035112017234, 112.06932258055858
000492.pid, person, 21.53117508358425, -5.833530134624895, -3.200573523839315, 0.8618864417076111,-67.84276446833218, 112.8533311157579
000493.pid, person, 21.524561246236164, -5.82802282439337, -3.1502390570110745, 0.85543292760849,-66.84417656519368, 115.0942520884875
000494.pid, person, 21.5220864239861, -5.803345539990584, -3.23571338373072, 0.6876118183135986,-66.36801590619899, 114.3576422986069
000495.pid, person, 21.51343676249186, -5.7480628649393655, -3.138389190038046, 0.7944461107254028,-67.70459502254371, 113.31659941756836
000496.pid, person, 21.51089636484782, -5.783944818708622, -3.174413879712423, 0.7943210601806641,-66.04934230851019, 115.31916641491594
000497.pid, person, 21.471586990356442, -5.739828268686922, -3.1785067399342855, 0.7326505780220032,-68.65733549760849, 109.61157360262216
000497.pid, car, 5.894209861755368, 5.384960842132574, -5.275703716278078, 0.3119032382965088,113.70402636246703, 70.99827797110717
000498.pid, person, 21.48317694664001, -5.797986805438985, -3.1605470776557922, 0.7691853046417236,-65.93711214685554, 115.83281209538211
000498.pid, car, 5.890033165613808, 5.3946590423584055, -5.276456912358602, 0.3252340257167816,113.68878403589214, 70.8925309787456
000499.pid, person, 21.489959081013996, -5.781223233540843, -3.2025200366973876, 0.7558221220970154,-66.90384703378746, 112.52109247187873
000499.pid, car, 5.901005649566646, 5.35200986862183, -5.275659465789795, 0.30133846402168274,113.56380340902061, 70.84782201415649
000500.pid, person, 21.497962542942588, -5.802106142044059, -3.1738659654344836, 0.8213753700256348,-66.43796605699713, 114.2733912398921
000501.pid, person, 21.509259776065225, -5.840960703398043, -3.1999276186290544, 0.7975776791572571,-63.43962044353477, 116.2340272086286
000502.pid, person, 21.51240119934082, -5.887810897827139, -3.2073454380035407, 0.7832610011100769,-64.36302943817617, 115.76716432955509
000503.pid, person, 21.511317316691077, -5.864645799001049, -3.1925397872924806, 0.7350818514823914,-65.79078572277407, 114.23141081619944
000504.pid, car, 5.993048191070553, 5.1575837135314995, -5.25740795135498, 0.311156302690506,113.67480479316583, 70.88372657445811
000504.pid, person, 21.542952317457928, -5.914802184471709, -3.239646691542406, 0.8118749856948853,-66.24734394165586, 114.09984149559399
000505.pid, person, 21.540410702045143, -5.914387812981231, -3.242562385705801, 0.8284189105033875,-67.14832419955235, 112.88234010742133
000506.pid, person, 21.48221556345621, -5.8257012367248455, -3.1831660866737366, 0.8268613815307617,-67.43367443624646, 112.5875726644066
000507.pid, person, 21.502936623313207, -5.846303679726333, -3.142325856468894, 0.6993454098701477,-67.95691832528718, 111.87156747073624
000507.pid, car, 5.885636647542314, 5.41554721196493, -5.276515086491902, 0.3388383090496063,113.62105308785524, 70.82179402813932
000508.pid, car, 5.816636371612546, 5.57359914779664, -5.289344596862794, 0.30397236347198486,113.58880608875062, 70.83553193122759
000508.pid, person, 21.54428829866297, -5.9721674077651, -3.2304809934952683, 0.808927595615387,-61.962928045211, 119.58044817586843
000509.pid, person, 21.52391815185547, -5.952315553029369, -3.1185799598693853, 0.8155301213264465,-59.495599453971096, 120.42790784036693
000510.pid, person, 21.493072867393494, -5.968215197324744, -3.176648378372193, 0.8161004781723022,-62.045032624837496, 117.47095847352276
000511.pid, person, 21.51195252459982, -6.006025231402844, -3.114549937455551, 0.821403443813324,-58.59114392223422, 122.09278802388957
000512.pid, person, 21.508292903070863, -6.055897691975459, -3.132884999980098, 0.561955988407135,-52.99234223461465, -39.95268142146303
000512.pid, car, 5.8958840370178205, 5.369163703918467, -5.276232433319093, 0.3487883508205414,113.87427719785104, 71.1390245480455
000513.pid, person, 21.474955081939694, -6.033506226539602, -3.156671369075775, 0.7189216613769531,-47.6153878871054, -19.06484947529324
000513.pid, car, 5.850057045618691, 5.497467756271367, -5.283095200856527, 0.348152220249176,113.64867646798976, 70.89881309564929
000514.pid, person, 21.483019742098723, -6.10982567613774, -3.163758386265148, 0.40152356028556824,-43.959051299912154, -23.692676969209263
000515.pid, person, 21.45447716889558, -6.140051453201853, -3.0978516649316856, 0.4667867422103882,-35.00095023879482, -24.425132085523508
000516.pid, person, 21.455571987010813, -6.165447976854105, -3.1612487545719854, 0.6897889971733093,7.746136724734756, 13.934437332573268
000517.pid, person, 21.416831389717434, -6.236565589904778, -3.1635512165401294, 0.7352983355522156,-49.090673907453095, -47.35361333731485
000518.pid, person, 21.401965099832285, -6.314083804254937, -3.15436633773472, 0.7328925728797913,-70.6632918324965, 109.71248832166091
000519.pid, person, 21.41609304601496, -6.4066098820079365, -3.2044133814898403, 0.812323272228241,112.84153743389149, 114.81705246624851
000520.pid, person, 21.442910587086395, -6.476866834303901, -3.1821327489965108, 0.8429058790206909,105.67584013634688, 106.17088601672772
000521.pid, motorcycle, 21.584395068032396, -6.451201370784207, -3.176684149674007, 0.38645678758621216,-13.888457689157438, 14.083581605378528
000521.pid, person, 21.4515317770151, -6.528719131763156, -3.194937027417697, 0.8284288644790649,109.38610790804468, 109.60349753738137
000522.pid, motorcycle, 21.61416832605998, -6.46991938352584, -3.1572925448417664, 0.3422398865222931,-11.281476691225187, 21.89392400772326
000522.pid, person, 21.486957867940266, -6.592626253763825, -3.192775507767996, 0.829155683517456,108.01222566482879, 107.35845961765922
000523.pid, motorcycle, 21.639580930982316, -6.529999017715447, -3.1291507312229707, 0.5702744126319885,-2.0788440351560156, 17.98018780233353
000523.pid, person, 21.50931167602539, -6.632946213086437, -3.2402978738149013, 0.8249912261962891,109.27670339557127, 107.67993231371783
000524.pid, motorcycle, 21.673878082862267, -6.574471987210781, -3.078572896810679, 0.4992738664150238,14.5066547641926, 57.98522254419553
000524.pid, person, 21.540429375388403, -6.705327033996573, -3.162038131193682, 0.809246838092804,106.98546004380978, 108.49096322070706
000525.pid, motorcycle, 21.70501459561861, -6.6507608890533385, -3.0859942252819357, 0.46439129114151,-1.8555840111012736, 23.58437205541242
000525.pid, person, 21.565810203552243, -6.7149319989340555, -3.171491248267038, 0.8336338400840759,99.51249034459123, 102.31413862880385
000526.pid, person, 21.602595329284664, -6.815577228864025, -3.185907542705536, 0.8392173647880554,105.05252497942779, 105.99622493758456
000526.pid, motorcycle, 21.796598214369553, -6.695329501078673, -3.202752846937913, 0.5148584842681885,20.209239270346476, -159.32021756235378
000527.pid, motorcycle, 21.789758315453163, -6.759097722860475, -3.128733900877146, 0.5372161269187927,30.94105935779994, 37.7503301651698
000527.pid, person, 21.626835465431213, -6.848279654979695, -3.114300906658173, 0.8352960348129272,104.10026381502283, 104.20305632926605
000528.pid, person, 21.647306124369305, -6.859366973241161, -3.1185594995816555, 0.7994247078895569,106.19797478371737, 106.20923937686625
000528.pid, car, 5.886658287048337, 5.411236667633068, -5.276476287841798, 0.33052605390548706,113.7192058273063, 70.94040319338527
000528.pid, motorcycle, 21.81913954871041, -6.756284679685314, -3.103981009551457, 0.5263187885284424,39.68384193162398, 47.16482586724814
000529.pid, person, 21.650539525349934, -6.898017088572175, -3.1694815317789717, 0.8404058814048767,105.39244772542834, 105.93975022146319
000529.pid, car, 23.733093316214426, -12.827764660971503, -3.064627913066319, 0.3524768054485321,-73.91303710640442, 72.14420000609137
000529.pid, motorcycle, 21.826079981667654, -6.80001817430768, -3.103316017559597, 0.376046746969223,41.00664573129867, 66.93068844747715
000530.pid, person, 21.704881521371696, -6.944972551785974, -3.2361557850470914, 0.8376073241233826,97.21179178315819, 97.256679242408
000530.pid, car, 5.867593924204507, 5.442466497421268, -5.2808783054351816, 0.3543849587440491,113.76155069975881, 70.9802580545703
000530.pid, motorcycle, 21.921048687350364, -6.796529446878735, -3.156868657758159, 0.4203242063522339,42.309620764883526, 65.01948618343033
000531.pid, person, 21.722516059875485, -7.0136372447013775, -3.252461612224579, 0.5125595927238464,86.90580053877656, 66.35548419360994
000531.pid, motorcycle, 21.926341056823727, -6.852926514365449, -3.1522971391677856, 0.5091386437416077,50.587084564289086, 69.00042337506754
000532.pid, motorcycle, 21.984811147054035, -6.892921447753901, -3.057853452364604, 0.5358417630195618,67.9417151098706, 75.24846046330572
000532.pid, person, 21.77023696899414, -7.102013905843092, -3.212176084518433, 0.8237369656562805,-48.216027413215805, 11.951108082268597
000533.pid, motorcycle, 22.009565133314865, -6.892791876426103, -3.1121636720804067, 0.3070957660675049,69.46489960091705, 83.82457265671458
000534.pid, person, 22.053616659981863, -6.902742130415773, -3.083691350051335, 0.4294407069683075,84.03230125302953, 93.41779224558749
000535.pid, person, 21.811864217122395, -7.013983726501457, -3.241199175516764, 0.419116735458374,107.44391320877365, 77.68769014961948
000536.pid, person, 22.099949331844556, -7.015656106612257, -3.060314367799198, 0.31882256269454956,122.18346633424024, 121.30143267199566
000536.pid, car, 5.897314167022701, 5.371301555633551, -5.27558708190918, 0.3088461756706238,113.94518253770691, 71.20387299972441
000536.pid, motorcycle, 22.109322466169086, -6.997723552158895, -3.1030195508684435, 0.3079622685909271,106.30171123195422, 111.08626215443452
000537.pid, person, 22.159025930589245, -7.035300962386588, -3.0944303081881617, 0.4043312668800354,110.49635379220398, 111.92977320929559
000537.pid, car, 5.790881061553952, 5.637892913818364, -5.29375638961792, 0.3273181617259979,113.8667529385461, 71.06949087353148
000538.pid, person, 22.139643907546997, -7.133401632308953, -3.1283425192038217, 0.43299421668052673,134.00071707530472, -31.29406121950942
000538.pid, car, 5.946996593475339, 5.278473567962655, -5.264884567260743, 0.30270519852638245,113.85624624537775, 71.02921805616712
000539.pid, car, 6.143203353881832, 5.6781235694885295, -5.311461639404297, 0.34178972244262695,137.0852103461765, 91.81841341835025
000539.pid, motorcycle, 22.269541210598415, -7.127010875278042, -3.146138253035369, 0.32715773582458496,125.6227293571943, 128.08737148653222
000539.pid, person, 22.013114656720838, -7.066593851361948, -3.1301546096801767, 0.5365697741508484,-33.01235756167561, 135.5093181861249
000540.pid, person, 22.24095465007581, -7.15242456134996, -3.179992851458098, 0.4708719253540039,109.76433456886869, 118.15253211445886
000541.pid, person, 22.227091471354168, -7.1633258263269965, -3.219408373037975, 0.4602538049221039,-63.52314143423987, 118.74394657277843
000542.pid, person, 22.115680694580078, -7.167395273844392, -3.0621836185455322, 0.37538230419158936,56.89538786407347, -168.98862778821706
000543.pid, person, 22.28411865234375, -7.092148780822744, -3.2451630433400473, 0.33457669615745544,103.49539322671546, 136.0892564703125
000543.pid, motorcycle, 22.27042139493502, -7.0237377240107515, -3.270305193387545, 0.33689236640930176,102.26630382219355, -151.81202691764065
000544.pid, person, 22.25862375895182, -7.169098483191588, -3.110122813118829, 0.33991536498069763,-47.61347838636037, -18.15987572102883
000545.pid, person, 22.249626636505123, -7.126610815525047, -3.068368911743165, 0.33458420634269714,107.16367075467541, 103.04579294100834
000546.pid, person, 22.241365814208983, -7.106208133697502, -3.0987743854522707, 0.3107846677303314,116.42268486162536, 72.39814979916481
000547.pid, person, 22.16207776750837, -6.8101261002676745, -3.191822460719518, 0.3698062598705292,106.88994854143812, 107.93529068404341
000548.pid, person, 22.248171276516384, -7.023013856675882, -3.06326527065701, 0.6346182823181152,125.7179195043316, -46.726090226664176
000548.pid, motorcycle, 22.13272539774577, -6.795557737350456, -3.236236095428467, 0.4168388247489929,106.75378201867383, 113.53328665331337
000549.pid, motorcycle, 22.130360412597653, -6.759451293945304, -3.201617097854615, 0.32216471433639526,107.0521808639991, -84.84476860208687
000549.pid, person, 22.240731477737427, -6.931131422519676, -3.100343942642213, 0.4834975600242615,115.85672476492036, -81.29814531371552
000550.pid, person, 22.271105159412727, -6.905426155437113, -3.1412793072787206, 0.8565316200256348,110.79510576790015, 114.39084783144965
000551.pid, person, 22.2032787322998, -6.770182673136384, -3.2643664201100666, 0.8403944969177246,117.3232018178694, -79.07986199631746
000552.pid, person, 22.203757212712215, -6.725604093991783, -3.207439147509062, 0.8269064426422119,109.79791618700979, -91.64463434538018
000553.pid, person, 22.210597610473634, -6.700458145141593, -3.240475591023763, 0.7717326879501343,122.64526526159, 127.17633729547047
000554.pid, person, 22.199296712875366, -6.662030041217793, -3.2804736793041234, 0.7055398225784302,123.81697031713992, -69.66287484174512
000555.pid, person, 22.142870797051323, -6.505291832817915, -3.256650567054749, 0.7960838675498962,115.36803545633178, -74.65874170243647
000556.pid, person, 22.128887557983393, -6.473310438791901, -3.2962363402048753, 0.6413946151733398,118.71264803972073, -106.65870325583465
000557.pid, person, 22.030823843819753, -6.414777142660951, -3.290761692183359, 0.6954551339149475,125.29693517880034, -73.7439501643207
000557.pid, motorcycle, 21.895073413848877, -6.261972069740287, -3.3861173689365405, 0.3935723304748535,-59.38333484253458, -88.59946906597827
000558.pid, person, 21.9082971572876, -6.24555096626281, -3.2712123155593877, 0.7075273990631104,118.98790466825939, 115.81687806847556
000559.pid, person, 21.971083402633667, -6.3274371922016055, -3.3071665912866592, 0.758400559425354,123.19826025945679, -64.28259207933877
000560.pid, motorcycle, 21.80113697052002, -6.132689905166619, -3.4314249753952035, 0.44065943360328674,-60.02682197633648, -73.21756353236712
000560.pid, person, 22.014875636381262, -6.332145718967203, -3.2912621918846585, 0.5505515933036804,116.7809745257655, -87.21532319692118
000561.pid, motorcycle, 21.841163048377403, -6.208645123701819, -3.3216418119577265, 0.34113603830337524,120.1512508684321, 124.1830449881125
000561.pid, person, 21.974386995488945, -6.2779686017469825, -3.2574736313386397, 0.6320034265518188,120.52717992237673, -88.93827560162326
000562.pid, person, 21.904968964426143, -6.238740996310576, -3.2517950409337097, 0.6147490739822388,122.96284493507639, 114.72673949858077
000563.pid, person, 21.927216393607004, -6.199527468000129, -3.2011187417166576, 0.44461697340011597,113.37843659787326, -108.65574879334135
000564.pid, person, 21.878031063079835, -6.287903141975393, -3.0865894675254824, 0.40988728404045105,121.20676023935219, -118.52256617701136
000564.pid, car, 5.942474555969236, 5.275912570953375, -5.266630840301514, 0.32357287406921387,114.06526689598776, 71.21187198318593
000565.pid, person, 21.874638148716517, -6.290081637246258, -3.0952186584472665, 0.5377990007400513,118.64961608920677, 124.99366789725647
000566.pid, person, 21.833018963153545, -6.204379100065958, -3.151327600845924, 0.4336550533771515,111.77996602748658, -98.14164135136016
000566.pid, car, 23.813563028971355, -11.214441808064775, -3.254956150054932, 0.3078314960002899,-68.94877245835848, 104.08631964912841
000567.pid, person, 21.811800877253216, -6.1962743997573755, -3.100742568572363, 0.43669286370277405,117.25806418277058, -96.2233781387874
000568.pid, person, 21.772899280894887, -6.178183685649516, -3.1035321300679994, 0.5088893175125122,119.23949675340793, -177.93481571195503
000569.pid, person, 21.691483787868332, -6.066269998965048, -3.20563208538553, 0.4577195644378662,117.79721865712541, -73.92578324540753
000570.pid, person, 21.726039505004884, -6.187436453501375, -3.0885832468668624, 0.469253808259964,94.12375945948271, 98.3183817312557
000571.pid, person, 21.65433516869178, -6.1136640035189025, -3.110035822941707, 0.5121063590049744,116.91246927158113, 129.06442226116695
000572.pid, person, 21.643970342782822, -6.092701728527354, -3.225857661320613, 0.6160401105880737,122.27219402879186, 123.89366057078306
000573.pid, person, 21.652739588419596, -6.066646893819164, -3.1580104351043703, 0.8387429714202881,124.2446507769447, 123.88782943725754
000574.pid, person, 21.638238800896534, -6.03638407919141, -3.1703396108415394, 0.794120728969574,119.23697185368805, 110.96014097444223
000575.pid, person, 21.595965067545574, -6.006622115770967, -3.144418219725291, 0.7285745739936829,122.88228630483805, 126.27807656277537
000576.pid, person, 21.58579385280609, -5.983366280794135, -3.210380628705025, 0.7628872990608215,119.78685109371138, 124.43224381022718
000577.pid, person, 21.554502038394702, -5.938150181489823, -3.1856136462267712, 0.7340605854988098,120.30638035878872, 123.2798330944871
000578.pid, person, 21.537238472386406, -5.928038019882994, -3.1661025724912943, 0.8253733515739441,113.72555197845753, 113.14184903594023
000579.pid, person, 21.500661288990692, -5.8902219884535745, -3.1251313826617073, 0.6354092359542847,110.46503128310665, 113.27021588309385
