000029.pid, person, 25.87802085876465, -22.60534534454345, -2.782985067367554, 0.3681619167327881,130.35435130246543, -139.40320488059197
000030.pid, person, 25.887692642211913, -22.588756370544427, -2.7901891469955444, 0.368706613779068,127.42547330741326, -120.17847268634988
000031.pid, person, 25.88325985995206, -22.580442428588867, -2.7852223352952445, 0.3524298667907715,122.53583809917065, 108.68242487405422
000032.pid, person, 26.38605952262878, -25.246812105178833, -2.497076399624349, 0.35150983929634094,-78.73622037199713, 123.92099990390449
000033.pid, person, 25.913608233133953, -22.590989112854, -2.85864406824112, 0.3463923931121826,116.60928398104753, -172.02267679936628
000034.pid, person, 26.39443016052246, -25.22962236404419, -2.5493417307734494, 0.31413930654525757,-78.75915198583105, 71.54151661723635
000035.pid, person, 26.406419277191162, -25.247430086135864, -2.496620751917362, 0.32979145646095276,-78.53683257865139, 121.25101502360747
000036.pid, person, 25.910330636160715, -22.571127755301337, -2.835076536451068, 0.35215499997138977,122.5641515510158, -74.0253158652077
000037.pid, person, 25.904614962064304, -22.59419690645658, -2.845062787716205, 0.30654993653297424,127.48088473113064, -134.09020709735185
000040.pid, person, 25.904425621032715, -22.624061584472656, -2.802974486351014, 0.3154328465461731,130.92363600739344, -133.36315184887368
000041.pid, person, 25.90430872780936, -22.598637308393204, -2.8308084692273825, 0.3202569782733917,121.68121591749207, -75.53231068701031
000042.pid, person, 26.44746889386858, -25.664483751569474, -2.4119768823896135, 0.3188849985599518,-78.58073814447036, 121.45798902453451
000043.pid, person, 25.86357604132758, -22.532173156738274, -2.7491325537363687, 0.30336794257164,-59.85307165846063, 110.70196700688666
000044.pid, person, 26.934065103530884, -27.95959544181823, -2.2687545418739328, 0.36400943994522095,-78.29985288761246, 121.51982157520742
000045.pid, person, 25.89773025512695, -22.633990287780755, -2.8039274930953986, 0.3606654405593872,127.98833280414564, -137.7941347730885
000046.pid, person, 25.890220642089844, -22.59302107493082, -2.802509486675263, 0.359345406293869,122.54848631272257, 108.02817641554114
000047.pid, person, 25.870466232299805, -22.59244121204723, -2.749041709032926, 0.37331628799438477,129.23636453064412, -125.57428232125848
000048.pid, person, 25.870520973205565, -22.558517837524413, -2.7687064886093142, 0.3781338036060333,123.4002939486403, 110.44959735884353
000048.pid, truck, 21.096721013387047, 23.573956171671554, -4.51820214589437, 0.36569714546203613,-130.79308542726386, -175.7868783622668
000048.pid, car, 20.856618404388428, 23.81047725677491, -4.48822832107544, 0.475287526845932,128.71301180794757, 83.66024733704958
000049.pid, person, 25.743776321411133, -22.448524856567378, -2.6282756328582773, 0.37509459257125854,65.90915779096774, 59.74988091146738
000050.pid, person, 25.749680519104, -22.46409702301025, -2.5893645882606506, 0.3510726988315582,64.37790602925001, 32.92509006698748
000051.pid, person, 25.77452500661214, -22.429746945699055, -2.655812780062358, 0.34579938650131226,63.60895472608427, 52.12449372064403
000052.pid, person, 26.481710116068523, -26.09104633331299, -2.2945720454057055, 0.3520573377609253,-78.47922199577992, 114.32892757172534
000053.pid, truck, 22.302027384440105, 24.0319766998291, -4.5853268305460615, 0.3803921937942505,143.41827411980992, 98.57761938670176
000053.pid, person, 26.108182907104492, -50.42539723714193, -1.3317146301269538, 0.5351290106773376,-40.74564413627267, -119.10864590152714
000053.pid, car, 21.75853395462036, 24.19925832748413, -4.540676593780518, 0.44872045516967773,158.3636257422724, 113.51227615748867
000054.pid, person, 25.92266478905311, -22.629719514113205, -2.8502361957843494, 0.3664056062698364,123.64422392579985, -75.69368704124507
000055.pid, person, 25.915796279907227, -22.585677283150805, -2.8491304261343826, 0.3720164895057678,132.174345724793, -131.99538194285137
000056.pid, person, 26.009368419647217, -50.661959648132324, -1.3107720911502847, 0.5172399878501892,-108.59992324673573, -143.26739433563154
000057.pid, person, 26.34965491294861, -25.235908746719353, -2.4704711511731157, 0.3654053211212158,-78.61635117339425, 121.90978612045564
000057.pid, car, -0.5030273397763634, -19.566506703694657, -0.9520428578058876, 0.39640483260154724,96.15363651280735, 100.80688454689366
000058.pid, person, 25.91488942232999, -22.602887240323152, -2.830115014856512, 0.3631432056427002,123.27447055972017, -75.34853879154099
000059.pid, person, 25.90742556254069, -22.592898368835446, -2.825890680154165, 0.35983675718307495,126.59054339554216, -129.66079155736705
000059.pid, truck, 22.112418608231977, 23.465841466730296, -4.595030091025612, 0.3833586573600769,60.50490136179063, -164.7110910576608
000059.pid, car, 19.986767959594726, 24.678488922119147, -4.465538978576662, 0.46539825201034546,79.85612036875736, -145.17953500594348
000060.pid, person, 26.449663979666575, -25.629506247384207, -2.4233713831220363, 0.3733874559402466,-78.60109097798933, 121.16701128180786
000061.pid, person, 25.903590862567608, -22.579765026385967, -2.8180436537815976, 0.36996835470199585,124.32281384596493, -144.18343520129707
000062.pid, person, 25.90573533376058, -22.597739219665524, -2.823905110359192, 0.37101495265960693,130.1339259395295, -129.76022542839328
000063.pid, person, 25.87096290588379, -22.583297920227047, -2.7957306861877442, 0.36973172426223755,127.00466151322843, 111.70618243416997
000063.pid, truck, 22.301464080810547, 24.010434468587246, -4.584659735361736, 0.39372754096984863,145.79316612500665, 100.97594824892957
000063.pid, car, 21.75827312469482, 24.182119369506843, -4.540084242820741, 0.4482876658439636,158.80698660676896, 113.93635404208389
000064.pid, person, 25.76883379618327, -22.446408589680985, -2.6563629309336343, 0.3196614682674408,67.2850255295486, 68.06201554977902
000065.pid, person, 26.48014227549235, -26.08724466959635, -2.294285317262014, 0.3254474401473999,-78.49517306000688, 114.31704306202698
000066.pid, person, 25.862138748168945, -22.583886282784597, -2.739242042813983, 0.3342251777648926,-47.088284991382245, -114.90205117127633
000067.pid, person, 25.855041080051, -22.53812683953179, -2.748613357543946, 0.3410763442516327,-58.59391586723642, 110.79805332412786
000068.pid, person, 25.883213255140518, -22.57294273376465, -2.7652754253811307, 0.347630113363266,126.73883172305749, -128.51977270618724
000069.pid, person, 25.880890607833862, -22.60515403747558, -2.76377421617508, 0.3469685912132263,132.85670324181754, -118.60130544658286
000070.pid, person, 25.876090526580807, -22.60542774200439, -2.763119637966156, 0.3515705168247223,132.20566759462682, -131.9626052499098
000071.pid, truck, 22.090800966535294, 23.455906459263396, -4.585214614868165, 0.35041573643684387,-106.21315484655203, -151.36559433016174
000071.pid, person, 26.10220781962077, -50.41526540120443, -1.3336420059204095, 0.5219846963882446,-33.27630379472231, 144.5690367345534
000071.pid, car, 20.87487538655599, 23.325573179456924, -4.492953830295139, 0.5367270708084106,-124.7640948528601, -169.99889768571109
000072.pid, person, 26.396322011947632, -25.28020000457763, -2.4817128404974946, 0.33820316195487976,-78.67362731767487, 123.25162332523846
000073.pid, person, 25.743156909942627, -22.468549728393555, -2.5892134308814994, 0.3375908136367798,66.1189070924165, 36.26581373695861
000074.pid, person, 25.91308491046612, -22.60695075988769, -2.8340551302983212, 0.38159656524658203,125.80641328979777, -135.06914519782478
000075.pid, person, 25.892765998840332, -22.591369311014805, -2.8014935255050664, 0.3685278594493866,123.04803998315259, 108.8273086740633
000076.pid, person, 26.479806900024414, -26.08820120493571, -2.294386029243469, 0.35887038707733154,-78.47998961517357, 115.06914736114913
000077.pid, person, 25.772440910339355, -22.4341656366984, -2.655936757723491, 0.36626535654067993,66.42639375235653, 63.22755436409434
000078.pid, person, 25.760133361816408, -22.435824584960933, -2.628545379638673, 0.3618824779987335,65.73659439965502, 42.02249991686562
000079.pid, person, 25.75748519897461, -22.44871406555176, -2.6290568828582765, 0.3626219630241394,76.05772481654967, 63.25047782244391
000080.pid, person, 25.730961799621575, -22.473206996917718, -2.5887717008590707, 0.3567284643650055,67.44410297858985, 64.61742252876175
000081.pid, person, 25.87825584411621, -22.568071153428818, -2.766236596637302, 0.35712453722953796,123.30728072070458, 111.64971233674686
000082.pid, person, 25.76283950805664, -22.4486400604248, -2.6293451309204103, 0.36350035667419434,76.93035007935057, 61.9588472019855
000083.pid, person, 25.747152328491207, -22.459414005279534, -2.588981032371521, 0.36655905842781067,63.924296141672855, 28.71046940609994
000084.pid, person, 25.88292415325458, -22.59730471097506, -2.7939473665677586, 0.41180577874183655,131.7057156107672, -125.55938075298442
000085.pid, person, 25.905396938323975, -22.60782432556152, -2.820098718007406, 0.39232784509658813,124.92654045185881, -133.3694648516611
000085.pid, truck, 21.35970465342204, 21.852591196695965, -4.496458133061727, 0.41568490862846375,-81.38033105281363, 53.60025755751674
000085.pid, car, 19.801219304402665, 23.667414347330734, -4.400594711303712, 0.47334998846054077,82.97930846523693, -141.9397295497577
000086.pid, person, 25.91915616122159, -22.618305726484813, -2.8179303732785312, 0.3992636799812317,134.7812434339774, -130.4703084157982
000087.pid, person, 25.87716081407335, -22.57296435038248, -2.810848183102079, 0.3892001807689667,122.22177437482159, -170.43347318796094
000088.pid, person, 25.877737998962402, -22.601713895797722, -2.765513062477112, 0.35474517941474915,130.69969335501364, -130.39222238450418
000089.pid, person, 25.88726863861084, -22.601546669006346, -2.78470048904419, 0.3584241569042206,129.57587383689338, -126.2657623324958
000089.pid, truck, 21.91610499790736, 23.681703295026512, -4.573289394378663, 0.3419060707092285,-99.06095895768911, -144.12215846880864
000089.pid, car, 20.944184833102753, 23.340470419989696, -4.500998549991184, 0.48499828577041626,-146.97108886098064, 167.88386456013436
000090.pid, person, 25.898801803588867, -22.609597100151902, -2.7831714948018402, 0.363938570022583,129.8833664565004, -134.99077310865675
000091.pid, person, 25.875139660305447, -22.581315782335064, -2.765724976857504, 0.3705986738204956,130.22521184002798, -124.30687375013304
000092.pid, person, 26.617673492431635, -26.83632125854491, -2.1959120035171518, 0.3473881185054779,-78.48486326338265, 114.48076654005607
000092.pid, truck, 22.301645278930664, 23.995696385701496, -4.583565076192221, 0.35448047518730164,138.57554607266076, 93.77548130024459
000092.pid, car, 21.757923126220703, 24.17401361465454, -4.539539337158204, 0.5217198133468628,156.3972871315652, 111.60493908115042
000093.pid, person, 25.879008293151855, -22.600163936614987, -2.7635005116462716, 0.3527158796787262,130.7328918041527, -132.44885681643922
000094.pid, person, 25.92626328901811, -22.61331800981001, -2.8185910745100555, 0.3798721134662628,126.0147859049077, -135.7541854049124
000095.pid, person, 26.339566124810112, -24.962010701497395, -2.5101384984122386, 0.3761267066001892,-78.75009380389085, 117.78770966681714
000096.pid, person, 25.336172580718994, -49.28675079345703, -1.2191217094659805, 0.48474881052970886,106.75717000963603, 69.54043823971742
000097.pid, person, 25.9184206644694, -22.621676254272458, -2.851310650507609, 0.3042519986629486,124.90632773153712, -144.70490084962765
000098.pid, person, 25.901202568641075, -22.57935157189002, -2.820823797812829, 0.3255671560764313,122.69908427911511, -74.71350220524158
000099.pid, person, 25.896395423195578, -22.602701187133786, -2.804717519066551, 0.32342329621315,126.91421204642567, -130.6440605972448
000100.pid, person, 25.907825990156695, -22.626194867220786, -2.827038721604782, 0.3408530056476593,123.21545529695732, -74.73992860134642
000101.pid, person, 26.27009868621826, -24.711979103088378, -2.508364874124527, 0.3311053514480591,-78.6700558616195, 119.15085370605661
000102.pid, person, 25.757095336914062, -22.45522270202636, -2.6293823242187506, 0.31827396154403687,73.35909197178667, 62.28219552330374
000103.pid, person, 25.758327960968018, -22.43901014328003, -2.5885509252548218, 0.321097731590271,68.65712065038174, -131.9264470838658
000104.pid, person, 25.923299962824043, -22.602046619762074, -2.823467774824663, 0.3220581114292145,125.99021538189069, -135.55959381185343
000105.pid, person, 25.870741367340088, -22.60303243001302, -2.7763925790786748, 0.36666232347488403,129.7212706661511, -125.55293356144199
000105.pid, truck, 21.950839519500732, 24.035570621490486, -4.628033876419067, 0.37629660964012146,32.04761794903747, 166.84735665901405
000105.pid, car, 20.6830218633016, 23.97811222076416, -4.53993034362793, 0.5229220390319824,36.787553300565, 171.79239210180353
000106.pid, person, 25.89586760781028, -22.600776152177286, -2.805650841106068, 0.3289434313774109,125.69912754316645, -131.1821842641021
000107.pid, person, 25.901601271195844, -22.576637268066403, -2.8106380159204662, 0.3339170813560486,132.1805018269498, -120.73346598295682
000108.pid, person, 25.905754407246906, -22.594012578328446, -2.8228413065274562, 0.3530517816543579,129.1935857343293, -133.25930769119233
000109.pid, person, 25.909263928731278, -22.60584163665771, -2.8178739547729497, 0.35325801372528076,125.54721133618062, -136.259376261156
000110.pid, person, 25.910443045876242, -22.612368496981528, -2.8295049667358403, 0.3559039831161499,126.09839384585946, -134.04717830606674
000111.pid, person, 25.900410970052082, -22.603719234466542, -2.825960795084636, 0.33979275822639465,128.00800138020873, -132.8366709678682
000112.pid, person, 25.8688166482108, -22.572457994733536, -2.7378572395869663, 0.3284381330013275,127.27791142153708, 114.91195518836685
000113.pid, person, 25.88575808207194, -22.61317904790242, -2.8268830776214604, 0.343706339597702,123.25308917565458, -73.24004800081627
000114.pid, person, 26.351754426956177, -25.23891258239746, -2.4688602611422548, 0.3664465546607971,-78.66539854834161, 121.89522291040323
000115.pid, person, 25.892057858980618, -22.59750879727877, -2.820699361654429, 0.364346981048584,119.28852999659591, -77.2238586654555
000116.pid, truck, 21.952471017837524, 23.432186365127567, -4.593387782573701, 0.36970245838165283,-128.72933850369498, -173.88460469735577
000116.pid, person, 26.110514958699543, -50.44043095906576, -1.331209421157837, 0.5838022232055664,-38.52595718474851, -106.98756984872702
000116.pid, car, 19.811574935913086, 23.323989868164062, -4.430210971832276, 0.4743993282318115,-109.41250511610467, -154.38814749677204
000117.pid, person, 26.47471682230631, -26.091407457987458, -2.2943627536296844, 0.3653954863548279,-78.50206224524253, 114.42826886573486
000117.pid, car, 34.762254079182945, -47.18046569824218, -3.181430180867515, 0.30687791109085083,140.1257687225491, 131.78679349079707
000118.pid, person, 25.765679931640626, -22.425821304321282, -2.6283594131469736, 0.3671710193157196,65.22052717422176, 38.656322962551755
000119.pid, person, 25.767116928100585, -22.438891220092774, -2.6291033744812005, 0.36528220772743225,74.74893385275928, 58.58781835475246
000120.pid, person, 25.883655548095703, -22.605773925781243, -2.764294683933259, 0.37660062313079834,131.72825202657523, -118.9577945085014
000121.pid, person, 25.91694054236779, -22.612729879525986, -2.8279135227203374, 0.376090407371521,127.5331807749705, -133.3388439315089
000121.pid, car, 35.012489318847656, -46.99709828694662, -3.1812438964843754, 0.3440622091293335,98.91708892026142, -175.40596906794775
000122.pid, person, 24.422548294067383, -46.47101338704427, -1.0152277549107886, 0.5799132585525513,-79.84416426039468, -76.27634057076624
000123.pid, person, 25.854681832449778, -22.58798653738839, -2.7393195629119877, 0.38371580839157104,130.07257766956593, -127.32069901304835
000124.pid, person, 25.887968858083088, -22.589850902557373, -2.8034742474555974, 0.3552243113517761,119.75211879428406, 106.97959978201256
000125.pid, person, 25.8805944442749, -22.59766540527344, -2.78247447013855, 0.34108513593673706,129.62944945964594, -141.5976150265998
000126.pid, person, 25.87012996673584, -22.56216068267822, -2.7695646047592164, 0.3422386944293976,123.17407814352548, 109.42535935593385
000127.pid, person, 25.862863063812256, -22.556506872177124, -2.7441696524620056, 0.3335857093334198,127.75348623770121, 123.40166688994788
000128.pid, person, 25.895862155490452, -22.62851905822754, -2.788529819912381, 0.35312506556510925,131.13697208891824, 134.58777228807335
000129.pid, person, 26.448116030011857, -25.66226305280413, -2.4091215474264964, 0.3488312363624573,-78.63714783513669, 122.57952138055323
000130.pid, person, 26.38476586341858, -25.232527494430535, -2.4584722891449937, 0.3545404374599457,-78.49507044973761, 119.04568710326222
000131.pid, person, 25.8968093178489, -22.60106728293679, -2.805406353690408, 0.3615969717502594,126.98689586171918, -129.13224728113647
000131.pid, truck, 21.605926241193497, 23.167978831699916, -4.539070674351284, 0.3685167729854584,80.16112841634231, -144.91804294833565
000131.pid, car, 21.242901938302175, 23.2683903830392, -4.506153242928641, 0.43544068932533264,94.2591954601215, 49.113182681237085
000132.pid, person, 26.32484584384494, -24.934931861029725, -2.493839595052931, 0.35677841305732727,-78.39072404983348, 119.7296072319855
000133.pid, person, 25.892570322210137, -22.600356362082735, -2.8025821555744526, 0.3543340563774109,128.30313568353125, -139.83047096387764
000134.pid, person, 24.564801534016926, -46.574005126953125, -0.9120572010676078, 0.43059366941452026,-83.90493176164482, 160.1403274818835
000135.pid, truck, 21.761490631103516, 24.2547290802002, -4.580835628509522, 0.35967907309532166,-141.4532158534933, 173.52516560474191
000135.pid, person, 26.09413464864095, -50.41694005330404, -1.336772044499715, 0.41778823733329773,-31.41115566661935, -72.74048820325655
000135.pid, car, 21.761490631103516, 24.2547290802002, -4.580835628509522, 0.43874868750572205,-141.4532158534933, 173.52516560474191
000136.pid, person, 25.75140266418457, -22.43976135253906, -2.628238487243652, 0.3063550889492035,66.0376665463135, 44.84732117374843
000137.pid, person, 25.904520416259764, -50.78624801635742, -1.194582962989808, 0.3916761875152588,-106.26765349023233, 55.186708617464326
000138.pid, person, 25.757680130004882, -22.432564163208003, -2.628247785568237, 0.31284868717193604,64.86514181531729, 42.80414151154558
000139.pid, person, 26.170236587524414, -50.50488281249999, -1.2591372330983492, 0.43307217955589294,150.52596922899173, 120.8132820544381
000140.pid, person, 25.757082366943358, -22.432054901123053, -2.6281733989715583, 0.3394159972667694,67.03234539116946, 46.11364578956214
000141.pid, person, 25.76035957336426, -22.445409011840812, -2.629047584533692, 0.33747902512550354,72.97760585259816, 57.85664005844311
000141.pid, truck, 22.21674707200792, 23.5847831302219, -4.603321870168051, 0.34436705708503723,42.908277818194385, 177.6656068500698
000141.pid, car, 20.62795615196228, 23.06135225296021, -4.479604482650758, 0.5169937610626221,54.51005768532422, -170.6198204261776
000142.pid, person, 26.487709045410156, -26.08508173624674, -2.294378320376079, 0.3487726151943207,-78.46890697945176, 114.71984201887263
000143.pid, person, 25.76248550415039, -22.42463302612304, -2.6280990123748778, 0.3537183701992035,66.3332786287084, 37.82258032224406
000144.pid, person, 21.64760828018189, -27.89927768707276, -3.4634895622730255, 0.37404385209083557,32.85156293642881, -164.1815610804601
000145.pid, person, 25.866280964442662, -22.576225553240096, -2.739283732005529, 0.3501889407634735,125.33360970432037, 112.59548742956095
000146.pid, person, 25.88716680353338, -22.60735511779785, -2.8052855621684682, 0.36052313446998596,127.63698002743101, -137.870801946927
000147.pid, person, 26.355710744857788, -25.257918119430542, -2.456833429634572, 0.3334244191646576,-78.66296825308716, 122.93283345543708
000148.pid, person, 25.916333271906925, -22.608001855703495, -2.8300573825836186, 0.34556999802589417,131.44009027191066, -131.75996747867546
000148.pid, truck, 21.78382301330566, 23.81514612833659, -4.574337005615235, 0.34258443117141724,-156.1161874409983, 159.6188036319718
000148.pid, car, 21.78382301330566, 23.81514612833659, -4.574337005615235, 0.546517014503479,-156.1161874409983, 159.6188036319718
000149.pid, person, 25.9166517991286, -22.637908055232117, -2.8517182423518266, 0.34910041093826294,124.60217190267724, -139.2846328736386
000150.pid, person, 26.464964730398997, -25.641656330653593, -2.4093137042863035, 0.3550194203853607,-78.57155865835203, 121.41958001460289
000151.pid, person, 25.846078872680664, -50.68909581502279, -1.2206604282061264, 0.6117005348205566,-125.76980106757385, -157.29236990890308
000152.pid, person, 22.25737690925598, -27.269677400588996, -3.6620627641677856, 0.4171026647090912,-84.205800032574, 55.128239317541215
000153.pid, person, 22.24362373352051, -27.23546180725098, -3.668633484840393, 0.43231698870658875,69.53555072892023, -72.25273117093828
000154.pid, person, 21.860443695731785, -27.826428537783414, -2.9093518360801367, 0.4781569838523865,63.29211612749647, -163.88606472941493
000155.pid, person, 21.969071252005442, -27.623716763087682, -3.0376224858420238, 0.43938779830932617,58.16032693900742, 145.9040713180915
000156.pid, person, 22.39329371732824, -30.271672080544864, -2.856814749100629, 0.41700541973114014,-79.39839001875457, 70.65519710322225
000157.pid, person, 21.914643649397224, -27.64854108876196, -3.0527558408934494, 0.4641435146331787,63.93645501602736, 161.87194807844728
000158.pid, person, 22.011502742767334, -27.4766432762146, -3.146144568920136, 0.5350756645202637,63.11687754935203, 161.73087221933926
000159.pid, person, 21.956869735717774, -27.593198776245117, -3.0832411861419677, 0.47677358984947205,67.40184173387867, 144.2940413313307
000160.pid, person, 22.272993674645058, -29.43044486412635, -2.7594208258848925, 0.41742512583732605,-81.24986754640588, 66.1336423958556
000161.pid, person, 21.910239890769677, -27.88025396841544, -2.6774360956969083, 0.44581037759780884,-44.06704560877819, -6.906525334189941
000162.pid, person, 25.874900991266426, -22.571064342151985, -2.7959920276295063, 0.391155481338501,119.01504312504592, -75.54917895453711
000163.pid, person, 25.893647974187676, -22.595208948308766, -2.810131549835205, 0.38718438148498535,122.71084681200007, -134.08612558406034
000164.pid, person, 22.115684618268695, -27.690283475603373, -2.978901222773961, 0.5136788487434387,82.92583755429759, -8.353089372660168
000165.pid, person, 22.1231167005456, -27.65396955738897, -2.985072239585544, 0.42171889543533325,84.92505674559509, -11.043030364790724
000166.pid, person, 22.179577069404797, -27.74759639837803, -3.049174278210371, 0.4773041903972626,88.33409057200198, -13.801783304090714
000167.pid, person, 22.187836422639734, -27.744019676657285, -3.008589926887961, 0.5650347471237183,90.01691399473012, 161.44277771300284
000168.pid, person, 22.205242307562578, -27.789562727275648, -2.9645151966496517, 0.6097257137298584,87.84320692520527, -28.959605873381367
000169.pid, person, 22.232322871685028, -27.778365314006805, -3.045682594180107, 0.6248655915260315,93.32430319205682, 179.32140719113792
000170.pid, person, 22.213140824261835, -27.705787602592917, -3.0847477632410385, 0.5220464468002319,91.22591493193258, 163.50272879508344
000171.pid, truck, 21.59166935511998, 22.922482354300364, -4.533189841679166, 0.33137404918670654,86.57933474028114, -138.4690192895546
000171.pid, person, 22.212374536614668, -27.734680376554795, -3.0886587406459607, 0.5098077654838562,92.59360902006155, 151.6102320136781
000171.pid, car, 21.23026439121791, 23.020289829799108, -4.499538217272078, 0.5586563348770142,-82.16185413910924, 52.86583576672935
000172.pid, person, 22.214208841323853, -27.689036846160892, -3.079728178679943, 0.4589380919933319,94.89397805721292, 168.46910855142153
000173.pid, person, 22.178152960699958, -27.670604190310918, -3.067121254431235, 0.48410555720329285,92.50196064852993, 144.188282323089
000174.pid, person, 22.198234372022675, -27.671630952416404, -3.032910777301323, 0.3967054784297943,92.6012564308976, 157.06996231805167
000175.pid, person, 22.181248465249706, -27.592056008272397, -3.065477631812872, 0.4377635419368744,91.02789018695324, 158.63898613722708
000176.pid, person, 22.147825099803782, -27.535121635154447, -3.0259624322255454, 0.44464001059532166,87.26633845023038, -17.166216642378494
000177.pid, person, 22.165843055361794, -27.60098906925747, -3.0494951804478965, 0.43854251503944397,91.06746017134795, 164.84820187461222
000178.pid, person, 22.1752259181096, -27.570438140477897, -3.009079395196377, 0.45730483531951904,85.99370978443557, -15.47948831517121
000179.pid, person, 22.180951570209704, -27.62548958627801, -3.040959690746508, 0.49077528715133667,90.860680984304, 162.33261210445926
000180.pid, person, 22.192477114060345, -27.545206630931183, -3.073231907451854, 0.4578026533126831,88.15239925516556, -1.7039559682674628
000181.pid, person, 22.198553525484524, -27.51019741938665, -3.09490643403469, 0.48727598786354065,88.03287125730664, -4.26549842337641
000182.pid, person, 22.175880627754406, -27.590285178942565, -2.9819036385951896, 0.45134928822517395,90.93588845369707, 174.2838715916165
000183.pid, person, 22.153778314590458, -27.499608576297764, -3.0754236727952957, 0.45207375288009644,85.31498459263413, -51.465944190269965
000184.pid, person, 22.21258819103241, -27.53015768527985, -3.0474465116858482, 0.4636605679988861,90.13484667178504, 176.34132704118878
000185.pid, person, 22.219731903076173, -27.548732805252076, -3.0865451812744142, 0.48799020051956177,90.19451054377143, 166.52894372057804
000186.pid, person, 22.214099831051296, -27.55908404456245, -3.0127367973327637, 0.44175073504447937,88.48832020381015, -11.511438683223217
000187.pid, person, 22.205084588792587, -27.573611259460453, -3.1035573217603893, 0.42980700731277466,90.489031967827, 152.04249950181415
000188.pid, person, 22.211546562813425, -27.52874951749235, -3.042368051168081, 0.4228927791118622,87.58533549443396, -14.503607960206013
000189.pid, person, 22.20252047087017, -27.52337345324065, -3.0641680767661645, 0.4240773618221283,87.7515240155096, -11.264304928214834
000190.pid, person, 22.225592732429504, -27.54704195261002, -3.1314282044768333, 0.42843154072761536,88.96220471697916, -20.420727556478795
000191.pid, person, 22.18886884053548, -27.585202958848743, -3.0822837948799133, 0.4385487139225006,89.23760992374667, -17.921605392646182
000191.pid, truck, 21.29744021097819, 23.79011154174805, -4.556033929189048, 0.3682340681552887,56.45240325111091, -168.26491517352127
000191.pid, car, 20.61498737335205, 24.271685282389328, -4.52343241373698, 0.49552348256111145,70.47829566738693, -154.75885695860111
000192.pid, person, 22.20777280402906, -27.611002777561996, -2.999290675827951, 0.4514940679073334,87.6252769934501, -5.548920252270171
000193.pid, person, 22.19303278769216, -27.51256438224547, -3.1174536597344185, 0.435283362865448,88.35054984346777, -14.373903622411724
000194.pid, person, 22.191075243268696, -27.60543054853167, -3.031505400793893, 0.5114831924438477,90.51173749058954, 159.90337024661673
000195.pid, person, 22.206194468906947, -27.522674451555527, -3.1004277501787456, 0.4821583926677704,89.1967676047401, -7.72374605574434
000196.pid, person, 22.20037980513139, -27.55492308645538, -3.049597472855539, 0.49226677417755127,88.99189680707005, -10.050874113308133
000197.pid, person, 22.20630084767061, -27.57263666040757, -3.102852232315961, 0.4932475686073303,92.8609591886326, 160.8619917650283
000198.pid, car, 42.069059371948235, -38.822576522827134, -0.39832289516925945, 0.3082163333892822,-72.52901787846068, 65.2410817523999
000198.pid, person, 22.20864382657138, -27.562375097563777, -3.0392165473013213, 0.5007182359695435,89.10601047593717, -8.490242320257616
000199.pid, person, 22.209204924734014, -27.62117747256631, -3.0786600865815816, 0.5171776413917542,91.92225583683107, 158.36084642977133
000200.pid, person, 22.21899316477221, -27.60778005733047, -3.1216553421907647, 0.44820573925971985,88.79480793570727, -26.32045287891228
000201.pid, person, 22.203091119465075, -27.57950597060355, -3.035454323417262, 0.47465041279792786,90.34265604540862, 172.17118903800954
000202.pid, person, 22.20259064894456, -27.543843293801338, -3.0516407306377706, 0.46320462226867676,89.78574470826337, -11.271771422774485
000203.pid, person, 22.19103277297247, -27.52800623575847, -3.073656445457822, 0.4460362493991852,88.16385522587979, -15.318751982669962
000204.pid, person, 22.169076185960037, -27.54762512598283, -3.0759737491607666, 0.526227593421936,92.07330622058765, 153.81843496810413
000205.pid, person, 22.16627987011059, -27.535133413366374, -3.0380725602845886, 0.5343572497367859,88.55878701711606, -28.689505929289954
000205.pid, car, 21.43661880493164, 24.470617294311523, -4.522337118784587, 0.5107120871543884,-7.872681606520085, 127.39755894486414
000206.pid, person, 22.1908843782213, -27.520436074998646, -3.06223996480306, 0.576996386051178,87.18861494773705, -11.14254281816694
000207.pid, person, 22.158635203043623, -27.464950497945154, -3.069102056821187, 0.5688889026641846,84.03184351526228, -23.5421606243599
000208.pid, person, 22.165773345202936, -27.53369526746797, -3.0405498306925702, 0.5399256348609924,89.55401832410894, -29.670225637669223
000209.pid, person, 22.14542680978775, -27.45942705869675, -3.065887935459614, 0.5520455241203308,85.5611723365273, -31.458244984155694
000210.pid, person, 22.165378219202946, -27.57953071594239, -3.0099210864619206, 0.4968816339969635,91.0571845221796, 147.2458491926089
000211.pid, person, 22.1785110367669, -27.521882110171852, -3.0451945993635388, 0.4601966440677643,85.10228016871767, -16.395915334879557
000212.pid, person, 22.16302913427353, -27.507572770118717, -3.019287943840027, 0.4222065806388855,85.70093714923127, -17.356994754332693
000212.pid, car, 16.380313873291016, -61.673005580902085, -3.2047246992588057, 0.549433708190918,-1.8001351101017604, 139.3035628190071
000213.pid, person, 22.168327236175536, -27.611093568801884, -3.0592331767082213, 0.3859339952468872,90.73367773288423, 153.13502265841373
000213.pid, truck, 21.560221989949543, 24.031842549641926, -4.566046714782715, 0.32962557673454285,-154.68342761605763, 160.27786758879753
000213.pid, car, 20.978678512573243, 23.980854797363282, -4.496687030792236, 0.5986678600311279,21.261431694955807, 156.03129885477554
000214.pid, car, 16.47385093144008, -60.38758468627929, -3.175104958670481, 0.5444851517677307,-123.08785797995333, -168.19211095644758
000214.pid, person, 22.17167454957962, -27.528875291347507, -3.016436979174614, 0.3187915086746216,84.32597063914268, -11.85969750141468
000215.pid, car, 16.701474923353928, -59.968244992769684, -2.986826970027044, 0.5743821859359741,-105.49812542681119, -147.29065797839453
000215.pid, person, 22.170652283562553, -27.54710345798069, -3.04742431640625, 0.3546963334083557,87.11951970828211, -16.308563398432838
000216.pid, person, 22.179123225964997, -27.56225053887618, -3.0718200332240055, 0.41880396008491516,87.44875851888531, -17.20518721268416
000216.pid, car, 16.640109380086255, -60.41082890828451, -2.4284303983052573, 0.6288517117500305,-38.982499335914696, 89.93654428316579
000217.pid, person, 22.161847890809526, -27.5404496747394, -3.055261024208956, 0.4258210361003876,86.93643558650078, -22.454714577007035
000217.pid, car, 16.679508686065674, -58.10134220123291, -2.7272735238075256, 0.67994624376297,35.229159244824785, 170.28035442516364
000218.pid, person, 22.14461886882782, -27.495520710945133, -3.0335650593042374, 0.41022977232933044,87.39394517663483, -6.930394559525708
000218.pid, car, 16.522786331176754, -57.605552673339844, -2.744915866851807, 0.6959581971168518,98.51529148331305, 55.63353290013464
000219.pid, person, 22.171094243119402, -27.57742825950065, -3.0523723334800907, 0.427977979183197,88.17179585217646, -21.000602849021348
000219.pid, car, 16.473758697509766, -56.59514045715332, -2.820356845855713, 0.7335683703422546,-98.47110638134401, -140.63742359627807
000220.pid, person, 22.16152026918199, -27.5478671391805, -2.9673737552430897, 0.37642544507980347,84.42980674254405, -18.90223735460072
000220.pid, car, 17.10458517074585, -55.39795207977295, -2.577507734298706, 0.7141931653022766,124.92860330849466, 86.17220757797625
000221.pid, person, 22.164044612162822, -27.564323528392897, -2.9623383251396382, 0.3765164017677307,86.75089742247087, -8.475274102975781
000221.pid, car, 17.212826865059988, -54.81163351876395, -2.662998846599034, 0.6940456628799438,88.27218562601993, -43.66070345007243
000222.pid, person, 22.180482039580475, -27.505560900713945, -3.120729162886336, 0.39160624146461487,87.97169089498, -16.619654347562417
000222.pid, car, 17.340573883056642, -53.573150380452475, -2.795761473973592, 0.6996476054191589,-94.67580893180066, -48.89184205818636
000223.pid, person, 22.150793477108603, -27.574215085882894, -2.976566139020418, 0.3927765190601349,87.68162703176722, -17.56733036398387
000223.pid, car, 17.380875746409096, -52.43131637573242, -2.8618800242741904, 0.6483825445175171,-97.2478723908952, -138.84436275198942
000224.pid, person, 22.177641481966585, -27.514271091770485, -2.997820583549706, 0.578112006187439,86.48535425896993, -6.774773838311852
000224.pid, car, 17.595318041349714, -51.50467139796207, -2.809938757043136, 0.6523587703704834,-92.87359558765252, -46.171946003516474
000225.pid, person, 22.173168126274557, -27.55937480926514, -3.0033890640034393, 0.5566167235374451,87.563656680878, -11.959651320975416
000225.pid, car, 18.17436071542593, -50.34666809668908, -2.9736579198103685, 0.6594992876052856,-107.73886212297874, -152.55722915041392
000226.pid, person, 22.17334209344326, -27.525394733135524, -2.981838110165718, 0.5547027587890625,86.50410239543416, -6.801958769637194
000226.pid, car, 18.33051531655448, -49.44020175933838, -3.0057497961180553, 0.6473824381828308,-104.36166306934258, -149.44891145858418
000227.pid, person, 22.161250563228833, -27.52284992442412, -3.0069941142026115, 0.5104313492774963,86.89797522812233, -10.971952629778228
000227.pid, car, 18.227225272886212, -48.82535589894941, -2.9921964522330993, 0.7159201502799988,-92.80052810147691, -138.31369375236028
000228.pid, person, 22.193995294116792, -27.50655519394648, -3.0378519864309403, 0.44753211736679077,84.41627688684986, -16.009564461428752
000228.pid, car, 18.144335389137268, -48.34845757484436, -2.9034103080630302, 0.7236554622650146,88.62721269776199, 43.040661658763824
000229.pid, person, 22.18219337463379, -27.507405916849777, -3.048357526461283, 0.4526172876358032,86.270963951874, -8.252562525664244
000229.pid, car, 18.686397658454048, -48.16387515597874, -3.1513174374898276, 0.6892149448394775,-123.58811924828966, -171.43798165141928
000230.pid, person, 22.179735117945178, -27.44339469383503, -3.0350131330818964, 0.43022218346595764,80.88899199832875, -10.561496499814732
000230.pid, car, 18.461015860239666, -46.65077940622965, -3.056615690390269, 0.671288251876831,-89.15453617479787, -44.92787780574438
000231.pid, person, 22.160466194152832, -27.550086617469788, -2.9291172921657562, 0.42785853147506714,82.33803582397877, -9.971728516464587
000231.pid, car, 18.57271246476607, -45.88778807900169, -3.1113050959327, 0.6744548678398132,-89.93742845892174, -45.477382069772545
000232.pid, person, 22.19348341418851, -27.44044722280195, -3.0957704436394478, 0.4535715878009796,83.084266708237, -5.759508844974372
000232.pid, car, 18.56451495858126, -45.32148627347724, -3.0606475541757985, 0.633990466594696,93.76914186190257, -42.532889348818316
000233.pid, truck, 18.66592514514923, -44.21187663078308, -3.176901251077652, 0.30883365869522095,-90.07985744252235, 44.80955566415677
000233.pid, person, 22.15287882089615, -27.539618670940403, -2.9878517389297485, 0.45660200715065,85.62217580183886, -4.908455532957897
000233.pid, car, 18.908615006340874, -44.73201963636611, -3.2812313371234465, 0.8203396797180176,-104.50343645108892, -148.40818060645
000234.pid, truck, 18.736730575561523, -43.633402479455825, -3.1560642972905586, 0.31674185395240784,-89.92156212935849, -45.320023872714756
000234.pid, person, 22.16153599665715, -27.447583125187805, -3.0028717426153326, 0.4377503991127014,80.65185839937713, 108.5998316484047
000234.pid, car, 18.841453552246094, -44.011656976515255, -3.197383342250701, 0.8945643305778503,78.28780881997159, -146.4314682316027
000235.pid, person, 22.156539412105786, -27.526644875021546, -2.9727177760180306, 0.48751747608184814,82.92750637134455, -6.6531617331544215
000235.pid, car, 18.902636739942764, -43.37765174441868, -3.2263378964530096, 0.8972634077072144,79.28835920585297, -145.723569494882
000236.pid, person, 22.15630019794811, -27.570974263277925, -2.862836079163985, 0.5124112963676453,67.34492525116907, 159.5831326718221
000236.pid, car, 18.948967246122137, -42.23840465102085, -3.195309444915416, 0.9033086895942688,-97.6151883340456, -142.40340562331238
000237.pid, person, 22.163870751857758, -27.52557992935181, -3.0131878554821014, 0.5103204250335693,84.76917934763908, -8.428079392944875
000237.pid, car, 18.99377834796906, -41.20003732045492, -3.27644544839859, 0.8897987604141235,-93.309883012941, 43.74755279307182
000238.pid, person, 22.166555949619838, -27.477709020887108, -3.0328381742749895, 0.5119552612304688,81.63061773276964, -6.146106847277218
000238.pid, car, 18.880860121353813, -40.683686961298406, -3.279469039129174, 0.8617644309997559,-94.08542318539115, 40.92688360827847
000239.pid, person, 22.14005967548915, -27.4789126941136, -2.9697756682123457, 0.47372132539749146,79.51803759212031, 109.09275122253453
000239.pid, car, 18.91272994995117, -40.22837265014649, -3.2717416143417357, 0.8785343766212463,-91.43861052881059, 43.742835346924466
000240.pid, person, 22.168109226226807, -27.503633689880377, -2.9077487111091616, 0.45804011821746826,63.00303016955081, 157.96579663082466
000240.pid, car, 18.783059825067934, -39.38209948332413, -3.2221331026243125, 0.9084308743476868,-94.81582537494849, -140.2022973750652
000241.pid, person, 22.103725346651945, -27.574483264576312, -2.777537324211814, 0.4806763529777527,64.09786847938386, 152.04827262233042
000241.pid, car, 18.9220075936153, -38.86820280140844, -3.265189873761144, 0.8548779487609863,-93.05515689926898, 41.761250601590675
000242.pid, person, 22.135550719041092, -27.527247648972736, -2.8527399760026197, 0.4681158661842346,64.38114788332621, 147.31152240142947
000242.pid, car, 18.950943640300206, -38.38684858594622, -3.2703849247523715, 0.89676433801651,-93.14928325825888, 41.75097017986492
000243.pid, person, 22.16621314154731, -27.470481660630966, -2.910535962493331, 0.49676603078842163,61.7385525140733, 149.97749390101848
000243.pid, car, 18.941522704230415, -37.764842421920214, -3.263049664320769, 0.8792161345481873,-88.648681542336, -44.02557560069627
000244.pid, person, 22.164691772460937, -27.46734321594239, -2.8914578342437744, 0.5214264392852783,60.92576291425916, 156.91023682976586
000244.pid, car, 19.050583498818533, -37.657979828970774, -3.206926558698927, 0.867897093296051,-90.09646556904222, 44.72064984568015
000245.pid, person, 22.136117630004883, -27.54746086120606, -2.836337642669678, 0.5450178980827332,61.468889336935895, 151.5620842009777
000245.pid, car, 19.004498876374342, -36.75700319224391, -3.2860768663472144, 0.8710752725601196,-87.38108822605788, -42.878621450707826
000246.pid, person, 22.171333885192873, -27.42459907531739, -2.9196878552436827, 0.519248366355896,65.38874871222579, 160.43722257760774
000246.pid, car, 18.927562973716043, -37.03971845453436, -3.151617927984758, 0.8694779276847839,79.43291318735966, -145.6591694364946
000247.pid, person, 22.141297225952147, -27.522021942138675, -2.8477867698669432, 0.5216473937034607,62.787769423402125, 145.65396430815625
000247.pid, car, 19.311989865984234, -35.66072812761579, -3.208003602709089, 0.88079833984375,72.79172687223411, -152.2754633289953
000248.pid, person, 22.183333079020187, -27.428295029534233, -2.924777428309122, 0.42080026865005493,61.90239807851494, 158.2644976268647
000248.pid, car, 19.556030718485513, -34.41647154490153, -3.1832580089569094, 0.8737084269523621,71.0663318370153, -153.93265446105647
000249.pid, person, 22.234526120699368, -27.301174750694866, -3.0452026954064, 0.4395378828048706,-115.43455225021272, 159.2061616356127
000249.pid, car, 19.37278796464969, -35.063107466086365, -3.1547536299778867, 0.8642400503158569,71.76269918610626, -153.25450338823993
000250.pid, person, 22.181771755218506, -27.459129333496094, -2.889391326904297, 0.4309735596179962,63.64022135722145, 160.0117516403237
000250.pid, car, 19.244515216711797, -34.93115425109863, -3.108967333128958, 0.861746609210968,69.13241590922564, -155.8600724967293
000251.pid, person, 22.250103290264423, -27.30969502375676, -3.06835886148306, 0.45918095111846924,-116.5128212789499, 157.5038814732571
000251.pid, car, 19.74499651964973, -33.590389139512006, -3.087203257224139, 0.8813297748565674,65.24291835495733, -159.7626353712855
000252.pid, person, 22.172012329101562, -27.47769331932068, -2.8738407393296566, 0.3978312611579895,61.773596714364764, 157.21160692332296
000252.pid, car, 19.587809403737385, -33.42482826444838, -3.119485663043128, 0.8881186842918396,66.13387683594652, -158.82668033390328
000253.pid, person, 22.287020683288574, -26.98261070251465, -3.2579140663146977, 0.40020906925201416,-104.85195883491622, -65.64107581279957
000253.pid, car, 19.084254769717944, -34.15115064733169, -3.083273459883297, 0.8697837591171265,67.42071090506809, -157.47307016544266
000254.pid, person, 22.22025156021118, -27.269768953323368, -3.0186920166015625, 0.3952486217021942,-112.64981510156649, 166.28774245188973
000254.pid, car, 19.403916214451645, -33.17542093450373, -3.1044708815487945, 0.7929829955101013,64.90155639149076, -159.96216844243054
000255.pid, person, 22.240609407424927, -27.35438454151154, -3.02883343398571, 0.42444393038749695,-118.79956830487116, 154.46109679437836
000255.pid, car, 19.36799120903015, -32.86615699529648, -3.1519470959901805, 0.7850114703178406,63.50435349747279, -161.42637211491925
000256.pid, person, 25.892365349663628, -22.610513687133782, -2.7891885704464383, 0.3444143831729889,126.59300603928776, -135.36234006511168
000256.pid, car, 20.50420093536377, -31.42739180156163, -3.1774901066507613, 0.8124316930770874,60.346135589224325, -164.60458965186257
000257.pid, person, 22.269559065500896, -27.286312262217205, -3.107576668262482, 0.35256248712539673,-116.7840918876442, 158.5496977901195
000257.pid, car, 19.838878743788776, -32.14886177287382, -3.1621247600106632, 0.8068516850471497,60.981581801447724, -164.011053256647
000258.pid, person, 22.29587173461914, -26.970161056518556, -3.2522672176361085, 0.3561808466911316,-110.6479755913105, -71.14391243497303
000258.pid, car, 20.10452829558274, -31.32394159251246, -3.1866210000268342, 0.8133642673492432,58.395864387030315, -166.56207607135983
000259.pid, person, 25.87076416015625, -22.566457176208495, -2.7687355518341064, 0.33445703983306885,123.62014670292837, 110.15379097134746
000259.pid, car, 19.918859974030525, -31.999098254788308, -3.102760468759844, 0.8582238554954529,59.37599903529113, -165.61011869314413
000260.pid, person, 25.893478711446125, -22.574622313181553, -2.8056797782580056, 0.3249187469482422,121.69557787287746, 107.5392795365661
000260.pid, car, 21.024987559164725, -30.025530169087073, -3.0462583341906146, 0.8773061037063599,57.163820421991055, -167.7769167349014
000261.pid, person, 22.29344711303711, -26.973071670532228, -3.2537892341613768, 0.3681049942970276,-114.43392514569999, -75.04780733058033
000261.pid, car, 20.072540601094563, -31.048813819885254, -3.111995800336202, 0.8680601716041565,57.69011978212808, -167.26052034821
000262.pid, person, 25.89418125152588, -22.57785876592, -2.805352111657461, 0.3191169202327728,124.83627530144119, -141.41299151526061
000262.pid, car, 20.0450257619222, -30.922589747111008, -3.0257899363835654, 0.8614639639854431,56.635101648918486, -168.31127871278937
000263.pid, person, 25.900302696228028, -22.614691543579102, -2.8092502832412727, 0.30755913257598877,130.23432794571133, -131.75240540089925
000263.pid, car, 20.788687562942506, -30.009858226776128, -3.0336249232292176, 0.8124094009399414,56.231575870069214, -168.73975034038133
000264.pid, person, 25.893165747324627, -22.59746964772542, -2.8257766962051396, 0.3680369257926941,128.8660666939515, -135.15937623967116
000264.pid, car, 19.943909486134846, -30.9523762067159, -3.0066650907198587, 0.8477236032485962,56.42588338569516, -168.5538190510418
000265.pid, person, 25.888260099622936, -22.62372250027126, -2.7862527900271954, 0.36397406458854675,131.45302336213393, -132.3090388316591
000265.pid, car, 19.629268391927084, -31.514712715148924, -3.0538105646769207, 0.8718358278274536,58.00656856875051, -167.0133807620624
000266.pid, person, 25.91574214054988, -22.6135809971736, -2.8289215197929973, 0.36639705300331116,126.59147607139172, -135.33419926557852
000266.pid, car, 19.382825268639458, -31.609217378828262, -3.1030008329285517, 0.850648045539856,57.460245415741376, -167.52453079661336
000267.pid, person, 25.894553502400715, -22.603182686699753, -2.7913505501217313, 0.3495563864707947,124.60426467839218, 110.07164060990159
000267.pid, car, 19.2495756149292, -31.76459473371506, -3.0247910320758815, 0.8589692115783691,57.69037002968063, -167.28456412083565
000268.pid, person, 25.897876580556233, -22.58736276626587, -2.7982285221417746, 0.3255833685398102,122.8727986603217, 109.91221617485398
000268.pid, car, 19.159347856961766, -31.8805290222168, -3.1741418728461634, 0.841660737991333,-90.79702023198752, 43.9496393063448
000269.pid, person, 25.773762385050457, -22.43265914916992, -2.6559212207794194, 0.31740447878837585,64.91340788338704, 55.94079442595331
000269.pid, car, 19.08281135559082, -31.858605748956855, -3.151577524705367, 0.8494987487792969,-96.81322848299871, -142.26724168294356
000270.pid, person, 25.75772132873535, -22.459371566772454, -2.6295962333679204, 0.3010166585445404,72.94857779346513, 55.82203683917069
000270.pid, car, 19.065592447916668, -31.578033083961127, -3.1744388398670016, 0.8920672535896301,-92.6683151221171, 41.915576793939714
000271.pid, person, 25.741452407836913, -22.454827499389644, -2.628452348709107, 0.30926695466041565,67.83514874200526, 66.88879373488824
000271.pid, car, 19.04693849736994, -31.962986096468843, -3.147645612196489, 0.8633394837379456,-92.51525509697856, 42.186785012998556
000272.pid, person, 25.77149550120036, -22.44031524658203, -2.6562002499898276, 0.31576061248779297,66.40295203184589, 64.00237648048471
000272.pid, car, 19.06492925371443, -31.839394487653465, -3.0991976840155466, 0.8395218253135681,-91.51637093989424, 43.07066226152415
000273.pid, person, 25.743698120117188, -22.449849319458004, -2.6283128738403327, 0.3118297755718231,67.69021774272676, 55.69335066571499
000273.pid, car, 19.090724710317758, -31.87333418039175, -3.105466971030602, 0.8181896209716797,-90.33776580148871, 44.38921533592279
000274.pid, person, 25.923463648015797, -22.59982299804687, -2.82610204003074, 0.36407777667045593,122.42377326622835, -75.2945409774207
000274.pid, car, 19.033969110517358, -31.973726244115117, -3.0759364989266467, 0.8318225741386414,90.45646587673559, -44.97323156297325
000275.pid, person, 25.888928572336834, -22.574571927388508, -2.807793398698171, 0.358215868473053,121.24670599165349, -73.8659102878587
000275.pid, car, 19.062772589214777, -31.982213327440164, -3.0513892052537304, 0.8329756855964661,85.71943330765706, 40.041831854551766
000276.pid, person, 25.90711736679077, -22.613743146260575, -2.8163384000460305, 0.3880024254322052,126.30155962417739, -133.3085197927573
000276.pid, car, 19.09228505926617, -31.96503917241501, -3.073365094298023, 0.8610246181488037,87.53559689903713, 42.152625502137774
000277.pid, person, 25.884361267089844, -22.604955673217773, -2.7630224525928497, 0.39284634590148926,134.28804363738465, -118.56316652653737
000277.pid, car, 19.009476436268198, -32.02625919688832, -3.0816222234205766, 0.8700582385063171,88.43103290199322, 43.007120606614045
000278.pid, person, 25.884343927556817, -22.60650426691228, -2.803625323555687, 0.394370973110199,130.65892288366734, -138.10332849165025
000278.pid, car, 19.10337274724787, -32.04790136163884, -3.0844776847145776, 0.7163200974464417,87.46147708511322, -137.74850016383385
000279.pid, person, 25.87364234924316, -22.55605106353759, -2.768202710151673, 0.3816787004470825,122.7193512300424, 110.62292623969078
000279.pid, car, 19.03446320564516, -32.0592684899607, -3.072180886422434, 0.8480868935585022,88.81949385543282, 43.46585770725715
000280.pid, person, 25.750449816385906, -22.463079770406086, -2.58936067422231, 0.36983630061149597,65.6366401026738, 46.56547775401378
000280.pid, car, 19.100401962012576, -32.046942593758565, -3.0804382750862525, 0.7444730997085571,85.94388276776705, -139.35983392961302
000281.pid, person, 25.751963806152343, -22.435502624511717, -2.628043222427369, 0.361176073551178,67.01851105211003, 42.93288058772648
000281.pid, car, 19.176608753204345, -32.066480445861814, -3.062389882405599, 0.8679804801940918,89.98841139330167, 44.93376896268155
000282.pid, person, 25.753872299194335, -22.462560272216784, -2.6295961380004895, 0.36418893933296204,72.96127678039248, 65.62167192439665
000282.pid, car, 19.18132165549458, -31.759848414987758, -3.12008395747862, 0.8346256017684937,87.3613497420101, 42.086901643714896
000283.pid, person, 25.758417510986327, -22.435380554199217, -2.6284152030944834, 0.3607196807861328,66.1909512401011, 39.843850746243845
000283.pid, car, 19.04181078860634, -31.94020940546404, -3.0396682588677657, 0.8908904790878296,91.65150628347106, -43.845680581756135
000284.pid, person, 25.737499618530272, -22.46300430297851, -2.628610515594483, 0.308205246925354,70.07364746423309, 65.01461866384018
000284.pid, car, 19.12070807704219, -31.63243834177653, -3.0508730146620007, 0.8212882876396179,84.98629976899423, -140.5059273089857
000285.pid, truck, 19.186633639865452, -31.528170585632324, -3.129777001010047, 0.30661189556121826,-90.83367142800813, 43.97261654621789
000285.pid, person, 22.289383316040038, -26.97408294677735, -3.256167936325073, 0.3549896776676178,-108.56407166889599, -69.13788469758626
000285.pid, car, 19.20884136358897, -31.716821750005092, -3.0486660301685333, 0.8845751881599426,68.56089108420949, -156.53284433056825
000286.pid, car, 19.123050958337917, -31.540726030376597, -3.07628075841447, 0.8862518072128296,86.2772016060235, -139.09355343799288
000287.pid, person, 19.348526954650882, -31.595968246459964, -2.6020242571830745, 0.32093679904937744,98.14954345354454, 55.05650300628448
000287.pid, car, 19.158960584610227, -31.238174953157944, -3.143927173008994, 0.8910403847694397,-90.3588210778526, 44.33342867275487
000288.pid, car, 19.104298667302206, -31.453324242243692, -3.115932411617703, 0.8834627866744995,89.92450750964971, 44.6956650071069
000289.pid, person, 19.334817477634974, -31.557613781520303, -2.6068459919520786, 0.39844703674316406,93.57311429593754, 50.276532607803155
000289.pid, car, 19.16682827289288, -31.071119308471683, -3.1005779266357423, 0.8622288107872009,-87.88972759427487, -43.35898678756292
000290.pid, person, 20.190815084120807, -30.17345551883474, -2.825598450268016, 0.4180949330329895,57.05600907070012, -168.29730812259072
000290.pid, car, 19.21961029208436, -31.24830475632026, -3.0251199955842933, 0.8604685664176941,67.73426439020606, -157.32209722849453
000291.pid, person, 19.356577682495118, -31.316175842285162, -2.6612189292907713, 0.4195249676704407,81.97864089117903, -141.9399258805976
000291.pid, car, 19.182278060913085, -30.790612125396727, -3.148853047688802, 0.8407732844352722,-90.49212687086954, 44.2966505627328
000292.pid, person, 19.529890562358656, -30.767166338468858, -2.830221878854852, 0.4421769678592682,-106.15694478148578, -69.21085520732665
000292.pid, car, 19.122066466534726, -30.582537760500053, -3.1557517833397037, 0.7863543629646301,-88.0087841324282, -43.576060542437276
000293.pid, person, 19.5061926474938, -30.6882438659668, -2.87893283367157, 0.45295166969299316,-106.62272225103864, -146.3709368126481
000293.pid, car, 19.16825983079813, -30.333600060414458, -3.133040403915664, 0.7884299755096436,-87.27118401757838, 47.47651904664565
000294.pid, person, 19.54031636638026, -30.61983139284196, -2.976278120471585, 0.5138089060783386,-103.68128869171301, -141.03105733498435
000294.pid, car, 19.214985696892988, -29.905272199396506, -3.17744771639506, 0.8484610319137573,-88.83884882953168, -44.41931462301166
000295.pid, person, 19.444296690133903, -30.82536359933707, -2.9059252463854275, 0.45778974890708923,72.93204754444497, -72.37615607258434
000295.pid, car, 19.193103154500324, -30.14992526725487, -3.1889094070152, 0.8176643252372742,91.93575150346221, -43.382076425289014
000296.pid, person, 19.500400161743165, -30.58074142456055, -2.91576922416687, 0.4723607897758484,-105.0277913642867, 107.53417029635037
000296.pid, car, 19.05187659567975, -29.583764055941963, -3.156502069310939, 0.7533543705940247,-85.56245844529423, 49.31006725968837
000297.pid, person, 19.478749708695847, -30.583498347889297, -2.9417695637905235, 0.5140847563743591,73.45996634622698, 101.27532067317162
000297.pid, car, 19.10288611820766, -29.741524696350098, -3.1434278079441618, 0.8505056500434875,90.31431681155479, -44.93665696740581
000298.pid, person, 19.549107971191408, -30.46296455383301, -2.9818571090698236, 0.553874671459198,72.99096782337008, -139.99368844746405
000298.pid, car, 19.08171672508365, -29.22326291193728, -3.138398717661373, 0.8684546947479248,93.34993206890118, 48.190303640696825
000299.pid, person, 19.54270720481873, -30.29302322864533, -2.9628040641546245, 0.4831841289997101,77.45883969766372, -128.990769901126
000299.pid, car, 19.138009314443554, -29.005435195623665, -3.1264871615989533, 0.8056860566139221,97.42243219257466, 52.73973562337047
000300.pid, person, 19.628204345703125, -29.991829554239914, -2.959632317225138, 0.4198644459247589,68.42276020640186, -70.66260735840766
000300.pid, car, 19.090605841742622, -28.643089415535098, -3.127230780465262, 0.8832393288612366,-86.25865813522093, 48.73731313210314
000301.pid, car, 19.10805455569563, -28.04051070377745, -3.139342558795008, 0.8952969908714294,-90.00335621828279, 44.77502159890801
000302.pid, car, 19.07247730537697, -27.785115030076767, -3.0902485803321555, 0.8442526459693909,-90.49263314384777, 44.48142411015165
000303.pid, person, 25.763673019409175, -22.4488971710205, -2.6294195175170905, 0.3045397400856018,74.79385727571237, 60.96226507410808
000303.pid, car, 19.1332989432595, -27.372054394808682, -3.0983331723646685, 0.7869885563850403,-92.9737013601002, 41.979095784682336
000304.pid, person, 25.908281673084606, -22.627198652787637, -2.822519865902988, 0.34480929374694824,129.19598918207234, -136.92052609701528
000304.pid, car, 19.17323896620009, -27.18176435541224, -3.066500359111362, 0.8642807006835938,-91.26541358635315, 43.82328916583382
000305.pid, person, 25.889371554056805, -22.579103469848633, -2.8084835012753806, 0.3376825749874115,120.46551327318586, -76.30929051756878
000305.pid, car, 19.113815307617188, -27.39977652938278, -3.005401677555508, 0.7711547017097473,-89.35330699918602, -44.480841735830715
000306.pid, person, 25.92279419532189, -22.643958311814522, -2.8443780495570263, 0.3208938241004944,128.1450204600484, -136.9029763960407
000306.pid, truck, 19.25942039489746, -26.701777153015133, -3.086085729598999, 0.30311429500579834,-89.69492692667892, -44.70776213995212
000306.pid, car, 19.25942039489746, -26.701777153015136, -3.086085729598999, 0.7008544206619263,-89.6949269266789, -44.70776213995212
000307.pid, person, 25.90228506234976, -22.620993247398964, -2.836752909880418, 0.33446311950683594,122.8424994932909, -127.52983583388331
000307.pid, car, 19.23111237870886, -26.353199208036383, -3.03135085105896, 0.7141960859298706,-92.0653843129341, -137.02708599540054
000308.pid, person, 25.90325530370076, -22.619321346282955, -2.818904300530752, 0.31846123933792114,126.09446900894262, -131.0037674560502
000308.pid, car, 19.38501552740733, -26.10491482416789, -3.0272410015265145, 0.7088854908943176,-93.49189461217439, -138.50047615262451
000309.pid, person, 20.207207419655536, -24.515305259011008, -3.1016993522644056, 0.4081030488014221,-80.44274775003404, 92.78557330338472
000309.pid, car, 19.48628718353981, -25.995223910309548, -2.9965202642041584, 0.6825530529022217,-94.33542490376836, -139.27784400718718
000310.pid, person, 20.22140031111868, -24.286159314607318, -3.0750861293391183, 0.42312243580818176,101.40551701352463, 57.079974401793066
000310.pid, car, 19.38974615584972, -25.740635051283725, -2.928399995315907, 0.7446283102035522,-94.72811335311347, -139.7064512706812
000311.pid, person, 20.267025076824684, -24.19697960563328, -3.0253875877546235, 0.4133951663970947,-81.18779623688928, 53.53331014904856
000311.pid, truck, 19.62583420493386, -25.32097669081255, -2.919411680915139, 0.3102496266365051,-99.4910925665213, -144.338383288821
000311.pid, car, 19.62583420493386, -25.320976690812543, -2.919411680915139, 0.8041791319847107,-99.49109256652127, -144.33838328882098
000312.pid, person, 20.293466431753977, -24.236095769064768, -2.9298876523971558, 0.42177149653434753,93.50241916341106, -46.00443266869239
000312.pid, car, 19.658240582080598, -25.06035411104243, -2.8898506824006427, 0.7750741243362427,77.22125748843962, -147.78013721139973
000313.pid, person, 20.29031377225309, -23.929625176094675, -2.9143904286461906, 0.3897591531276703,-88.35492309278177, -45.467122968763135
000313.pid, car, 19.641426673302284, -25.012940822503502, -2.944211427982037, 0.8037891387939453,-99.05708220409312, -143.905948405811
000314.pid, person, 20.330321521293826, -23.782889761575838, -2.8437565710486434, 0.397732675075531,84.17977604499059, -140.94236150525487
000314.pid, car, 19.806823387145997, -24.163115043640133, -2.844179644584656, 0.8366870880126953,75.37530321730662, -149.62753887542317
000315.pid, person, 20.348539300867028, -23.392811337032832, -2.8489742665677458, 0.3727901875972748,-93.24849245994078, 41.47733676883131
000315.pid, car, 20.03056013319227, -23.925250540839297, -2.897965982225206, 0.8313754200935364,72.61942625395345, -152.32855882003733
000316.pid, person, 20.481523919612805, -23.17323128720547, -2.8280204610621675, 0.37837114930152893,-96.93551464228153, -142.05177467351862
000316.pid, car, 20.176239854198393, -23.454340886261505, -2.8322959229097524, 0.8344867825508118,68.25873128690077, -156.80087311419263
000317.pid, person, 20.428193005648527, -23.002298485149037, -2.8379025784405796, 0.3824906349182129,83.97712461878807, -140.87344475551305
000317.pid, car, 20.311306033815658, -23.229331765856056, -2.8695926538535526, 0.8552484512329102,71.00530442101291, -153.8558544492509
000318.pid, person, 25.749398040771485, -22.439656066894525, -2.628108310699463, 0.35015004873275757,66.70464238280893, 43.26531797331248
000318.pid, car, 20.55512066741488, -22.653769194190183, -2.8519310737723735, 0.8371060490608215,-114.93600954954626, -159.9291719563512
000319.pid, person, 25.76447639465332, -22.424774169921868, -2.6282385349273683, 0.3331393003463745,65.34658587984715, 39.845559558245455
000319.pid, car, 20.73103452611852, -22.237144540857383, -2.8495957630651976, 0.8633905053138733,-107.10567671255622, -152.09351175712945
000320.pid, person, 25.755068969726562, -22.46361618041992, -2.6297077178955086, 0.33225327730178833,74.751045234945, 66.77018692888103
000320.pid, car, 21.028425384970273, -22.06871327231912, -2.8782181284006905, 0.8275747299194336,58.12107808398585, -166.81847928478822
000321.pid, person, 25.82391684395926, -22.598721640450606, -2.761051075799126, 0.3285554349422455,115.45206792814703, 105.06992484084441
000321.pid, car, 21.203966795508542, -21.672700483407542, -2.8646325887139166, 0.8541693687438965,66.74869531454058, -158.23857602795434
000322.pid, person, 25.871102246371183, -22.5820421739058, -2.7932508208534945, 0.32310131192207336,117.89417659134995, 106.3177592682384
000322.pid, car, 21.29041694950413, -21.58544048103126, -2.877689661206426, 0.8910907506942749,65.953155902777, -158.8591854054374
000323.pid, person, 25.884394278893105, -22.600960217989407, -2.7899552491995014, 0.33309537172317505,130.03625476047435, -121.93636076994504
000323.pid, car, 21.591011244675208, -21.167852072880184, -2.8719549836783576, 0.9075770974159241,57.48650864967244, -167.479386818365
000324.pid, person, 23.854142938341415, -19.802382128579275, -3.272117095334189, 0.4981320798397064,43.932664024133075, 179.47439361990965
000324.pid, car, 21.850193818410236, -20.857299736567903, -2.9086995039667403, 0.9032992720603943,56.15726637193034, -168.79022204894508
000325.pid, person, 24.29701885424162, -19.391557994641758, -3.3987891925008675, 0.5127632021903992,-125.37847916179021, -162.34922065757812
000325.pid, car, 22.124373861459585, -20.453193664550778, -2.928574290642372, 0.9119817614555359,58.9395955913059, -166.0908990930298
000326.pid, person, 24.361932901235726, -19.400202604440544, -3.194996036016024, 0.5319814085960388,51.650616334954066, -164.90276327088964
000326.pid, car, 22.476007533523273, -20.251978532323292, -2.9917881803692516, 0.9019318222999573,64.8093937578548, -160.22641512635317
000327.pid, person, 24.32749612707841, -19.46053088338752, -3.03766247473265, 0.510558545589447,49.639864497557326, -176.26192537104328
000327.pid, car, 22.725555599860424, -19.911850479413875, -3.0665382574189386, 0.9033836126327515,45.414730443405425, -92.04168911073118
000328.pid, person, 23.868659443325466, -21.59125423431397, -3.056431829929352, 0.4544340968132019,-107.4861331098884, -72.51411171853924
000328.pid, car, 23.08579919776138, -20.890970346878987, -2.9576404921862545, 0.8498404622077942,-99.38907352206849, -144.31911658485532
000329.pid, person, 24.04012147585551, -20.23392415046692, -2.939962579144372, 0.4678456485271454,-106.79844055020257, -69.8987342624281
000329.pid, car, 23.181962351645193, -20.402269763331255, -2.9574191570281982, 0.8789689540863037,-97.4773644394526, -142.42503284576523
000330.pid, person, 24.246174638921563, -20.96536415273493, -3.117657406763597, 0.5600248575210571,-109.2571063099935, -152.0915459397456
000330.pid, car, 23.979076757663634, -21.723832432816664, -2.922743890343643, 0.9184138178825378,-101.7706695863408, -146.7277661522601
000331.pid, person, 24.131649183190387, -21.826765599458113, -3.0445129664047905, 0.5544052124023438,-110.3771689699718, -155.42850740028936
000331.pid, car, 23.88708156492652, -22.27101395769817, -3.0100052996379576, 0.9193296432495117,-104.73942503047309, -149.5464813172828
000332.pid, person, 25.090980953640408, -19.52394443088107, -2.5078513622283944, 0.38629886507987976,-77.12772729280408, 58.28453719387421
000332.pid, car, 24.12864210666754, -22.113680668366257, -3.0188687948080215, 0.9257349967956543,-106.57390428342481, -151.2642753660771
000333.pid, person, 24.631125869750978, -21.096250000000005, -3.001398286819458, 0.4939501881599426,-112.36375250823696, -156.15153630216258
000333.pid, car, 24.649453249844637, -20.09161030162464, -2.959061514247548, 0.9173861145973206,-105.79294276688516, -150.55085778936885
000334.pid, person, 24.497006786112884, -21.93592005359883, -3.046840190887451, 0.47130391001701355,-113.19133528318005, -153.79059718295463
000334.pid, car, 25.655445098876953, -19.283335124745086, -3.102096838109634, 0.914444088935852,-86.47617434399396, 53.67655481892062
000335.pid, person, 24.41898714977762, -22.371645554252297, -3.1348320401233174, 0.5565410256385803,65.8506211083457, -82.73592992420777
000335.pid, car, 26.197063138408044, -19.40864532224593, -3.2817298135449815, 0.9078047871589661,-95.48627071306889, -58.51126195486475
000336.pid, person, 24.375149263654436, -22.69989869253976, -3.0329563890184676, 0.49808967113494873,64.94016452521265, -94.29911074905564
000336.pid, car, 26.59559624770592, -19.17492610010607, -3.149698783611429, 0.9079793691635132,-100.89854187565545, -145.92120020966848
000337.pid, person, 24.521797112056188, -22.84814834594727, -3.0693126150539944, 0.4685699939727783,62.91228106680098, -105.60652662090219
000337.pid, car, 26.766760795347153, -19.310618923556415, -3.0553179556323635, 0.9076524972915649,-104.80286904420515, -149.06527556014058
000338.pid, person, 23.760162024662414, -24.40637174145929, -3.0961431059344062, 0.5195992588996887,62.603363622033015, -108.9202682868853
000338.pid, car, 26.95351197169377, -19.759844046372628, -3.0664413708906912, 0.9016173481941223,-109.846074994402, -153.1254252697486
000339.pid, person, 23.75885181427002, -24.553035163879397, -3.0611334919929503, 0.549768328666687,61.50263386817122, -112.39212496370399
000339.pid, car, 27.165293106665978, -19.760492838346035, -3.0429178017836356, 0.9054702520370483,-113.75994049057323, -77.94760535093903
000340.pid, truck, 28.156502641950336, -19.377980586460662, -3.0161839825766426, 0.36754393577575684,-126.80861161148952, -170.41898401501092
000340.pid, person, 22.148403392118567, -27.51050438600428, -2.9861764557221355, 0.45501473546028137,82.70932146745363, -9.59518984233383
000340.pid, car, 27.34874741236369, -19.90848326683044, -3.1056485970815024, 0.9031780958175659,62.07131387672668, -93.04789490787829
000341.pid, person, 25.917471268597772, -22.59748761794146, -3.0050904049592866, 0.5877676606178284,115.55533469562526, 115.08536928295828
000341.pid, car, 27.52958869934082, -20.22637428283691, -3.0678982067108156, 0.9079672694206238,58.2478629182071, -162.5370837467
000342.pid, person, 22.15570848128375, -27.483105715583353, -2.9891906836453606, 0.5052154660224915,82.60552090521409, 108.66000625920603
000342.pid, car, 29.55073471069336, -17.92385692596435, -3.2205088853836066, 0.9096783399581909,-72.24511219992068, 141.500834827017
000343.pid, person, 22.139008435336027, -27.559127460826527, -2.8533928069201386, 0.47712329030036926,69.93995874436635, -19.372860415853935
000343.pid, car, 30.002497884962295, -17.972933239407006, -3.3301870822906494, 0.9132788777351379,113.63076311506215, 126.30558573144876
000344.pid, person, 25.89747698166791, -22.577636943143958, -3.0026370497310864, 0.5445780158042908,125.10399482323773, 116.86528910377463
000344.pid, car, 30.524562062443913, -17.9100835645521, -2.976948750985635, 0.8987246751785278,-60.13941788098466, 152.8596197038247
000345.pid, person, 25.868196038638843, -22.557318406946518, -3.041939104304594, 0.5825992226600647,107.42520673177417, 104.60784175454701
000345.pid, car, 31.08476659986708, -18.194256464640294, -3.339365826712715, 0.8922023773193359,124.15926131087072, -178.16774257904657
000346.pid, person, 25.90288724397358, -22.59077011911492, -3.014585545188502, 0.47933030128479004,104.00863514705914, 101.92829483279517
000346.pid, car, 31.289827346801754, -18.0225118001302, -3.3707715670267753, 0.8828452229499817,-85.40187183774674, 49.7681017214544
000347.pid, person, 25.87938944498698, -22.550561777750648, -2.995141235987346, 0.46359387040138245,102.25117475912873, 103.39273470570673
000347.pid, car, 29.94423583701805, -19.648889753553604, -2.8792141720100686, 0.7487120628356934,34.91106499706196, 170.256673967307
000348.pid, person, 25.86960518360138, -22.546815395355225, -2.987708672881127, 0.6511256694793701,-86.78247559641952, 93.42929664869395
000348.pid, car, 33.26996586240571, -17.72298918099239, -2.9288025806690086, 0.7067462205886841,18.622999163454505, -127.7527659726559
000349.pid, person, 25.8869081224714, -22.552554675510947, -3.0140236445835664, 0.553070068359375,115.05119998958833, 114.0879255219111
000349.pid, car, 33.79516147431873, -18.44518534342448, -2.9295373048101156, 0.7490536570549011,-71.6059260494034, 67.33556127985852
000350.pid, person, 22.169067700703938, -27.480222437116836, -2.9764035741488137, 0.5289701819419861,85.30148251991766, 107.74578875460328
000350.pid, car, 33.92204566623854, -17.605400251305618, -3.1664601408916977, 0.8145983219146729,43.76594848630386, -39.19610701774283
000351.pid, person, 22.18406476201238, -27.446168641786322, -3.0109250416626803, 0.4842635989189148,84.91854267914836, 108.95523250755004
000351.pid, car, 34.9178615916859, -18.474019570784133, -2.982167504050515, 0.8435861468315125,-70.75596780510578, 67.81681197908452
000352.pid, person, 22.186486196517944, -27.506301164627082, -2.9861234068870544, 0.5165574550628662,91.52407868900913, 153.45596217121732
000352.pid, car, 35.54705606188093, -17.960586275373185, -3.0034386004720415, 0.8719140291213989,11.787309061313087, -142.85023400277606
000353.pid, person, 22.236728521493767, -27.394643416771522, -2.9784791194475613, 0.5366761088371277,73.07010758651924, -22.623018039471816
000353.pid, car, 36.02114118848528, -17.945488316672186, -2.969878290380751, 0.8094533085823059,-155.91875495281798, -134.66874492270486
000354.pid, person, 25.89254199133979, -22.574917157491047, -2.96976908047994, 0.44859740138053894,117.39646551759628, 117.1038022169209
000354.pid, car, 36.5311861038208, -18.098210228814022, -3.1136188308397927, 0.7837724089622498,18.540291173547086, -136.28176459567203
000355.pid, person, 22.261878181906308, -27.405158772188077, -2.9524886327631332, 0.4993607699871063,83.30426982250808, -14.0687500185868
000355.pid, car, 37.0944611044491, -18.113087710212262, -3.1039906950557934, 0.7542924284934998,18.7566524576772, -139.5987885960373
000356.pid, person, 22.251358720991348, -27.393384244706894, -3.0178180601861744, 0.39183005690574646,92.31223376253676, 173.6283436077738
000356.pid, car, 37.31312642778669, -18.19777611323765, -3.0771171706063405, 0.788291871547699,48.42966686047903, -130.5677899650499
000357.pid, person, 25.88771120707194, -22.582794083489308, -3.0275113715065856, 0.4586968719959259,98.64008105937035, 96.40768660093754
000357.pid, car, 38.10424145785245, -21.04791866649281, -2.5682106180624533, 0.7566449046134949,-79.42962950925282, 63.56272557432056
000358.pid, person, 22.257988951927008, -27.361321382744368, -3.0673612882924632, 0.3633677661418915,93.51771640105295, 165.88442762074402
000358.pid, car, 38.49064497514205, -18.27241897583008, -3.1612601713700728, 0.7395079135894775,13.548085574959291, 163.57141571962262
000359.pid, person, 25.867872026231552, -22.56793318854438, -3.0463111930423312, 0.444999635219574,100.20870065677136, 96.76653871809148
000359.pid, car, 38.81852560776931, -18.377149875347435, -3.003061001117413, 0.7263911366462708,14.10289931206482, 156.26355043010494
000360.pid, person, 25.839244139821904, -22.585815429687496, -3.081195003107975, 0.4734033942222595,113.19460159870033, 106.69020212159788
000360.pid, car, 39.33933429718017, -18.416412162780762, -3.024131453037262, 0.6598945260047913,29.861557265364546, -119.92259177036982
000361.pid, person, 22.252286777939908, -27.40492492498354, -2.9805574749791344, 0.48509952425956726,93.73626387061674, 162.97361612021913
000361.pid, car, 39.600727989560085, -18.564279737926665, -3.107171342486427, 0.5825704336166382,-125.55254817896704, -110.29734439852221
000362.pid, car, 39.95567503429594, -18.650176093691872, -3.0720908414749872, 0.44940420985221863,55.951395631945935, -162.64202450380043
000362.pid, truck, 40.5194585890997, -18.65813218979608, -2.718864713396345, 0.3079335391521454,-14.955128342218822, 115.10735078737856
000362.pid, person, 22.236096715927125, -27.424773693084724, -3.0033470690250397, 0.47002553939819336,91.09838792372182, 123.16920525013369
000363.pid, person, 22.234602486214985, -27.338082057673763, -3.010016953072897, 0.5013182163238525,92.61863448810786, 174.99403267761772
000363.pid, car, 40.3788948059082, -18.57567012310028, -3.1909469068050385, 0.40077832341194153,47.45800120460004, 172.71004368300626
000364.pid, car, 40.71460547814002, -18.600416330190807, -3.090585635258601, 0.37934619188308716,-135.0519429837476, -154.43201510094218
000364.pid, person, 22.222092602704024, -27.350404584729993, -2.9851406522699304, 0.5485672354698181,91.02173376910788, 160.55982746821877
000365.pid, person, 22.22894859313965, -27.34734741846721, -2.9884553617901273, 0.6143521666526794,91.78808542480252, 172.26474005744606
000366.pid, person, 22.21665220994216, -27.267734429775146, -3.028296776306935, 0.5985579490661621,90.15925850036966, -67.60057189065718
000367.pid, car, 41.90185758802626, -19.16176414489746, -2.8025940656661987, 0.3703517019748688,-95.68977686228101, -69.65865215018312
000367.pid, person, 22.218703708133184, -27.27288235844793, -3.033056677998723, 0.5936634540557861,91.61710271909118, -65.7800491379351
000368.pid, car, 42.090527598063154, -19.355698521931966, -2.9866971174875894, 0.5398710370063782,86.13031477642485, -74.05977207427429
000368.pid, person, 22.194651285807293, -27.298421570748992, -3.0064309293573555, 0.4795873463153839,88.39383185932483, -29.92386604084434
000369.pid, person, 22.377714020865305, -26.966976983206617, -3.0233917321477617, 0.4146495461463928,59.48838111057954, -101.28273094977686
000369.pid, car, 41.556335830688475, -17.716067421436303, -2.7840594053268433, 0.4943942129611969,113.8628693217642, 112.96935184950736
000370.pid, car, 42.57610321044922, -19.801407337188714, -3.145502746105194, 0.44496017694473267,102.94431486321207, 159.8309310349702
000370.pid, person, 25.1418350537618, -22.834624052047726, -3.131732294956843, 0.5872711539268494,-104.26054123826948, 74.02494630674573
000371.pid, person, 25.049037742614747, -22.857873058319093, -3.3167327642440796, 0.3877832591533661,86.26987617746151, 81.90403704973413
000372.pid, car, 34.56445541381836, -3.92522616386413, -0.1358290460309947, 0.4506876766681671,139.4838395802801, 94.35098080703483
000372.pid, person, 23.172301090124883, -25.691875053174567, -3.1069670373743232, 0.45722419023513794,58.50431331155671, -118.43294605549848
000373.pid, person, 23.228806912899017, -25.474312186241153, -3.11813136190176, 0.4781327247619629,59.25508335812912, -117.1966465028518
000374.pid, person, 23.182850991525957, -25.464151751610544, -2.95247386347863, 0.4823499619960785,59.961674676681916, -113.114542189539
000375.pid, person, 23.415477853072318, -25.11418724060059, -3.05935894188128, 0.49531304836273193,-120.62730263808761, -124.60360888271683
000376.pid, person, 23.02549801932441, -25.580304834577774, -2.9645473029878406, 0.5764177441596985,62.18134561215761, -110.72990064671123
000377.pid, person, 23.103272560315254, -25.473136314978966, -2.977058856915205, 0.5389381051063538,63.57128874952968, -114.27714793341566
000378.pid, person, 24.199921989440917, -23.120662307739256, -2.785386347770691, 0.5270116329193115,162.88379135675635, -17.588790857658214
000379.pid, person, 23.169203244722805, -25.08004636030931, -2.832595779345586, 0.59572833776474,-114.27253068019476, -112.24647054356159
000380.pid, person, 22.973459202310313, -25.345502563144855, -2.9884168116942695, 0.5643873810768127,68.03625617065566, -105.50305888246376
000381.pid, person, 22.882738072821436, -25.43575745440544, -2.951073910327668, 0.5255767703056335,69.94276144448588, -103.14521567005039
000382.pid, person, 22.87040189596323, -25.355058339925918, -2.994389602771172, 0.6737691760063171,71.35454622874433, -107.04954477934126
000383.pid, person, 22.76903069694087, -25.412381694001972, -3.031276082092861, 0.6399416327476501,74.00000240060088, -103.46276811735638
000384.pid, person, 22.682316415960138, -25.52343947670677, -3.0050667806105182, 0.4384959042072296,76.26736331307421, -104.73816381919089
000385.pid, person, 22.610620683239354, -25.4284260349889, -3.0122337302853985, 0.748488187789917,78.92949823833953, -99.81174576406025
000386.pid, person, 22.49304299435373, -25.576761084087824, -2.982247724371441, 0.6240912079811096,82.46004824468544, -93.12346252158908
000387.pid, person, 22.44373518228531, -25.193484246730808, -2.922534082084894, 0.569275438785553,-94.77635338764382, -93.82656880222663
000388.pid, person, 22.34057679816858, -25.285531599130206, -2.942094938078923, 0.6343253254890442,-91.20575920800417, 86.74931501231288
000389.pid, person, 22.22077526365008, -25.45214336259025, -2.8991696579115733, 0.7030291557312012,92.0584718218937, -91.66509549383089
000390.pid, person, 22.18882292889534, -25.866919497226153, -2.940265904081629, 0.7135683298110962,95.31299588773909, -89.83351045964795
000391.pid, person, 21.7741530158303, -24.000724228945646, -2.9294675263491543, 0.6891071796417236,105.88268887441276, 106.69568790177998
000392.pid, person, 22.20096271688288, -26.482105125080462, -3.0038677779110996, 0.6451532244682312,102.46788578432624, -85.83795812449694
000393.pid, person, 21.862955995039506, -25.54871982227672, -2.92533207806674, 0.5199961066246033,-71.3876033727963, 117.35474693910571
000394.pid, person, 21.263757287002193, -24.304455175632388, -2.975733855875527, 0.6374512314796448,103.01888509043475, 106.60813276603612
000395.pid, person, 22.392225401742117, -27.035676683698387, -2.929351440497807, 0.47712329030036926,105.71418319475872, 108.13056276037157
000396.pid, person, 22.402953829084126, -26.94035328456334, -3.0184229237692697, 0.6782780885696411,106.8051865346059, -171.98366824732628
000397.pid, person, 22.45052319765091, -26.957659900188446, -2.9428184255957603, 0.7546459436416626,104.27938432935038, -161.3056520221969
000398.pid, person, 22.503272374471027, -26.98922145727909, -2.972947597503662, 0.7351405024528503,106.93995799985285, 155.111395091413
000399.pid, person, 20.34124183654785, -24.709107216368327, -2.9803000663189176, 0.7304843068122864,110.66049462476944, 114.62026629169596
000400.pid, person, 22.52650678479994, -26.92502248609388, -3.008660342242267, 0.6931299567222595,109.03980457350369, -137.8369563631369
000401.pid, person, 19.974403174027152, -24.88073299242103, -3.082079768180847, 0.7077526450157166,98.45324328563882, 97.87411764198185
000402.pid, person, 19.778760637555802, -24.96299981097786, -3.109102035055355, 0.7332993149757385,100.89258297071233, 101.4172023587849
000403.pid, person, 22.53508017783941, -26.83279077396837, -2.986017027566599, 0.714257538318634,112.60074830680887, -152.69953350757467
000404.pid, person, 19.4064767671668, -25.138553494992465, -3.190131285916204, 0.7517727017402649,87.66464356691662, 88.24915587134302
000405.pid, person, 19.212044443402974, -25.234653699965705, -3.1855532441820418, 0.7533202171325684,99.63247004831044, 99.17727161325692
000406.pid, person, 22.53456859588623, -26.662088489532472, -3.1047334372997284, 0.6788555383682251,123.53202512753847, -107.16595196356555
000407.pid, person, 18.83089504685513, -25.390675078990853, -3.104157713956611, 0.7569750547409058,115.23325327686186, 115.68799273146028
000408.pid, person, 18.62503938674927, -25.434265565872195, -3.078688883781433, 0.7718872427940369,-68.92547310425547, 115.14612343252516
000409.pid, person, 22.5458984375, -26.58351371162816, -3.001895446526377, 0.7414005994796753,132.90115834135256, 53.91296099434461
000410.pid, person, 18.25267392938787, -25.620800076108992, -3.220134987975612, 0.7345622181892395,112.85648901354446, 113.45477634423744
000411.pid, person, 22.58811989697543, -26.540654485875915, -3.10282179442319, 0.6666892170906067,143.03105849154116, -41.01330007336628
000412.pid, person, 17.84440173524799, -25.786200552275687, -3.239074439713449, 0.7401764988899231,113.32599532527433, 113.24058472298859
000413.pid, person, 17.668568661338405, -25.895919749611302, -3.24479930024398, 0.7543026208877563,113.19215789287749, 112.3634767885837
000414.pid, person, 17.43199583200308, -25.965538611778847, -3.176136016845703, 0.6888228058815002,106.90029781849798, 107.75724697917755
000415.pid, person, 17.242595475295495, -26.029293586467876, -3.122815987159466, 0.692337155342102,107.7212535854279, 109.66149406098192
000416.pid, person, 17.058691533406577, -26.081443786621097, -3.095970861117045, 0.7180123925209045,105.345581276413, 106.20375866121638
000417.pid, person, 22.583475828170776, -26.284456396102904, -3.140901470184326, 0.6400006413459778,171.6036147172781, 10.332092057273686
000418.pid, motorcycle, 22.622440260283803, -26.27131166263502, -3.1162596722038423, 0.3141395151615143,173.3711624811295, 9.953263158207639
000418.pid, person, 22.622440260283803, -26.27131166263503, -3.1162596722038423, 0.5462416410446167,173.37116248112952, 9.95326315820715
000419.pid, person, 22.616195394637735, -26.24365392644355, -3.111938679471929, 0.537729024887085,176.29350193064533, 1.7737496638677965
000420.pid, person, 22.671977996826172, -26.23280171650212, -3.0846349785967573, 0.4467897117137909,175.4363340108688, -3.408168115394495
000421.pid, person, 16.07603883743286, -26.407599189064726, -3.227351101962003, 0.6487835645675659,133.5448679172608, 113.74352301962361
000422.pid, person, 15.908283324468703, -26.46308762686593, -3.2611256440480556, 0.6251213550567627,123.33846889161109, 123.40011898890144
000423.pid, person, 15.733053060678335, -26.512368128849914, -3.1994896852053127, 0.5882200002670288,-97.39737832735484, 78.49142932912045
000424.pid, motorcycle, 22.605333120172673, -26.135626012628723, -3.0413400433280255, 0.3313799500465393,-163.5798707920094, -163.4200119896374
000424.pid, person, 22.605333120172673, -26.135626012628734, -3.041340043328025, 0.6172996163368225,-163.57987079200927, -163.42001198963732
000425.pid, person, 22.588278206027283, -26.12363262565768, -3.040161346902653, 0.6449505090713501,-159.53947239564945, 30.085468844653953
000426.pid, person, 22.504459810256957, -26.094073629379267, -3.068791198730469, 0.7150601148605347,-156.06406830481765, 43.786223954671215
000427.pid, person, 15.082725011385403, -26.728609085083004, -3.3289006306574893, 0.6870958209037781,-112.03501316942578, 73.08761966425479
000428.pid, person, 14.942536771297455, -26.724537014961243, -3.2484098374843597, 0.6193566918373108,-116.7797466447911, 65.80685999790222
000429.pid, person, 14.804162204265596, -26.81747698783875, -3.32772995531559, 0.6531739234924316,-112.81497522660527, 67.04506675205575
000430.pid, motorcycle, 22.390531906714806, -26.048284787398114, -3.009252378573785, 0.3047226667404175,-145.4070873802033, -142.8854051470155
000430.pid, person, 14.674338698387148, -26.853132963180546, -3.2977092266082764, 0.7323035597801208,138.77491276550748, -33.30376578884615
000431.pid, person, 14.6089369228908, -26.900817189897815, -3.283083030155727, 0.5395143628120422,143.85895104375956, 53.28659626731465
000432.pid, person, 22.347171222462375, -25.969782586191215, -3.0523057685178867, 0.6318422555923462,-138.55864814140293, -135.60277377186227
000433.pid, person, 14.389454228537426, -26.950479916163857, -3.352114745548793, 0.6250594854354858,155.97948799461062, 63.744417878642544
000434.pid, person, 22.252653785373855, -25.919869174127992, -3.0643773234408833, 0.7466449737548828,-132.44175583740233, -128.91712339623385
000435.pid, person, 22.225553551498724, -25.934711495224306, -3.048660862202547, 0.7281493544578552,-129.6172554668634, -126.64994431513128
000436.pid, person, 22.231268684069317, -25.879038413365688, -3.032529835899671, 0.7347801923751831,-126.17996438339043, 57.36843579042036
000437.pid, person, 22.214397093828985, -25.89767216701134, -3.024358211779127, 0.7579137086868286,-125.06170187020291, 59.468469655432784
000438.pid, person, 22.173664404421437, -25.930708203996936, -3.038949046816145, 0.7704702615737915,-127.20858594230653, -121.57471987468463
000439.pid, person, 22.192859217805683, -25.958202074158866, -3.02957573026981, 0.6981075406074524,-125.38347109986333, -120.42127601516883
000440.pid, person, 22.215663449517614, -25.96374686010953, -3.000078727459085, 0.7015655636787415,-122.98127182477548, 59.24459911812371
000441.pid, person, 13.718103495511144, -27.11488983847879, -3.4227978749708696, 0.7533301115036011,-46.8293076484946, 129.50451552742854
000442.pid, person, 13.659206477078527, -27.122392827814277, -3.3723371679132637, 0.7546398043632507,-62.83554051656773, 94.03635019816635
000443.pid, person, 13.628183364868166, -27.157535764906143, -3.3280239635043674, 0.7065455913543701,99.47103755354172, 91.61383362390512
000444.pid, person, 22.157552083333332, -26.07480905767073, -2.99051264712685, 0.7720361351966858,-120.6283914265941, 65.86696108606638
000445.pid, person, 22.15274165226863, -26.11434646753165, -3.0226109073712277, 0.7686761617660522,-118.82467421330448, 65.68167561590073
000446.pid, person, 22.133565074992628, -26.12806187035903, -3.045484439382013, 0.7703889608383179,-118.54970669099623, 64.68177788832753
000447.pid, person, 13.6026562054952, -27.189100742340088, -3.425108889738718, 0.7313186526298523,96.20763234684884, 93.9830243814904
000448.pid, person, 13.607667749578303, -27.189799915660515, -3.3877199346368965, 0.7672028541564941,92.05942492790561, 94.43845465195517
000449.pid, person, 13.617889213562014, -27.155027198791508, -3.385698366165161, 0.7579841613769531,91.49791671474665, 94.3333918650666
000450.pid, person, 22.059132984706334, -26.220148903982984, -3.063115222113473, 0.6823740005493164,-106.71812074348931, 72.93559117422683
000451.pid, person, 13.596345159742567, -27.16604550679525, -3.333110597398546, 0.6430231928825378,88.87436141674884, -86.2352978520825
000452.pid, person, 13.613605976104736, -27.15521637598674, -3.3839787244796753, 0.630659818649292,102.19973427319493, 99.8931596337826
000453.pid, person, 13.60676717758179, -27.169170761108404, -3.343057060241699, 0.7397659420967102,120.0639627805778, 86.38432209974066
000454.pid, person, 13.629250746506914, -27.140091235821068, -3.3149407643538256, 0.7548852562904358,88.06400126294581, 62.568224486489044
000455.pid, person, 21.976506013136643, -26.279928464155937, -3.031902010624225, 0.7442744970321655,-97.48853644191298, 82.6953142461801
000456.pid, person, 13.630136066012914, -27.163790596856014, -3.341595861646864, 0.7404502630233765,112.96762599109063, 120.48334467498373
000457.pid, person, 13.591810607910157, -27.20669212341309, -3.3895812273025507, 0.7574478387832642,85.82689764435572, 86.04868018847598
000458.pid, person, 13.59919513355602, -27.18373662775213, -3.4319410107352515, 0.7290810346603394,85.23380602236492, 87.04588733310798
000459.pid, person, 13.605961973016916, -27.20145416259766, -3.3873772621154785, 0.7080817818641663,92.49379594165265, 94.30255337736371
000460.pid, person, 22.002871563560085, -26.36290546885708, -3.0284860677886427, 0.776896059513092,-98.14696885541038, 82.91421985144329
000461.pid, person, 13.608463668823243, -27.188240432739256, -3.388015866279602, 0.7066266536712646,89.99862911180418, 90.40197474018856
000462.pid, person, 22.010821864290058, -26.35341403169452, -2.9802852306725844, 0.6820966601371765,-95.54943467926515, 85.02339191660005
000463.pid, person, 22.0258503981999, -26.365294694900513, -3.0089640063898906, 0.6790635585784912,-99.04066125496888, 80.95346908851427
000464.pid, person, 13.613743955438787, -27.170584418556913, -3.431485891342163, 0.611013650894165,126.48075298243361, 117.22032644120459
000465.pid, person, 13.57248582839966, -27.162761116027838, -3.3843777656555174, 0.6833048462867737,105.69786261357196, 85.82120030203095
000466.pid, person, 22.027547558871184, -26.391219433871186, -3.025368998267434, 0.5839084982872009,-100.1254343119503, 79.63367574723723
000467.pid, person, 13.625476413302954, -27.161956363254127, -3.342412312825521, 0.7561160922050476,115.40630116416753, 122.34778004991965
000468.pid, person, 13.591949653625491, -27.18812637329102, -3.3884562253952026, 0.7817649245262146,83.83554978840684, 84.13775104359965
000469.pid, person, 13.59971380233765, -27.180395507812506, -3.387337923049926, 0.7714806795120239,93.77409346598832, 93.51787334618433
000470.pid, person, 13.657196385519848, -27.14736107417516, -3.287504179137094, 0.7444794774055481,92.65432328237785, 95.5216081033494
000471.pid, person, 13.588283972306685, -27.18823519620029, -3.431804288517345, 0.7632738947868347,79.68640592681754, 78.56567693448451
000472.pid, person, 13.655684991316361, -27.17016705599698, -3.3377223014831543, 0.7426781058311462,98.79560358274762, 94.87264914161915
000473.pid, person, 22.02302383164228, -26.383449360475705, -2.9864427113937118, 0.7212708592414856,-102.97921064821155, 74.128559647542
000474.pid, person, 13.594817352294921, -27.150671005249023, -3.383587908744812, 0.7125570774078369,102.94291189162716, 98.20054820412862
000475.pid, person, 13.600760618845621, -27.18474626541138, -3.425937751928965, 0.7312403321266174,105.24919481953445, 106.46718517052864
000476.pid, person, 13.591413879394532, -27.156047248840338, -3.383853054046631, 0.6502823829650879,100.09935974500063, 91.62017135903858
000477.pid, person, 13.604641220786355, -27.161838704889472, -3.3826564875516025, 0.5072367787361145,107.41809869469303, 101.36903845504138
000478.pid, person, 13.600018310546877, -27.14641838073731, -3.383285164833069, 0.7222082614898682,101.6343906267383, 97.24119710439537
000479.pid, person, 13.648532485961917, -27.159621238708503, -3.3990723371505736, 0.7253662347793579,105.80507036077633, 83.28207027703775
000480.pid, person, 13.61103572845459, -27.133215141296393, -3.337808179855346, 0.6830816864967346,89.4535480588686, -82.40790380716072
000481.pid, person, 13.662742190890844, -27.20163790384929, -3.348202334509955, 0.6915817260742188,106.60767005353827, 88.95610629249913
000482.pid, person, 13.608980655670166, -27.165901947021485, -3.3869576930999754, 0.6852602362632751,94.19705931892055, 93.96246576325723
000483.pid, person, 13.627976576487226, -27.182871818542484, -3.4372108379999795, 0.6748245358467102,86.73683368890458, 87.28409054355376
000484.pid, person, 13.610001945495608, -27.161576080322266, -3.385773277282715, 0.7738251090049744,97.1064231545036, 97.08971555811308
000485.pid, person, 13.6169826719496, -27.18767738342285, -3.458991289138794, 0.7722349762916565,94.27949978422963, 80.30632643263645
000486.pid, person, 13.60671195983887, -27.202996253967292, -3.3900873184204103, 0.7046532034873962,90.46793517292343, -89.0482584317467
000487.pid, person, 13.662236372629804, -27.181872685750324, -3.342269539833069, 0.6874873042106628,105.27634180548135, 98.34167638946352
000488.pid, person, 13.620155811309818, -27.1986997127533, -3.345108240842819, 0.5912269949913025,85.18359157570241, 91.36038845714425
000489.pid, person, 13.626965236663818, -27.179415321350103, -3.337239170074463, 0.5833582878112793,96.46465743343927, 101.77148511032699
000490.pid, person, 22.028475595557172, -26.903477502905805, -2.988868148430534, 0.5892228484153748,144.3622554655623, 149.5377739623074
000491.pid, person, 22.0434972801987, -26.94182617810308, -2.973303809457896, 0.6374618411064148,143.66184299316348, 149.9259884838267
000492.pid, person, 13.653162442720856, -27.13277552678035, -3.319912305245033, 0.6312377452850342,97.1041115708739, -105.79193623897852
000493.pid, person, 13.627918720245365, -27.16786670684815, -3.3352673768997194, 0.608090877532959,102.11300363267654, 108.53948026114055
000494.pid, person, 13.599726041158043, -27.17415915595161, -3.333732393052843, 0.7087094187736511,88.82825220272072, -85.33813604410332
000495.pid, person, 13.646882329668319, -27.15441131591797, -3.4137207439967563, 0.7655003070831299,105.84217013537298, 110.57196882574593
000496.pid, person, 13.64588832855225, -27.170086479187017, -3.2946202754974365, 0.731156587600708,96.5059240221967, 95.1829349994519
000497.pid, person, 13.608801841735842, -27.164538913302955, -3.3338575098249645, 0.7397555112838745,93.16122905207249, 98.53134259875851
000498.pid, person, 13.658535090359777, -27.166078220714223, -3.3984965194355357, 0.728600263595581,109.54339135647342, 106.68164922268511
000499.pid, person, 13.6393328666687, -27.176638984680174, -3.389139699935913, 0.7173506617546082,95.08282193012549, 93.18618887235822
000500.pid, person, 13.602487881978355, -27.1952739291721, -3.3366253111097546, 0.6752694845199585,91.8946439787753, 96.91486440908866
000501.pid, person, 13.610278977288141, -27.167180379231773, -3.3328244421217175, 0.6312316656112671,96.40953609686936, 102.08282440962545
000502.pid, person, 22.012557937985374, -27.31361252920969, -2.961914749372573, 0.596259355545044,141.63204269359656, -43.884930884702925
000503.pid, person, 22.004485889356964, -27.341179166521346, -2.9117343815005556, 0.5529675483703613,145.40548962658994, -43.11088585959371
000504.pid, person, 13.62198762893677, -27.167946052551276, -3.336724948883056, 0.6282311081886292,100.61313398827116, 106.83537636388715
000505.pid, person, 13.644131130642362, -27.16773351033529, -3.3349177042643228, 0.5924264192581177,94.96847559662022, 97.271785019908
000506.pid, person, 13.633110364278158, -27.178883870442707, -3.3452473481496177, 0.6428521871566772,108.59127421288301, 109.81476218723121
000507.pid, person, 13.609426816304527, -27.15824529859755, -3.3324523501925993, 0.6900171637535095,98.14085145988808, 103.40783613612986
000508.pid, person, 13.61587152481079, -27.20894622802735, -3.3406477451324457, 0.7066043019294739,89.11456835358103, 94.66052084939773
000509.pid, person, 13.629135799407962, -27.154446792602545, -3.334825301170349, 0.7138317227363586,102.4015575994515, 107.74351619732495
000510.pid, person, 13.650736729303999, -27.168557643890384, -3.3408713340759277, 0.7019072771072388,94.58344535187425, 89.76460615786948
000511.pid, person, 13.650748040941028, -27.169636832343215, -3.458372328016493, 0.6905204653739929,101.8136230486832, 96.17410294394593
000512.pid, person, 13.619979190826417, -27.198046684265137, -3.3395149230957033, 0.6592945456504822,91.61827523736369, 96.84469210992322
000513.pid, person, 13.611226293775772, -27.152948167588978, -3.332115279303656, 0.6834777593612671,97.42974976400747, 102.66745169378702
000514.pid, person, 13.637956725226509, -27.17356067233616, -3.3444638517167835, 0.5638134479522705,106.36732266732245, 108.61429363637325
000515.pid, person, 13.633038087324666, -27.146183013916016, -3.3868049925023858, 0.6197802424430847,91.66213489315889, 89.75057738217299
000516.pid, person, 13.62499465942383, -27.170329093933113, -3.336594748497009, 0.5330852270126343,99.54945599204584, 105.32349207917007
000517.pid, person, 13.58971154689789, -27.16206645965576, -3.329756438732147, 0.5726603269577026,90.75838289290772, 95.07897424964588
000518.pid, person, 13.620274543762209, -27.16218495368958, -3.3413770496845245, 0.5686323046684265,98.45762438835564, 101.12079261257003
000519.pid, person, 13.609930992126465, -27.17236137390137, -3.3337278366088867, 0.5786546468734741,94.62580353932711, 100.16646434215906
000520.pid, person, 13.635485172271729, -27.174120140075683, -3.388208746910095, 0.6792872548103333,97.22808131826304, 93.61881114833172
000521.pid, person, 13.618229103088378, -27.189720344543463, -3.33870906829834, 0.6589901447296143,94.53433069305694, 99.87867269187576
000522.pid, person, 13.649045414394804, -27.16177961561415, -3.2860366768307157, 0.6523708701133728,101.82920465911106, 94.78398752456481
000523.pid, person, 13.605323367648658, -27.19477314419217, -3.3357173336876764, 0.6691051125526428,93.06169567854063, 97.73756584719233
000524.pid, person, 13.613982105255127, -27.14691886901856, -3.339790534973144, 0.632867693901062,86.50067971739932, 93.5620799380353
000525.pid, person, 13.625022411346439, -27.182042121887207, -3.337116551399231, 0.5772122740745544,97.22278713465514, 102.814461348282
000526.pid, person, 13.620000553131106, -27.117573547363282, -3.3367412805557253, 0.6322023272514343,94.13183999397323, 100.92763410539114
000527.pid, person, 13.620115876197818, -27.16725087165833, -3.342069774866104, 0.6141258478164673,102.97966850988894, 103.975417665016
000528.pid, person, 13.61085033416748, -27.154374652438698, -3.3323858314090304, 0.540184736251831,99.58247578220548, 105.39083558224728
000529.pid, person, 13.606719122992622, -27.187079111735027, -3.335232655207316, 0.5806421041488647,90.71165918340596, 96.33167044959016
000530.pid, person, 13.649427032470703, -27.146158981323243, -3.283746576309204, 0.5814255475997925,92.25551724894326, 89.44382976856855
000531.pid, person, 13.636276880900066, -27.179641299777565, -3.344480885399712, 0.5867398977279663,109.47147956789308, 110.79473835916134
000532.pid, person, 13.6101803249783, -27.191672431098095, -3.3349496523539224, 0.6195783615112305,92.59282685778645, 97.66083546169126
000533.pid, person, 13.610735151502823, -27.154666052924266, -3.3322540918986, 0.6480547785758972,96.99108542184071, 102.45355965143533
000534.pid, person, 13.640643477439882, -27.166921854019165, -3.472485989332199, 0.7142737507820129,106.84746127637547, 106.00213618721361
000535.pid, person, 13.630005229603164, -27.14554353193804, -3.3404132452878077, 0.6875449419021606,94.95540165895322, 102.13776404542344
000536.pid, person, 13.626251740889115, -27.162135037508882, -3.342914169484919, 0.5169839859008789,86.59926676549888, 94.52798390195355
000537.pid, person, 13.6343811750412, -27.15711236000061, -3.412367135286331, 0.4390464723110199,93.67807051025176, 93.56093047902968
000538.pid, person, 13.613584730360245, -27.144230524698898, -3.3311188750796847, 0.3758769929409027,98.95308697029971, 104.99622139075184
000539.pid, person, 13.633788744608564, -27.178485446506084, -3.3451441129048662, 0.4125468134880066,105.56631850034387, 106.86977546717218
000540.pid, person, 13.630122444846416, -27.160276586359203, -3.340937441045588, 0.5478883385658264,95.3604038367693, 103.60665065146813
000541.pid, person, 13.661558758128773, -27.181387814608488, -3.4418125586076216, 0.49045035243034363,101.6055115597564, 91.70572840173591
000542.pid, person, 13.611320707533094, -27.157227834065758, -3.332473463482327, 0.5738259553909302,95.77030913330893, 100.95522875696372
000543.pid, person, 13.645603921678333, -27.17203013102214, -3.4585665861765538, 0.547126054763794,99.49822454031641, 91.81767417682859
000544.pid, person, 13.623006387190388, -27.16673209450462, -3.343082124536687, 0.6139249801635742,89.54045674805005, -83.3183686160463
000545.pid, person, 13.61075676812066, -27.15624237060547, -3.332558790842692, 0.6826114654541016,95.87944021547949, 101.28635176657028
000546.pid, person, 13.620617985725405, -27.185466527938843, -3.3429966270923615, 0.6688019633293152,92.8354938593003, 97.15078320944936
000547.pid, person, 13.616925430297854, -27.143430519104005, -3.337797689437866, 0.6843580603599548,94.39870320639263, 101.07572907235227
000548.pid, person, 13.639219188690188, -27.165958404541016, -3.3377294540405273, 0.6672560572624207,94.87295734313014, 98.12497060702604
000549.pid, person, 13.635853494916645, -27.171580450875418, -3.4145175388881137, 0.6607778072357178,97.12054419637923, 97.03519389577635
000550.pid, person, 13.623174953460694, -27.167486763000493, -3.336711955070496, 0.6517953872680664,97.75935883345085, 103.98552413582222
000551.pid, person, 13.63800769382053, -27.185966491699222, -3.3444403542412653, 0.6382009983062744,108.68038737716827, 110.40150848560906
000552.pid, person, 13.611101831708638, -27.156643458775115, -3.337802376065935, 0.6302651166915894,91.3951394335859, 94.52268086949488
000553.pid, person, 13.624713516235355, -27.17479763031006, -3.336494565010071, 0.6427379250526428,101.17617701970464, 107.18397194773948
000554.pid, person, 13.608284314473472, -27.16869163513184, -3.3331961631774902, 0.7196481823921204,96.38529233434899, 102.60362947793703
000555.pid, person, 13.616232204437258, -27.19106407165528, -3.3393351554870607, 0.7398179769515991,95.16864590315703, 100.2409337901914
000556.pid, person, 13.656759071350098, -27.16423778533936, -3.285118508338928, 0.660397469997406,100.49032649999285, 97.94848969996956
