000032.pid, person, 13.363447262690615, -28.819192299476033, -3.430087382976826, 0.3042568266391754,168.4740356371212, 123.67031235035087
000033.pid, person, 13.401362125690168, -28.830471625694866, -3.4849968506739684, 0.39123693108558655,161.13257661627657, -11.972048436211336
000034.pid, person, 13.365825579716606, -28.784109262319706, -3.43239476130559, 0.3336927592754364,164.31621631613584, 119.71790509759147
000035.pid, person, 13.337072168077743, -28.776362146650047, -3.403708185468401, 0.42809972167015076,169.11103615019712, -143.95918507050814
000036.pid, person, 13.352894337972005, -28.75082422892253, -3.4394799868265786, 0.41930803656578064,151.66494677759624, 106.89195919474469
000037.pid, person, 13.343821378854607, -28.73373207679162, -3.432580305979802, 0.4448067247867584,155.784792675812, 111.29085862863523
000038.pid, person, 13.300227101643879, -28.654826354980464, -3.4387954552968347, 0.3552110195159912,169.53479594685518, -144.52050018844832
000039.pid, person, 13.296464622020723, -28.6269223690033, -3.44279283285141, 0.36940062046051025,157.44285516045315, 113.83519575056775
000040.pid, person, 13.265415700276694, -28.658264541625975, -3.513569370905558, 0.42073681950569153,179.73972178128324, -16.709759164286158
000041.pid, person, 13.299890224750225, -28.625469354482792, -3.5964131171886744, 0.39839693903923035,164.8489604701737, -48.35777844663295
000042.pid, person, 13.306092330387658, -28.59293011256626, -3.5850838082177305, 0.47171691060066223,-179.26045639906988, 172.96673414129873
000043.pid, person, 13.282883307513067, -28.57445122213924, -3.551630553077249, 0.42988061904907227,-158.4559661721406, -167.6334329401302
000044.pid, person, 13.302881050109864, -28.51358210245768, -3.5654885927836104, 0.46607935428619385,175.36728453829292, -48.37337477785192
000045.pid, car, 11.419220050175985, -2.2964110573132825, -3.54502272605896, 0.3309839367866516,86.83762301774806, -79.81902050494381
000045.pid, person, 11.387096405029292, -2.6839336554209297, -3.5098982652028408, 0.34716057777404785,135.08344150611995, 99.65353030413718
000046.pid, person, 11.382661501566565, -2.688563664754223, -3.515939315160116, 0.3371511697769165,158.81931635458258, 102.91160894513565
000047.pid, person, 13.32870848038617, -28.42195510864257, -3.5835090244517613, 0.34948796033859253,152.75443370175466, -23.215700280669402
000048.pid, person, 11.422686894734696, -2.6913174788157055, -3.2852250734965005, 0.4202409088611603,-105.95419071820154, -150.05817656512295
000049.pid, person, 13.356021949223111, -28.392175538199293, -3.615498730114528, 0.3804851472377777,152.65694768627083, -18.74902499294056
000050.pid, person, 13.291003740750828, -28.363624132596534, -3.4808768859276404, 0.31981074810028076,166.85260183419965, 80.17100432760262
000051.pid, person, 11.421219110488888, -2.59390026330947, -3.599579215049744, 0.33335772156715393,69.99491413644338, 40.76372936858163
000054.pid, person, 13.272693475087486, -28.22706508636475, -3.5209197799364724, 0.3231852352619171,166.82743956922417, -62.807209990562946
000057.pid, person, 11.42186578114827, -2.7059729099273597, -3.2859439055124917, 0.322714239358902,-90.08153349718411, 46.45832342335664
000058.pid, person, 13.303064686911444, -28.13978004455566, -3.6077028002057765, 0.3721715807914734,173.27761515209824, 12.754471888365252
000059.pid, person, 13.352568558284213, -28.11956487383161, -3.562706453459604, 0.30852746963500977,164.1143581157672, -6.763143872032933
000062.pid, person, 13.40537362940171, -28.03819319781135, -3.5720216807197125, 0.33190733194351196,100.0988637817725, 96.56117456483297
000063.pid, person, 13.361285765965777, -28.001178423563633, -3.521785179773967, 0.38020196557044983,115.74695475861732, -23.704209735714986
000066.pid, person, 13.304663045065741, -27.92095225197928, -3.538481269563948, 0.3677184581756592,-69.37599694964, 46.04812820021397
000067.pid, person, 13.339555604117256, -27.896309035164965, -3.5801758255277365, 0.3231668770313263,136.05764724429284, -2.94521522111759
000068.pid, person, 13.346741104125977, -27.89164110819498, -3.6169351895650226, 0.3772229254245758,126.12232058657406, 9.414992359667677
000069.pid, person, 13.322084784507751, -27.849450945854183, -3.583323940634728, 0.3805352449417114,173.03032100591284, 28.22887881758138
000070.pid, person, 13.324084208561827, -27.781955278836765, -3.5225436870868387, 0.3269076943397522,173.56280258948928, -3.215929749015368
000071.pid, person, 13.354931116104126, -27.77146577835083, -3.51090673605601, 0.30036431550979614,147.39427930057454, -37.80391357383675
000074.pid, person, 13.408699428333954, -27.685629339779123, -3.551318168640137, 0.3099075257778168,135.550314741347, -41.527006654726186
000074.pid, bicycle, 11.381173769632971, -2.695336262385041, -3.514544645945231, 0.345737487077713,147.800724619773, 96.72107780616601
000074.pid, car, 11.414955425262452, -2.3027285218238824, -3.6198872089385987, 0.3526552617549896,79.35091850008187, 159.72923743850706
000075.pid, person, 13.373483300209044, -27.68450057506561, -3.5370762795209885, 0.34884268045425415,124.05999028674627, 126.60533693963836
000075.pid, car, 11.424988905588785, -2.2572118441263833, -3.5362385312716165, 0.3674097955226898,82.67040474935983, 97.09870234774834
000076.pid, car, 11.39447777087872, -2.3008058529633746, -3.5116009895618143, 0.3821158707141876,84.45609176539791, 90.60976138792368
000078.pid, person, 13.389941978454589, -27.602851486206053, -3.533885828653972, 0.33393365144729614,125.89975021309834, -41.768675570287144
000079.pid, person, 13.3803918838501, -27.571454747517908, -3.537911828358968, 0.39829835295677185,136.93914505475033, -34.25828404180035
000080.pid, person, 13.330475194113598, -27.527921949114123, -3.477159755570548, 0.5767202973365784,-41.57501466884653, -36.14636685492001
000081.pid, person, 13.349561031048117, -27.497570331280052, -3.3826853311978846, 0.489087849855423,128.7996025806094, 117.4491041742204
000082.pid, person, 13.321913217243393, -27.51384474101819, -3.583914129357589, 0.3852044343948364,149.25002995532515, -8.487015644015512
000083.pid, person, 13.326955848269991, -27.484338760375973, -3.5841996802224063, 0.46275246143341064,136.86723810710922, -25.92092953630149
000084.pid, person, 13.309161537571956, -27.44818476626747, -3.6067399978637704, 0.3167797029018402,150.98171241505773, -20.581542332063613
000085.pid, person, 13.330214163836311, -27.449989655438596, -3.5505668415742764, 0.3032039701938629,170.07724706712474, -17.876967531874133
000086.pid, person, -1.6843326330184927, -4.772268390655517, -3.7009169101715087, 0.3308635652065277,63.23307986599048, -163.10088072555692
000094.pid, person, 13.206070772806802, -27.13258641560872, -3.5984133720397953, 0.34877899289131165,152.92309347557077, -50.15909132907257
000095.pid, person, 13.225841469234888, -27.140367084079315, -3.577754987610711, 0.30862200260162354,159.6343701370341, -15.93803019848255
000096.pid, person, 13.20173615217209, -27.080517888069156, -3.466540813446045, 0.3304491639137268,147.59137278773892, -39.05215172471079
000097.pid, bicycle, 11.385861396789549, -2.6953855355580565, -3.51252293586731, 0.391659677028656,140.38779555572006, 85.69847958205465
000098.pid, person, 11.424531936645506, -2.683484395345044, -3.2852250734965014, 0.31615710258483887,-87.4257379355381, 49.10221814099615
000099.pid, person, 11.387125253677365, -2.6889038681983863, -3.456498086452485, 0.3381217420101166,154.22594560914254, 89.97616090392344
000100.pid, bicycle, 11.416199445724486, -2.600538074970236, -3.602334678173065, 0.34399381279945374,72.03236001385395, -117.38101576245852
000102.pid, bicycle, 11.373944282531733, -2.691849629084261, -3.513155698776245, 0.33537760376930237,148.22891385627034, 81.6201471472957
000102.pid, person, 11.418467839558915, -2.6980465253194077, -3.28450624148051, 0.3300567865371704,-100.60882543508302, -144.4541327868951
000103.pid, person, 13.224310663011341, -26.896435101826988, -3.464959449238247, 0.373638391494751,162.04082829356128, -20.671468214412783
000105.pid, person, 11.444726308186844, -2.5968956947326567, -3.4861742655436205, 0.34960201382637024,79.14366036378198, 125.5563023281028
000106.pid, person, 13.183311742894789, -26.816567477057966, -3.4481750095591828, 0.3194178342819214,173.12455953616148, -122.82799101743815
000106.pid, bicycle, 11.400267362594601, -2.6667274832725436, -3.453091025352479, 0.35107728838920593,136.81618438368042, 95.28376607960402
000107.pid, person, 13.176730346679687, -26.789881134033198, -3.5889777541160583, 0.3382419943809509,153.97710384040792, -13.159680468348098
000107.pid, car, 11.367975895221416, -2.2585500937241774, -3.527081562922551, 0.3166066110134125,82.64020736473631, -76.70822694371984
000108.pid, person, 13.171445655822751, -26.77665710449218, -3.5875326633453377, 0.3519163131713867,152.5435647524799, -9.048230116942772
000109.pid, person, 13.147465254131113, -26.75653276945415, -3.601301921041389, 0.4124175012111664,164.0356462134598, -14.99680495818053
000110.pid, person, 11.42031049728393, -2.595705270767202, -3.602907001972199, 0.35861602425575256,71.10475234990204, -118.5733893571241
000111.pid, person, 11.379816055297846, -2.7036816279093348, -3.515187899271648, 0.38705605268478394,152.98437227522905, 87.20291236129731
000111.pid, car, 11.407830810546875, -2.3062453031539896, -3.6222604751586913, 0.30861973762512207,79.57318119909633, 170.42036508445273
000113.pid, person, 11.41696707407633, -2.5733149846394765, -3.7079137961069737, 0.39256078004837036,68.4845162425123, 33.32499675049265
000114.pid, person, 13.187649951261633, -26.588803796207205, -3.4524618036606727, 0.3091062009334564,171.55437374392022, -38.2000173907094
000116.pid, car, 11.37297773361206, -2.2143962127821766, -3.424844350133623, 0.31080469489097595,84.58068198596942, -38.517471615182444
000117.pid, person, 13.198847472667696, -26.453904867172245, -3.4390940219163895, 0.36109980940818787,-22.023103913570402, -44.676194709611124
000118.pid, person, 11.414317846298214, -2.6080009937286284, -3.6036259531974797, 0.3169490098953247,72.07050819095419, -117.2150889029077
000119.pid, person, 11.424077351888018, -2.696628491083773, -3.285943984985352, 0.37160661816596985,-97.81421814498219, -141.586908244957
000120.pid, person, 13.186887264251709, -26.34877100857822, -3.5471789728511465, 0.33959951996803284,163.21133334751218, -17.07567076651714
000121.pid, person, 13.162318070729576, -26.298740492926704, -3.4743942419687905, 0.3566635847091675,175.6997252926619, -16.80509213874236
000123.pid, person, 13.182908404957168, -26.247329105030406, -3.4958419908176768, 0.4456764757633209,-170.66815002734538, -170.01695322430626
000124.pid, person, 13.204056739807127, -26.25957085536076, -3.546093353858361, 0.3800925016403198,176.8385925093473, 6.267762555097072
000125.pid, bicycle, 11.418261369069413, -2.627552390098563, -3.4987067778905243, 0.45336416363716125,75.64090967712909, 45.42459501796464
000125.pid, person, 13.226754688081284, -26.22309793744768, -3.5234291099366692, 0.3814949691295624,176.96743281627508, 2.207109365360353
000126.pid, person, 13.259640652200453, -26.215478897094727, -3.5364382474318794, 0.40221425890922546,173.96685164654622, -2.5056638348461067
000127.pid, person, 13.27608459646052, -26.195995244112883, -3.507222739132968, 0.40187370777130127,167.64473478655654, -2.3114598095437264
000128.pid, person, 13.288219783617105, -26.18083879222041, -3.46592320566592, 0.40484505891799927,176.67622542644997, -3.070512417252284
000129.pid, bicycle, 11.418671226501461, -2.6161508083343414, -3.540604782104493, 0.3932100236415863,73.72429744514196, -115.56273515584105
000129.pid, person, 13.254002465142145, -26.151233567131893, -3.4178993701934814, 0.4979056119918823,-14.960631463707355, 14.287669185642642
000130.pid, person, 13.266133944193525, -26.15057409377325, -3.484971216746739, 0.46938014030456543,171.3290464558944, -8.877896411104356
000131.pid, car, 11.440546035766602, -2.3529004183682534, -3.5957921635020864, 0.3058280944824219,81.28008574972279, 87.6619495743658
000131.pid, person, 13.267483552296953, -26.134330670038853, -3.536619504292806, 0.3835640847682953,164.1962673046955, -10.893625666197197
000132.pid, person, 11.380962053934729, -2.682125329971305, -3.5137962500254325, 0.3199685513973236,161.52547287112662, 92.70644366776416
000133.pid, person, 13.230833816528323, -26.05243349075318, -3.4163787007331847, 0.40555185079574585,175.22992714900988, -0.7783425871460066
000134.pid, person, 13.221307648552788, -26.014131016201443, -3.4458078145980835, 0.3770449459552765,165.25819980694735, -21.651871109055392
000135.pid, person, 13.219965934753416, -26.026384021924883, -3.5239807833795966, 0.37220507860183716,-3.070260769322546, 21.29562796422379
000136.pid, person, 13.214020940992567, -25.974455303615997, -3.426874147521125, 0.3902220129966736,176.28774484684195, 179.13889561092157
000137.pid, person, 13.23524464501275, -25.951356781853573, -3.4623730580012, 0.5333684086799622,-8.444948582537489, -20.3104157989194
000138.pid, person, 13.246237891060966, -25.93142518543062, -3.5045117991311208, 0.4668397605419159,178.98832049277982, -3.564521794481879
000139.pid, person, 13.221001775641192, -25.88468380978233, -3.43419475304453, 0.3794238567352295,-178.52075866004347, -178.29856188608457
000140.pid, person, 13.27286363902845, -25.8516230332224, -3.4185221446187875, 0.398592084646225,-20.631700395766448, 11.379141767742501
000141.pid, person, 13.266236257553103, -25.80134544372559, -3.4254483699798586, 0.5954219698905945,168.84361777555526, -7.028592219006528
000142.pid, person, 13.244151751200357, -25.79675674438477, -3.4545988506740994, 0.6220059394836426,-17.88827720556688, -35.26558260229679
000143.pid, person, 13.251587817543431, -25.778844030279863, -3.4009675854130794, 0.5459923148155212,168.04353350668677, -34.27534685540034
000144.pid, person, 13.214650546803195, -25.734252593096567, -3.39349523712607, 0.30201059579849243,178.28853216238392, -40.5357670820483
000145.pid, person, 13.19923257827759, -25.73038346426828, -3.392574293272836, 0.3965436518192291,177.0209033926567, 56.39881969624993
000146.pid, person, 13.224526511298286, -25.687186241149902, -3.4359560940000744, 0.5401906967163086,-14.018677182541959, -21.124671730843254
000147.pid, car, 11.360207239786783, -2.2256833712259927, -3.4129694938659667, 0.3432867228984833,78.36341821162053, -37.186788447822266
000147.pid, person, 13.184007871718636, -25.656813031151188, -3.4250433558509465, 0.3295281231403351,-166.0389826500814, 14.141492670449415
000148.pid, person, 13.213880348205567, -25.60778923034668, -3.4169052839279175, 0.6704777479171753,-167.95727357856921, -1.4047968821525303
000148.pid, car, 11.392958243687948, -2.224015643199285, -3.4685373504956565, 0.3373824954032898,87.95006354329227, -45.22125798520952
000149.pid, person, 13.21889450970818, -25.591115614947153, -3.3937699794769287, 0.6563894748687744,-178.44776521042496, 163.87467762004667
000149.pid, car, 11.345365860882927, -2.289977550506592, -3.4819361883051254, 0.35144662857055664,97.5357571255431, 111.3231939150148
000151.pid, person, 13.271189016454361, -25.54080469468061, -3.5622802762424244, 0.458667516708374,-158.86286896063112, 20.269741711853882
000152.pid, person, 13.250034583242318, -25.49846508628444, -3.481459893678364, 0.40449562668800354,-161.0912515469041, 33.18367677201203
000153.pid, person, 13.277144849300386, -25.443122863769535, -3.4932774752378464, 0.5315495729446411,-148.76536679682258, -147.3584546602914
000154.pid, person, 13.258838534355165, -25.3814549446106, -3.3901693373918533, 0.4228662848472595,-162.50553372471384, 15.212835570747727
000155.pid, person, 13.257977990543143, -25.34448848051184, -3.3834714328541473, 0.35303187370300293,-38.33187512530161, 111.9622722226191
000156.pid, person, 13.237550682491726, -25.36008061303033, -3.469462129804823, 0.33648955821990967,-22.473315727064673, -14.559786579682827
000158.pid, car, 11.47081167047674, -2.2942176190289563, -3.5766239816492256, 0.3139779269695282,84.35909256540657, -1.9852202739298979
000159.pid, car, 10.200426975886028, 29.693070729573567, -4.0090897878011065, 0.43944087624549866,-2.394092686833807, -137.9137588743271
000160.pid, person, 13.205817143122355, -25.22040271759033, -3.4816235105196633, 0.48017096519470215,176.9236432336613, 29.349997296223698
000160.pid, car, 11.426887512207031, -2.2932875752449036, -3.8976097106933594, 0.36730751395225525,58.62547533402506, -168.7584155681894
000161.pid, car, 11.46039454142253, -2.437946796417234, -3.8961373964945474, 0.312508761882782,-129.58652848387624, 3.2847257566208867
000161.pid, person, 13.220200885425914, -25.19042708657004, -3.493673552166332, 0.4126513600349426,-176.12645075395534, -177.4513977202691
000162.pid, car, 10.67496747970581, 27.862215328216553, -3.913311350345611, 0.32336243987083435,135.42046849625152, 91.48845206357453
000162.pid, person, 13.232744299847145, -25.153552179751184, -3.5412410964136543, 0.42406967282295227,-164.85359193187637, -162.73762842730878
000163.pid, person, 13.257470434362235, -25.136655027216126, -3.5848273147236216, 0.5196341276168823,-154.7568932837863, 34.942296941205434
000163.pid, car, 10.687468814849852, 27.671816571553553, -3.763638393084208, 0.3862854838371277,104.76497437396583, 57.45537379576194
000164.pid, car, 11.425730466842651, -2.282848298549652, -3.8972791433334355, 0.36873793601989746,63.14904562617444, -164.0707025456905
000164.pid, person, 13.230508844057718, -25.113175312678013, -3.5476924677689876, 0.4782847762107849,-160.6495211973169, 36.2031547085458
000165.pid, person, 10.855418886457171, 24.56875228881836, -4.122407504490444, 0.7760676145553589,126.64561451200869, 80.92479785596277
000165.pid, car, 12.05117982433688, 0.5444046220471842, -3.585157771264353, 0.3628289997577667,92.44007169224176, 48.66750538542111
000166.pid, person, 11.045282623984598, 24.032338055697355, -3.949986934661865, 0.6819093823432922,120.13428029186325, 74.273385587571
000167.pid, person, 11.229378191630047, 23.558068339029948, -3.9100743452707922, 0.6395019292831421,112.14323497324138, 68.24049255569405
000168.pid, car, 11.506532605489095, 22.846142450968426, -3.938231976826985, 0.33404800295829773,117.05478161494607, 71.66165710395998
000168.pid, person, 13.284254747278553, -24.939520330990064, -3.360869309481452, 0.636985719203949,157.73709825876995, 4.9312620408341825
000169.pid, person, 13.267637102227463, -24.896614877801195, -3.4792278691342005, 0.5619038343429565,-92.2039959097686, 87.43228000695825
000169.pid, car, 11.467458407084145, -2.227991243203474, -3.8789378404617314, 0.31659939885139465,-103.58391507020663, -148.97284337784671
000170.pid, person, 13.293075214732777, -24.856695088473227, -3.4740959622643217, 0.5324010252952576,133.3708140799828, -42.56933005290263
000171.pid, person, 11.888174670083183, 21.9307245526995, -3.5007925714765276, 0.7016308903694153,-51.685976963314594, 127.06719970229105
000171.pid, car, 11.957996101379392, 21.27039772033692, -3.8103468894958494, 0.35197970271110535,105.59616436604237, 63.24409683336908
000172.pid, person, 11.90446891784668, 21.614111709594727, -3.395253443717956, 0.7023470997810364,-43.34103535470489, 135.362669557638
000173.pid, person, 12.616406122843424, 20.925490697224934, -3.345159729321798, 0.7383204698562622,129.36869919891086, 94.15718396694555
000173.pid, car, 12.282669318349736, 19.066452126753962, -3.6609823829249333, 0.35618606209754944,122.81203681861975, 77.78592391704981
000174.pid, person, 13.2927302013744, -24.71633182872425, -3.484202514995228, 0.4865305423736572,172.57402810552867, 12.552925293360431
000175.pid, car, 10.814621829986574, -3.2937590360641473, -3.386532688140869, 0.40491238236427307,52.086056823311026, -71.32399861114155
000175.pid, person, 13.293444135914678, -24.698521821395207, -3.4851330777873164, 0.5311938524246216,-179.54479110348197, -178.62175403353868
000176.pid, person, 13.300229362819506, -24.67409075861392, -3.4825751366822617, 0.43858522176742554,-164.68924949722083, 30.26141619884383
000176.pid, car, 10.661508977413177, -3.4007010161876687, -3.5329240411520004, 0.31719550490379333,77.79167173809951, 122.59221785851763
000177.pid, person, 13.31157740679654, -24.6209413355047, -3.4589243043552744, 0.4600146412849426,-139.11838784328947, 37.215988351665814
000178.pid, car, 13.39940486907959, 15.529636573791503, -3.5852066898345947, 0.32135120034217834,117.39657377273328, 74.73679057023884
000178.pid, person, 13.345700464750593, -24.557313818680612, -3.398603213460822, 0.4871119260787964,-6.0435687528235995, 6.317873181334056
000179.pid, person, 13.391830329895017, -24.553120574951166, -3.4729377269744877, 0.3557990789413452,-157.93101321032827, -168.84597482863217
000180.pid, car, 13.046078562736511, 3.318225165208187, -3.3856002067526183, 0.30457255244255066,-87.6832448800046, 47.63679672278284
000180.pid, person, 13.389761400222778, -24.493143939971922, -3.403635215759278, 0.43363749980926514,141.1446566175301, -40.18715056143822
000181.pid, bus, 13.145370208610922, 4.387673539630439, -3.2250035172801907, 0.33960941433906555,-90.71520421353814, -135.7132856206344
000181.pid, person, 13.39097570118151, -24.476100118536696, -3.4097171206223336, 0.4100514054298401,-27.23176787301934, -6.652897342842266
000182.pid, person, 13.397800082252141, -24.427075794764928, -3.319775660832723, 0.46954840421676636,-178.3773925439164, -178.47226014128603
000183.pid, person, 13.41272813623602, -24.43227525190874, -3.427819186990911, 0.5119080543518066,149.6715051653279, 8.29292358225624
000184.pid, person, 13.353709638118746, -24.36483895778656, -3.344471260905266, 0.4830339848995209,-178.14031113153953, -178.4490899269338
000185.pid, person, 13.371246393989114, -24.30770874023438, -3.3542669520658603, 0.4466363489627838,59.509831513657154, -161.76274337454143
000186.pid, person, 13.327866554260252, -24.244817988077795, -3.3036365350087484, 0.5041442513465881,-133.8539924917625, 78.0558377950829
000187.pid, person, 13.318365216255186, -24.241064310073845, -3.3040544092655186, 0.5016142129898071,11.457237334851003, 8.718507105976387
000188.pid, person, 13.347699165344237, -24.21344600004308, -3.3108022914213295, 0.6116446852684021,-140.21412435308847, 35.99024701572358
000189.pid, person, 13.375274022420248, -24.16267871856689, -3.3324447472890224, 0.5479057431221008,-134.3164599793369, -116.32241298376782
000190.pid, person, 13.377998576444737, -24.11172833162195, -3.31699434448691, 0.5800800323486328,-126.04127390662725, 53.29581487014352
000191.pid, person, 13.408674812316894, -24.08884696960449, -3.313948345184327, 0.5487650036811829,71.18754917162812, 88.82170362494378
000192.pid, person, 13.416135787963865, -24.046545028686516, -3.298919832005221, 0.5294955372810364,-140.51969502879209, 41.71051574695268
000193.pid, person, 13.483572069803873, -24.01365127563476, -3.3186286608378097, 0.6078239679336548,88.45856309617092, 59.5777074069513
000194.pid, person, 13.464807962116442, -24.0160833659925, -3.2777549844039116, 0.5066809058189392,-166.83122617426855, 42.41658324449676
000195.pid, person, 13.466688324423396, -23.974937214570883, -3.278917691286873, 0.5455660223960876,56.584060328975966, 106.80978189899058
000196.pid, person, 13.4200049718221, -23.994569269816076, -3.3384779930114745, 0.5998183488845825,49.37129427516069, -177.51678258436203
000197.pid, person, 13.445906639099121, -23.950929233006065, -3.32310380254473, 0.5275918841362,129.47619747354742, 132.41149791278912
000198.pid, person, 13.419105410575865, -23.90732407569885, -3.269717425107956, 0.545409619808197,81.82549404752565, 107.98046818458081
000199.pid, person, 13.415298144022621, -23.87935892740885, -3.344798505306244, 0.5992310643196106,71.27063036193509, -66.9976355191266
000200.pid, person, 13.361556231975555, -23.840460896492008, -3.25420543551445, 0.5403362512588501,-160.89997058736262, 14.872313043541274
000201.pid, bus, 13.788003996798867, -7.604727243122295, -3.336803674697876, 0.3311118185520172,-75.20128173118324, 59.86060371792692
000201.pid, person, 13.334363810221355, -23.827614084879553, -3.266495498021444, 0.5172819495201111,-161.99886647891742, 105.3435658595727
000202.pid, car, 13.32389341081892, -23.840165683201384, -3.295569198472159, 0.3400101959705353,-148.35796238897538, 62.45548062986761
000202.pid, bus, 14.3986875017484, -9.627640890578425, -3.251289335389932, 0.3348018229007721,-77.21402425629819, 58.005645542997016
000202.pid, person, 13.323893410818917, -23.840165683201377, -3.2955691984721596, 0.4349817931652069,-148.3579623889742, 62.45548062986872
000203.pid, car, 13.321173259190152, -23.785029820033486, -3.377886210169111, 0.33546140789985657,-128.86551437122426, 65.74491384686641
000203.pid, person, 13.321173259190148, -23.78502982003348, -3.3778862101691116, 0.5716314315795898,-128.86551437122367, 65.7449138468674
000204.pid, person, 13.359257331261269, -23.80345461918757, -3.3007736206054688, 0.4827710688114166,-174.02132787490203, -176.06599757711382
000204.pid, car, 16.187432607014973, -0.9283023277918451, -3.8777661323547363, 0.3481401205062866,82.61698725960613, -141.2560560588582
000205.pid, person, 13.367179938725062, -23.704136575971326, -3.3260581152779713, 0.3408336043357849,-118.28846156822846, -73.86471736191967
000205.pid, car, 16.21593017578125, -1.1641200661659226, -3.732754373550415, 0.34285905957221985,91.9204948599112, 106.94307522983932
000206.pid, person, 13.368425233023506, -23.661573273794996, -3.3868197883878435, 0.45497584342956543,-112.81867926287588, 61.37667814728971
000207.pid, person, 13.391353973975548, -23.58569805438702, -3.357691581432636, 0.38842397928237915,91.24015335683147, -136.46208600424555
000208.pid, person, 13.354109340243872, -23.566423734029136, -3.4827441374460855, 0.4625468850135803,68.23997684189887, 70.92016943106866
000209.pid, person, 13.391681727241068, -23.503321703742532, -3.3272564691655777, 0.45589327812194824,-105.28912618691608, 74.79047099591233
000210.pid, person, 13.396429566776051, -23.497805314905506, -3.3722965436823227, 0.5038458108901978,72.44273870460201, 72.74428875724297
000210.pid, car, 15.217546145121254, -2.561491378148389, -3.5648734092712404, 0.6061044335365295,70.30260912620675, -154.06195027261793
000211.pid, person, 13.343225081761679, -23.47817325592041, -3.503758450349172, 0.5446560382843018,53.75658133901523, 64.71336437722734
000211.pid, car, 15.316041851043698, -2.6458092570304794, -3.5434562325477605, 0.694806694984436,83.50639417119763, -142.06318754560525
000211.pid, bus, 13.53138733903567, -5.933951550531973, -3.6072721978028617, 0.31285741925239563,-99.93948655718646, -144.94102332051756
000212.pid, person, 13.546417756514115, -21.72626207091592, -3.4824996211312036, 0.5439949035644531,85.12424773628578, -85.57882593225924
000212.pid, car, 15.23437404632568, -2.8146035075187603, -3.5250757813453673, 0.7358576655387878,91.26591612118497, 43.74661816632031
000213.pid, person, 13.624648460975063, -20.45883501493014, -3.4687843322753906, 0.5177184343338013,84.54230046621775, -88.36709725029036
000213.pid, car, 15.294397155443825, -2.7579691807428905, -3.492699603239695, 0.7632339596748352,100.45506464839546, 54.26277662718344
000214.pid, person, 13.708169051579066, -19.25359082221985, -3.5648512669972012, 0.47030383348464966,84.78148021324331, -90.29140278804853
000214.pid, car, 15.366138741776746, -2.941689587928144, -3.544278035292755, 0.7903591394424438,77.92549603877131, -145.2261931490434
000215.pid, person, 13.474663474343043, -21.66801097176292, -3.5480036302046343, 0.571069061756134,84.17933920117369, -88.04956657546387
000215.pid, car, 15.463716288975304, -3.002744119507916, -3.5290424551282613, 0.8051586151123047,85.42478514249937, 42.41012700204577
000216.pid, person, 13.871629118919374, -17.433344185352325, -3.496525675058365, 0.6105043888092041,84.16655352449418, -93.83141786237272
000216.pid, car, 15.320035032323887, -3.0102803948763155, -3.517415323772947, 0.818293571472168,94.25233362053167, -37.69973190311627
000217.pid, car, 15.323061646355521, -3.2041904158062318, -3.528688928816054, 0.756565511226654,92.54157249136769, -39.826514390059536
000217.pid, bus, 12.25732003409287, -8.98806399941958, -3.491416881824362, 0.327738881111145,-95.25909772469387, -140.25794989714623
000217.pid, person, 13.915943439190205, -17.51725321549636, -3.672339732830341, 0.5828571915626526,83.37143173383116, -99.1126224453507
000218.pid, car, 15.283132367017792, -3.1613434582221696, -3.496690796642769, 0.7121774554252625,93.23588447348726, -38.2516991349942
000218.pid, bus, 13.462907561716044, -7.848602549647383, -3.5515036852854602, 0.3320958614349365,-98.6907595428969, -143.69620032610504
000218.pid, person, 13.679583269007068, -18.930281526902146, -3.5417971751269173, 0.5683502554893494,84.2337889040276, -93.3849646342462
000219.pid, person, 14.17953618367513, -15.230041969390143, -3.676760230745588, 0.6461024880409241,83.29611957415341, -96.46944559118148
000219.pid, car, 15.329292119935499, -3.4201778256615842, -3.5487732443698623, 0.7602150440216064,89.02458995686898, 47.18949949784525
000220.pid, person, 14.038044095039368, -15.6298503279686, -3.5969893435637155, 0.5900380611419678,83.80304331218981, -101.93025631699619
000220.pid, car, 15.321083133870902, -3.5455951934510925, -3.509701582518491, 0.6732124090194702,88.13743918821704, 45.62440979571579
000221.pid, person, 14.016265571117401, -16.485371708869934, -3.6794523447752, 0.5208113193511963,83.46667618987958, -85.9226945533613
000221.pid, car, 15.318939481462749, -3.3588349734033756, -3.4358179171880088, 0.7351377010345459,88.226270232703, 46.9483897012761
000222.pid, person, 13.952257199720902, -15.789502187208695, -3.6296149600635874, 0.5642479658126831,84.4549262974504, -140.15537022249669
000222.pid, car, 15.247938318455471, -3.539198959127377, -3.4981962214124964, 0.6452953815460205,83.1126819964017, 42.58239069765196
000223.pid, car, 15.372031766314839, -3.624902009963981, -3.531460129937461, 0.7647717595100403,88.38820285560803, 46.61833730305175
000223.pid, person, 13.118126551310224, -23.130266189575195, -2.8643462657928467, 0.6308926939964294,-16.31245108625712, 118.49412746391239
000224.pid, person, 13.930800892057876, -16.374057133992515, -3.6529822917211625, 0.5226563811302185,84.09302525122158, -139.75203577885387
000224.pid, car, 15.184286582164276, -3.635089895664107, -3.451898593168993, 0.8137121200561523,83.28950640088586, -139.58095997674255
000225.pid, person, 14.28410060317428, -14.54678992871885, -3.675329579247369, 0.44365090131759644,82.9676489958602, -62.60593738689896
000225.pid, bus, 12.662519168853757, -7.293088976542151, -3.622168268760045, 0.3374969959259033,-86.26106216566804, 48.781666234970636
000225.pid, car, 15.24269186366688, -3.7837092740969154, -3.4973768754438925, 0.7929325699806213,83.38013391626629, 42.245964608997966
000226.pid, car, 15.138442754745482, -3.9132135386268225, -3.4392293045918154, 0.7961305379867554,86.80428543284347, 45.013220232740636
000226.pid, person, 14.295077999432882, -14.265513181686401, -3.663980374733607, 0.4588337540626526,83.04923947923002, -59.78912112650508
000227.pid, person, 14.270558595657349, -14.31780359745026, -3.694992017745972, 0.44824618101119995,82.96586194875557, -141.72127408123384
000227.pid, car, 15.16041940053304, -4.170969475640184, -3.4801128493414986, 0.8136441707611084,82.06457801996721, 40.68575991392847
000228.pid, person, 13.12324142456055, -22.67345771789551, -3.1367209911346428, 0.636415958404541,-56.24869120356333, -24.86422098663992
000228.pid, car, 15.172041776228921, -4.119271232157331, -3.4671497734225527, 0.8218734860420227,83.06350472282071, 42.32736937035704
000229.pid, person, 14.42726304796007, -12.745734179461444, -3.7270504545282432, 0.4541066288948059,-97.10131324371508, -125.32835963477316
000229.pid, car, 15.112265224456785, -4.344150562286371, -3.4134348392486573, 0.7956511974334717,85.13078633324457, 43.913805813764355
000230.pid, person, 14.517880324161414, -11.880887855182996, -3.732485648357507, 0.4710358679294586,-97.07509740081059, -141.4379469280681
000230.pid, car, 15.051427354203891, -4.491388762250853, -3.424083486516425, 0.7342690825462341,83.14634780215599, 41.90707782562239
000231.pid, car, 15.096978491925176, -4.571110157256424, -3.446075819908305, 0.6418527960777283,82.63985375673727, 41.01739510139864
000231.pid, person, 13.036272525787355, -22.53945231437683, -3.276039779186249, 0.8385520577430725,-152.9206770325281, -157.81881170874286
000232.pid, person, 13.020722661699569, -22.586541584559853, -3.180861575262887, 0.48718124628067017,-23.38355633284612, 25.826259667594854
000232.pid, car, 14.979215719261948, -4.9755183969225145, -3.5066311894630897, 0.7270081043243408,80.85938423059055, -139.96490754014962
000233.pid, person, 13.046733038766046, -22.531255722045902, -3.262867518833705, 0.41964367032051086,-161.56340142320272, -160.86606428671962
000233.pid, car, 15.061337182688156, -5.215447714162422, -3.5457343334375433, 0.7148889899253845,79.14610422934395, -142.02831602456627
000234.pid, person, 14.268055877685548, -13.01324764251709, -3.6822259426116943, 0.47874194383621216,-97.14960482997778, -142.15800177026912
000234.pid, car, 14.829105661270464, -5.301770068229507, -3.602356413577466, 0.7569391131401062,81.97508773774025, -141.36324229185846
000235.pid, person, 14.628274541152152, -10.859846855464736, -3.7106862005434538, 0.5266702771186829,-97.54705902505026, -141.88051659597508
000235.pid, car, 14.97166583412572, -5.336936695533882, -3.577337624733908, 0.7817193269729614,75.8340761790254, -144.85037007353927
000236.pid, person, 13.121172046661377, -22.40568428039551, -3.287394165992737, 0.6766083240509033,-160.6713593986286, 114.2144670034888
000236.pid, car, 14.91207928560218, -5.32996807779584, -3.5482745365220674, 0.8285958766937256,-108.96163702646852, -150.34494266216436
000237.pid, person, 14.461388490138912, -10.322096629020495, -3.752876721895658, 0.584337055683136,-96.60535963741883, -141.58572853125432
000237.pid, car, 14.872627987581138, -5.38816962055131, -3.61799072751812, 0.7693676948547363,-107.61597067406188, -151.03586011511237
000238.pid, person, 13.148631389324482, -22.34932063176082, -3.2880758872398963, 0.6347254514694214,150.27846176642103, 43.90571996040781
000238.pid, car, 14.6343271334966, -5.493129655718799, -3.6398437470197678, 0.8087903261184692,-111.0407529683343, -155.86105232817735
000239.pid, car, 14.583164283207482, -5.471461398260927, -3.548386602174668, 0.8173906207084656,-110.43213675730966, -154.0981129352946
000239.pid, person, 14.181739362080892, -11.443704573313395, -3.7029871463775637, 0.49352967739105225,-95.88259509262312, -140.76943365076238
000240.pid, person, 13.148746417118954, -22.312740912804237, -3.291764974594116, 0.8486825227737427,140.86347928348258, -77.47820260278475
000240.pid, car, 14.390389594164759, -6.018183480609542, -3.600183806636117, 0.8125455379486084,-113.21303621906257, -157.66951056022708
000241.pid, car, 14.17824217168296, -6.414261248053569, -3.521414774220165, 0.8003502488136292,-112.773124144073, -157.41100812337427
000241.pid, person, 13.13052588242751, -22.293112241304836, -3.298360824584961, 0.6032217144966125,111.80096343686962, -70.13657306500608
000242.pid, person, 13.114442571004234, -22.251557922363283, -3.272166045506795, 0.8290480375289917,96.46135736490226, 104.21428332415647
000242.pid, car, 13.855600070953367, -6.557452821731563, -3.4860044717788696, 0.8340372443199158,-119.7992038236292, -163.49230364060568
000243.pid, person, 13.08164241578844, -22.231706619262695, -3.3057325151231556, 0.7234075665473938,102.72272754404104, -40.77069704406505
000243.pid, car, 13.763353098006473, -6.673060587474272, -3.545894497916812, 0.7442529201507568,-121.24862611953667, -165.84460232491426
000244.pid, truck, 13.366713257723074, -7.14149141311645, -3.5544305346732923, 0.3145482540130615,59.16880989303441, -165.24434769543498
000244.pid, person, 13.024718940258028, -22.196982502937317, -3.342343747615814, 0.5874367952346802,104.08474503537698, -26.514782641859355
000244.pid, car, 13.439092402988008, -7.077534686194522, -3.5592933124966097, 0.684726893901825,57.442479491266994, -166.80300086053288
000245.pid, person, 12.992663979530336, -22.18203365802765, -3.306101769208908, 0.40907105803489685,131.41192948191147, 130.41301359861137
000245.pid, car, 13.32228824366694, -7.272650573564607, -3.5873214732045713, 0.7692503333091736,-127.56835730179814, -172.00553176481685
000246.pid, person, 12.97955083847046, -22.178782599312918, -3.338629058429173, 0.3253490924835205,162.3258777949208, -77.07544647800205
000246.pid, car, 13.152343013069844, -7.33614372123371, -3.53426992893219, 0.799028754234314,-128.76343243947161, -173.1713669676034
000247.pid, person, 12.945620200213266, -22.184407178093405, -3.2692301273345947, 0.6485265493392944,-171.52693754074429, -176.52887086293552
000247.pid, car, 13.22462661091874, -7.489092280225051, -3.6050114224596728, 0.7458249926567078,-128.8720883733707, -174.0586081911972
000248.pid, person, 12.954795893500835, -22.163052278406482, -3.279804664499619, 0.3624911606311798,-122.82687336991889, 96.18472131238794
000248.pid, car, 12.985384193626608, -7.7730829651291256, -3.543913564166507, 0.6991469264030457,-129.97155744497323, -175.5561521077193
000249.pid, person, 12.941842436790468, -22.141764402389526, -3.2694322168827057, 0.48182666301727295,118.65114276130446, 126.12693517934851
000249.pid, car, 13.03656246548607, -7.681523675010313, -3.6474936576116654, 0.719468355178833,-129.49661480424484, -174.50194778039972
000250.pid, person, 12.937136014302569, -22.08815662066141, -3.5069155693054204, 0.3953275978565216,87.66887800967253, 91.50583192172031
000250.pid, car, 12.675138963235389, -8.042482530748515, -3.601085804604196, 0.7461357116699219,-128.96308591080492, -173.76420158591114
000251.pid, person, 12.90167886018753, -22.065737128257748, -3.600874930620194, 0.32277148962020874,37.57551834979095, -144.19954521969098
000251.pid, car, 12.46986978848775, -8.465742031733193, -3.3908889214197795, 0.6873221397399902,-131.1780305081511, -94.78936068888284
000252.pid, car, 12.174763329175052, -8.767461552911872, -3.365864632081013, 0.6753408312797546,-134.06988340084914, -101.84767027603152
000253.pid, car, 11.905353770536534, -8.73078158322502, -3.4069318701239197, 0.7904086112976074,-136.38522566813705, 179.96437382318385
000254.pid, person, 3.6124790906906115, -12.281361883336848, -3.552540584044023, 0.31511160731315613,90.53322868285542, -104.51711924066645
000254.pid, car, 11.614192273881699, -8.83178129461076, -3.654258383644952, 0.7978498935699463,-143.05031632085695, 172.63447725565769
000255.pid, person, 3.673283262252805, -11.641138362884519, -3.4947376632690434, 0.4345003068447113,-90.29377324246191, 46.898708927978454
000255.pid, car, 11.17529929478963, -8.99391078948974, -3.6183698177337646, 0.7769426107406616,-136.49853811492665, 178.57106824284688
000256.pid, person, 3.6912794208526596, -11.241625995635983, -3.48661096572876, 0.40927809476852417,-90.55504600429816, 46.00638803730083
000256.pid, car, 10.665997999685782, -9.07581398222181, -3.547418647342258, 0.831588089466095,-130.7948014404051, -175.7831977520736
000257.pid, person, 3.738261875898939, -12.073181691377057, -3.5022192830624794, 0.5719775557518005,89.00023815184149, 46.36417948078078
000257.pid, car, 10.370535695875011, -9.508592863340631, -3.7746015239406274, 0.8499441742897034,-133.00035017357058, -175.47481512453828
000258.pid, person, 12.891729248894585, -21.808969391716847, -3.5792719920476284, 0.3002573549747467,112.5527446102327, 114.55376556518662
000258.pid, car, 10.352040206684784, -9.476711048799398, -3.8103811881121468, 0.8163577914237976,-118.03501627510269, -158.08500042059705
000259.pid, person, 3.82044770167424, -11.104960276530335, -3.534769058227539, 0.3658049404621124,-92.00664535401744, -135.53749105672298
000259.pid, car, 9.7529506534338, -9.673318505287165, -3.894469410181046, 0.8166933655738831,-143.99860588185393, 75.94598844239583
000260.pid, person, 12.844844076368544, -21.754574351840546, -3.5701161887910637, 0.5214455723762512,115.9468961416054, 110.32617410989974
000260.pid, car, 9.331168929735819, -9.698355277379347, -3.8911052942276005, 0.7975536584854126,-141.15834408357472, -101.3467901309728
000261.pid, person, 12.80185990584524, -21.701278284976354, -3.4910677734174236, 0.5876981616020203,-38.852961731565465, 32.50300823818867
000261.pid, car, 8.223548862669201, -10.310106701321065, -3.6348423030641346, 0.7118732929229736,33.80878495461687, 168.97774365265653
000262.pid, person, 12.826441383361814, -21.65986232757568, -3.5763288140296936, 0.41166022419929504,134.62936707805392, 13.67114330098162
000262.pid, car, 8.066527858857185, -10.520378666539342, -3.757412995061567, 0.826088011264801,-148.00413708737543, 166.30517163200386
000263.pid, person, 12.812442129308527, -21.617010116577145, -3.5955366763201635, 0.4170418381690979,-110.0198284771688, 62.15766918106097
000263.pid, car, 8.043705976926361, -10.270482796889073, -3.7354555863600516, 0.6577329635620117,-139.33571431067787, 174.5391104613834
000264.pid, person, 12.76519237245832, -21.556276457650316, -3.591197354452951, 0.5266637206077576,27.599198799733635, -152.29145079681425
000264.pid, car, 7.417434964861187, -10.234736142839699, -3.774760600498745, 0.8886760473251343,-121.40654825855519, -163.78186386050777
000265.pid, person, 12.803734355502657, -21.54470931159125, -3.5644728210237293, 0.47899898886680603,-117.99698203952299, 56.067562832984144
000265.pid, car, 7.315067699977327, -10.321068445841465, -3.934740100588118, 0.8680641055107117,77.72610188438037, -145.31642847557094
000266.pid, person, 12.790273427963255, -21.477534770965573, -3.521523094177246, 0.438407838344574,-115.12250973408746, 59.42542151451588
000266.pid, car, 6.7511019706726065, -10.350162722847672, -4.083433443849737, 0.856617271900177,-115.93958983619201, -140.61119038272105
000267.pid, person, 12.777368433335246, -21.43192246380974, -3.591229074141559, 0.35151997208595276,66.60376301090969, -142.66687110625966
000267.pid, car, 6.260502942403155, -10.256445248921702, -4.2807820002237955, 0.8267568349838257,67.50301734594237, -158.96770258664324
000268.pid, car, 4.22292517971348, -10.440968642363675, -3.6142556860640243, 0.4216841459274292,-95.43033682905511, -137.52483909083514
000269.pid, car, 4.101408189342867, -11.339472293853758, -3.585094713395642, 0.3644225001335144,-95.6470292876879, -57.19083117802145
000270.pid, person, 3.2499017393160052, -11.680862137765596, -3.749863292231704, 0.3405880630016327,-89.33570583793275, 46.33935939594832
000271.pid, car, 3.488473150037948, -11.637747287750242, -3.8079191638577368, 0.34296533465385437,-92.15790861559127, -47.088350108883525
000272.pid, car, 6.090380191802976, 4.946095848083499, -5.238517093658448, 0.4395473003387451,114.01412807755716, 71.22422847821424
000273.pid, person, 12.64016984303792, -21.133545684814447, -3.539982795715332, 0.41335663199424744,-32.563788558771904, 4.1455980193973625
000273.pid, car, 5.887222194671629, 2.772952270507818, -5.035143756866455, 0.3910767138004303,-92.92085235491545, -138.07522535920975
000274.pid, person, 12.655779587595084, -21.075190092387945, -3.5237709723020862, 0.3536822199821472,-177.56933984301307, 75.79661171783964
000274.pid, car, 4.847484505176544, -6.588304555416106, -3.880444419384003, 0.3910365104675293,-8.661197628344727, 129.30609832855015
000275.pid, person, 12.638401884781686, -21.041838394968128, -3.6398503152947685, 0.39124757051467896,-120.95069247036861, 59.817447841675644
000276.pid, car, 5.715097321404349, -1.417607413397891, -4.588286214404636, 0.30611056089401245,87.62704579146438, -137.65868224669342
000276.pid, person, 12.601788520812988, -20.94306419009254, -3.534106436229888, 0.5352939367294312,-95.44292660593004, 69.69325527423183
000277.pid, car, 5.78426965077718, -1.5393037266201395, -4.581620693206788, 0.30570974946022034,87.18620834751547, -138.09139520653795
000277.pid, person, 12.60963904339334, -20.907094789587926, -3.555289351421854, 0.6569705009460449,-95.30620172572175, 82.10090979166236
000278.pid, person, 12.583119465754582, -20.91265590374286, -3.69143137565026, 0.5755152106285095,67.11335021437446, 67.0395853832756
000279.pid, person, 12.580226353236608, -20.803080286298474, -3.5872508287429814, 0.7506013512611389,-137.18245204366204, 41.64504508142224
000279.pid, car, 3.432497978210448, -16.38610982894896, -3.4658610820770264, 0.3041220009326935,-93.97525018378403, -134.02156302736358
000280.pid, car, 3.3991776704788172, -16.619481086730946, -3.629331648349763, 0.328391969203949,-94.79041995502514, 144.7321601174131
000280.pid, person, 12.561990601675848, -20.70881693703787, -3.5219458682196487, 0.5902500748634338,-7.057634314080187, -5.045142763159825
000281.pid, person, 12.556277188387782, -20.682264154607598, -3.5626653324473994, 0.4740888774394989,167.38878339160718, -3.597250461496126
000282.pid, person, 12.53565920723809, -20.645162794325085, -3.5032910505930586, 0.5357798337936401,171.38822396352336, -1.9023130984863506
000283.pid, person, 12.518286959330238, -20.62355066935221, -3.458256928126018, 0.39666613936424255,147.8400402032848, -20.051114378577914
000284.pid, car, 5.8017370700836155, -0.8967769145965541, -4.688152372837067, 0.31157177686691284,86.75798905262134, -138.4095451258243
000285.pid, car, 5.898290236790973, 1.0914094448089682, -4.86880668004354, 0.3346201181411743,-92.75141971395351, -137.88529912972473
000285.pid, person, 12.400653157915386, -20.53662150246756, -3.595931274550302, 0.6313720345497131,156.35356162096826, -7.820924508773046
000286.pid, car, 5.741916550530325, -1.4629441367255254, -4.594111442565919, 0.3520171344280243,87.18279246542039, -137.88331218880293
000286.pid, person, 12.333563168843586, -20.48677279154459, -3.497411823272705, 0.3897550702095032,165.44654155677017, -23.924571080904354
000287.pid, car, 5.883311067308696, 1.7084601266043589, -4.883297511509487, 0.3754083216190338,-93.15635952121559, -138.45191600986547
000287.pid, person, 12.309467434883118, -20.468645811080926, -3.5229437500238423, 0.4614912271499634,168.8616236519393, 1.931935525664707
000288.pid, car, 5.7641643285751325, -0.7201049923896718, -4.585787624120713, 0.3602624237537384,86.96067810574537, -138.3077216612152
000288.pid, person, 12.27292340596517, -20.4300671895345, -3.445935742060344, 0.4522033929824829,166.09510748764805, -66.84113023285178
000289.pid, person, 12.212105530958906, -20.341798488910378, -3.4394263304196873, 0.4280047118663788,154.69267584444043, -45.9001310242781
000290.pid, person, 12.235389777592248, -20.28821073259626, -3.4850790500640874, 0.5776965022087097,161.83463405985088, -103.00897925064618
000291.pid, car, 5.7263285160064665, -1.9301072597503626, -4.498574757575989, 0.35988080501556396,87.04945431523218, -138.03259912425872
000292.pid, person, 12.173100130898613, -20.193153926304404, -3.462523783956256, 0.312026709318161,155.4732725206598, 141.34720582775498
000292.pid, car, 5.633685242046007, -3.3238551833412826, -4.3409786874597724, 0.3445304334163666,87.82011595388197, -128.63550700699471
000293.pid, person, 12.156462097167967, -20.146270624796546, -3.4731400489807127, 0.33550530672073364,172.69992576285802, -126.66459371315639
000294.pid, person, 12.12569376627604, -20.11888046264648, -3.4298365910847988, 0.47120481729507446,156.9650236149849, -16.186643590572295
000297.pid, car, 5.714322656393049, -3.7923045456409414, -4.388900712132454, 0.31121140718460083,88.17283694575202, -56.6496832409347
000298.pid, person, 11.935112297534943, -19.995955586433407, -3.4746259897947316, 0.6532988548278809,153.1393029884981, -131.60762110429175
000299.pid, person, 11.918929100036621, -19.952340052678032, -3.504808095785288, 0.6769629716873169,172.91889357647545, 132.29895430410227
000300.pid, person, 11.837740008036294, -19.903085199991857, -3.5125893592834476, 0.6993796825408936,166.97883866425988, 38.0111266920297
000301.pid, person, 11.843907628740581, -19.895235197884688, -3.466781258583069, 0.3907614052295685,176.27740826310128, -18.6597417603897
000304.pid, person, 11.728855344984268, -19.757388220893016, -3.4860305653678045, 0.4323562979698181,135.48724362918944, 4.069532850968294
000305.pid, person, 11.713295129629284, -19.697179060715897, -3.45519836132343, 0.41806674003601074,137.72072267519744, 44.52438297533214
000305.pid, car, 5.732079664866126, -3.6151001930236784, -4.33986086845398, 0.3006855249404907,87.52778930357991, -135.5333295937668
000310.pid, person, 11.4827273442195, -19.541730734018174, -3.5321746972891006, 0.5666828751564026,104.33096684846873, -88.11951761037687
000311.pid, person, 11.408090759726129, -19.412309310015505, -3.5639818976907174, 0.45813411474227905,108.22506417812184, 67.63184090139299
000312.pid, car, 5.66439185142517, -4.329656958580012, -4.281910288333893, 0.30036887526512146,87.59572791693955, -55.029865734325824
000312.pid, person, 11.380728022257484, -19.38749440511067, -3.563710673650106, 0.4859278202056885,124.25082679784894, 81.47170897130728
000313.pid, person, 11.388042926788328, -19.336502393086747, -3.5887889663378405, 0.33278730511665344,115.62534586976655, 74.36294285908089
000313.pid, car, 5.69378492236137, -4.509388655424111, -4.283391132950783, 0.35413405299186707,88.38502089811786, 120.9405691072497
000314.pid, car, 5.690503984689712, -4.582033365964884, -4.287168651819229, 0.3120000660419464,88.06941169741476, -57.30237287030807
000315.pid, car, 5.681605619542738, -3.8901414871215803, -4.315977433148553, 0.327436625957489,88.18145805093944, -53.07494500720995
000316.pid, car, 5.672352658377751, -4.736773941251959, -4.248912745051914, 0.31157201528549194,87.50859271995799, -55.21941813887155
000318.pid, person, 11.208279976477993, -19.057772856492264, -3.5634100070366492, 0.45050525665283203,112.65738359117624, 67.344268650166
000319.pid, person, 11.122635602951048, -18.98534536361694, -3.5676688849925995, 0.41538915038108826,127.90158632414072, 92.96495306891771
000320.pid, person, 11.106928605299732, -18.9757137298584, -3.561592413828923, 0.3399820923805237,149.8150593870403, 94.2991784899094
000321.pid, person, 11.055411058313707, -18.888235989738913, -3.5359736190122715, 0.40445539355278015,158.57258529293648, 102.06454616560968
000322.pid, person, 11.032730992635091, -18.85149892171224, -3.53459906578064, 0.30088409781455994,150.8456142764156, 96.97419496814337
000323.pid, person, 11.015680631001793, -18.79978993733724, -3.5312311172485353, 0.4133581817150116,151.63691377108157, 98.05388419165418
000324.pid, person, 11.00199455022812, -18.745035886764526, -3.520147427916527, 0.589510977268219,156.24505938709513, 96.17766544755983
000325.pid, person, 10.991682887077332, -18.70111572742462, -3.516840547323227, 0.34548527002334595,159.16903836914648, 97.1837886089757
000326.pid, person, 10.984768358866374, -18.67632052103678, -3.502016719182333, 0.34479963779449463,163.20364001873074, 96.84701106010671
000327.pid, person, 10.958037503560382, -18.631313832600902, -3.540637906392416, 0.3234362006187439,-21.133734526521103, 20.558689239574793
000328.pid, person, 10.962169329325356, -18.59102452596028, -3.5570760091145837, 0.3255518674850464,-28.877144119508504, 3.0815254192477917
000330.pid, person, 10.956653799329485, -18.5511793409075, -3.502414873668126, 0.42604145407676697,147.2759985993609, 90.63488360392006
000331.pid, person, 10.99789613835952, -18.45249636033002, -3.504992120406207, 0.4585739076137543,149.39418047394952, 97.10337300639253
000332.pid, car, 5.72546609242757, -4.164248042636443, -4.350612203280131, 0.30320480465888977,88.46800510472877, -58.721701246272545
000332.pid, person, 10.979120953877764, -18.429161071777337, -3.526538228988648, 0.5958227515220642,137.88786445879495, 91.41696170641237
000333.pid, person, 10.964146834153393, -18.39983001122107, -3.495782888852633, 0.6411023736000061,155.1530311266808, 94.3403596728884
000334.pid, car, 5.796753466129301, -3.9794728457927677, -4.4356634616851816, 0.38482531905174255,88.72897729058666, 120.64652305621655
000334.pid, person, 11.001689093453544, -18.346053804670056, -3.502585700580052, 0.36816465854644775,150.07714558523026, 94.54908446918
000335.pid, car, 5.878033685684201, -2.1921203136444083, -4.544129133224487, 0.3270910084247589,88.404599127614, -136.8405034985983
000335.pid, person, 11.020877031179573, -18.343382028432984, -3.544758466573862, 0.5447738170623779,141.61341495983694, 91.16482501839357
000336.pid, car, 5.869782044337343, -3.448069389049818, -4.513868735386775, 0.3528420925140381,88.44681567305977, -134.72908890586837
000336.pid, person, 11.035783547621504, -18.302215429452744, -3.5113362715794496, 0.4946318566799164,144.2642763009498, 85.16398661232505
000337.pid, car, 5.956658363342284, -3.2453649838765397, -4.545314788818359, 0.35257455706596375,88.7126005475593, -134.97440743369012
000337.pid, person, 11.044005320622368, -18.237656813401433, -3.478738399652335, 0.6164340972900391,155.91398180375126, 84.8082110641344
000338.pid, car, 5.868607418877737, -3.6078822272164426, -4.44551386151995, 0.3248150944709778,89.4852351136565, -135.42452017341213
000338.pid, person, 11.123171746730803, -18.17436254024505, -3.4796869158744816, 0.6768113374710083,149.09057524058497, 76.72569730055343
000339.pid, person, 11.131241607666018, -18.139849853515624, -3.4831013679504395, 0.6920837759971619,153.35642871982185, 87.25025180618434
000340.pid, person, 11.149274126688637, -18.094077173868808, -3.4752463340759276, 0.7144923806190491,151.0872284355646, 90.77939158400008
000341.pid, person, 11.139770030975342, -18.03250420093536, -3.4822406470775604, 0.7276310920715332,-127.49879633257537, -175.64606959107442
000342.pid, car, 5.9317380587259905, -3.3639340400695716, -4.578818281491597, 0.3050963282585144,88.78343642671196, -131.09373140982092
000342.pid, person, 11.170845879448784, -17.961597866482197, -3.4843263626098633, 0.7581262588500977,-119.94756543984045, 179.64319301946003
000343.pid, person, 11.13661937713623, -17.952268600463864, -3.4645686467488606, 0.7188323140144348,167.2476547635641, 72.97484211841767
000344.pid, person, 11.201444962445425, -17.816390766816973, -3.463017323437859, 0.6595160961151123,64.60008464466458, -5.592032315047474
000345.pid, person, 11.166569762759737, -17.76933606465657, -3.4486292997996015, 0.7119570374488831,35.0777987744981, 20.067488799621895
000346.pid, person, 11.171922504901884, -17.71956527233123, -3.447113230824471, 0.7299746870994568,-153.3772335115705, 35.83576839449454
000347.pid, car, 5.929440776507057, -3.380496819814042, -4.559304594993591, 0.30556154251098633,89.69096775005207, -46.24641026766445
000347.pid, person, 11.16593245456093, -17.674139725534534, -3.447655200958252, 0.7396146655082703,-148.8580589234776, 80.69513361354922
000348.pid, car, 6.019995927810668, -3.4439884821573887, -4.555038491884868, 0.3563680052757263,89.28824676772678, -133.740903283533
000348.pid, person, 11.191195487976072, -17.618955163394702, -3.4439771736369416, 0.7968883514404297,32.715249548059425, 31.26289747931812
000349.pid, car, 5.94469915736805, -4.111353050578719, -4.516705426302823, 0.3435481786727905,89.97066759359383, -126.32967458055958
000349.pid, person, 11.181917720370823, -17.551018079121903, -3.4468250672022505, 0.7883744239807129,-142.79733890689775, -29.73230004498434
000350.pid, person, 11.229671309976014, -17.452244365916528, -3.4249400391298184, 0.7275117635726929,-139.9980721851816, 54.32775438720729
000350.pid, car, 5.980994481306807, -3.743899455437286, -4.54601918734037, 0.3677600920200348,90.06109303082839, 49.140195141902154
000351.pid, car, 6.054258155822751, -2.6430733680725047, -4.623597764968872, 0.3486214876174927,89.47451788596138, -133.83568741479937
000351.pid, person, 11.244140179951986, -17.407047017415362, -3.419416999816895, 0.5275789499282837,32.91930235426703, -89.7102954848365
000352.pid, person, 11.263763248920439, -17.291412949562066, -3.372368916869164, 0.556553840637207,-166.68015801223336, 100.88686203289457
000352.pid, car, 6.0338065840981185, -3.129636461084533, -4.588764970952815, 0.32583093643188477,89.89355700011099, -44.93218269295909
000353.pid, person, 11.261926054954527, -17.249705314636223, -3.4150919318199158, 0.5982836484909058,-123.36211185705615, 61.68565234223935
000354.pid, person, 11.236924098088188, -17.17715013944185, -3.4188264149885916, 0.5553767085075378,35.79442952394115, 98.85275894976137
000356.pid, person, 11.254690647125244, -16.98383033275604, -3.496916890144348, 0.46766290068626404,64.3058849361004, 86.78201207585803
000357.pid, person, 11.248769078935892, -16.953305925641732, -3.5205250126974925, 0.6263030767440796,71.08376770835946, 90.15891725719395
000358.pid, person, 11.22130122551551, -16.934040216299195, -3.4779698848724374, 0.6988301873207092,68.05366873581437, 72.59718439792994
000359.pid, person, 11.224636895315985, -16.862620217459536, -3.4494965927941466, 0.6954928636550903,58.962335697759535, 81.27300802023149
000360.pid, person, 11.212778772626603, -16.757781846182677, -3.563568506922041, 0.7000995874404907,-128.01356802297053, 66.268983930087
000361.pid, person, 11.217482439676921, -16.66480585734049, -3.4800372441609704, 0.716870129108429,-121.85611630582406, 56.23126620641446
000362.pid, person, 11.221182187398274, -16.619785054524733, -3.5394082705179852, 0.7169572710990906,-105.18160340441955, 75.86040022912974
000363.pid, person, 11.226431113023022, -16.53895128690279, -3.538827877778274, 0.723200261592865,-65.7312972826485, 131.54804893094425
000364.pid, person, 11.214048092181864, -16.486630219679604, -3.560344072488639, 0.7705022096633911,-112.9875013332366, 30.93412040035869
000365.pid, car, 6.057199776172636, -1.92059087753295, -4.727899193763733, 0.34316086769104004,90.5042003812326, 45.69581781014571
000365.pid, person, 6.158787727355953, -9.170064290364573, -4.206270535786947, 0.8180550932884216,41.87517821932945, 175.0923442751729
000366.pid, car, 6.071940739949542, -2.7794106801350886, -4.669433487786187, 0.3406640291213989,89.96081767311458, -44.89146281709643
000366.pid, person, 11.169761021931965, -16.384645334879554, -3.5112794717152918, 0.7713711261749268,113.374613109214, 114.24470922726903
000367.pid, car, 6.027112310582939, -2.667553533207282, -4.697536771947688, 0.3427446782588959,90.00310627441547, 45.21163042708695
000367.pid, person, 11.127156130472818, -16.323513031005856, -3.593468364079793, 0.7354621887207031,139.94495626982598, -7.795226128969382
000368.pid, car, 6.041210746765134, -3.4659241199493365, -4.642354536056519, 0.3363718092441559,90.28760794085213, 45.49167792460597
000368.pid, person, 11.084448754787445, -16.260034918785088, -3.553662464022637, 0.8060826063156128,-45.54317438207069, 132.31591980897707
000369.pid, car, 6.106817881266274, -3.0111960834927007, -4.680326938629151, 0.3359553813934326,90.01462737952741, 45.38817709329407
000369.pid, person, 11.071488043841192, -16.175156986012173, -3.5906363795785343, 0.7832026481628418,-32.54790316866254, 148.50414494453736
000370.pid, car, 6.055764436721799, -1.9413998723030037, -4.731641590595245, 0.3402934670448303,90.64243654880795, 45.89091043150144
000370.pid, person, 11.045568602425712, -16.096023150852744, -3.608307838439942, 0.8226980566978455,-159.66438851696952, -113.82517626310187
000371.pid, person, 11.086247622966765, -16.039436161518093, -3.6087957769632344, 0.8238869905471802,-166.34773479320927, -136.34717488961473
000372.pid, person, 11.081833712259927, -16.007920328776038, -3.5900293350219727, 0.816619336605072,-128.49959450226342, 58.6524824491693
000373.pid, car, 5.976620894211987, -4.756071677574739, -4.082892106129573, 0.3155326247215271,89.88465908315155, 85.15898709265359
000373.pid, person, 11.029306352138518, -15.924277245998375, -3.6246062815189366, 0.7957953810691833,-151.83603115843172, -125.94332245678179
000374.pid, car, 6.013406117757159, -4.541954239209489, -4.072245200475057, 0.3461429476737976,89.60858256576905, 81.72685551372541
000374.pid, person, 11.033249686746034, -15.87505082523121, -3.611227680655087, 0.8164571523666382,-140.7648480750785, -118.53113810496828
000375.pid, car, 5.971820501180793, -4.806379318237299, -4.098538563801692, 0.34683117270469666,90.16927256612749, -95.28770622065642
000375.pid, person, 11.047242999076841, -15.755526602268214, -3.5494760423898697, 0.8193803429603577,177.01747746534485, -14.534819939389312
000376.pid, car, 6.005104615138126, -4.911759193126965, -4.102074384689331, 0.3154151439666748,89.93134382383812, 84.38421138260487
000376.pid, person, 11.012636884053547, -15.715050315856926, -3.609646320343018, 0.8387091755867004,137.5796823533457, 113.93646816528606
000377.pid, car, 6.044242728840217, -4.212048032067035, -4.07235674424605, 0.33710741996765137,89.28972916242212, 86.29647891152815
000377.pid, person, 11.022023986367616, -15.673913675196024, -3.58608517927282, 0.8492238521575928,128.67731456998158, 108.22984169808525
000378.pid, person, 10.991738936480353, -15.602529189165894, -3.6608777607188507, 0.7537384629249573,138.5452620075367, 124.35814690795642
000379.pid, person, 10.966009889330179, -15.537088871002192, -3.6671849148614064, 0.8093165159225464,-36.009416707121495, 102.12476346535088
000380.pid, person, 10.980035708500786, -15.478838773874129, -3.7002423543196463, 0.7470898032188416,132.15320335089967, 123.05010635630664
000380.pid, car, 6.0418262048201115, -4.214984763752326, -4.101753039793535, 0.3965914845466614,90.3354915927809, -99.84002616828354
000381.pid, car, 6.048965540799224, -4.349093393845985, -4.112477736039596, 0.3394929766654968,89.80746736819823, 86.81783384237033
000381.pid, person, 10.932616667314006, -15.34745164351029, -3.633841731331565, 0.8477275371551514,-172.73371304343635, -148.7128582276053
000382.pid, person, 10.921606472560338, -15.308312756674624, -3.5877734082085753, 0.8423062562942505,-122.48569878646056, -61.04526391822038
000383.pid, person, 10.914993422372001, -15.225891317640025, -3.5580565077917923, 0.8601507544517517,-120.04416359381072, 73.25996146682253
000384.pid, person, 10.896996634347095, -15.177065713065003, -3.600748130253383, 0.8489236831665039,-132.60710251997224, 43.660004234669096
000385.pid, person, 10.880003316061835, -15.101750510079512, -3.550181763512748, 0.8412984013557434,56.26760164958014, 78.66259852149155
000386.pid, person, 10.849905747633711, -15.01964092254638, -3.56596932044396, 0.8292537331581116,30.441780375181914, -127.00467539536479
000387.pid, person, 10.857701388272373, -14.964869499206536, -3.5417841564525263, 0.8081891536712646,69.63394654112325, 35.02450601859607
000388.pid, car, 6.07821902632713, -7.257995396852483, -3.8782432377338414, 0.34124496579170227,90.14428245173255, -100.51461673051263
000388.pid, person, 10.859116727655582, -14.889388951388264, -3.5281950560483066, 0.8011494278907776,62.14715692641004, 76.41295965970359
000389.pid, car, 6.082890484068127, -6.798492590586341, -3.9894545210732355, 0.32579919695854187,90.41529515578046, -100.83627181495434
000389.pid, person, 10.830955652090218, -14.823868017930245, -3.593156466117272, 0.7694178819656372,80.2149748353542, -96.70007189404308
000390.pid, car, 6.09107940337237, -6.634800153620098, -3.9117541733910057, 0.33721280097961426,89.85817359958344, 78.00996904253051
000390.pid, person, 10.820994290438565, -14.701321255077007, -3.5139172727411445, 0.7892568111419678,77.95077153694905, -51.36791147100657
000391.pid, person, 10.741483592987057, -14.65754117965697, -3.5204943418502816, 0.7796846628189087,66.74495576974905, 101.15239335812991
000392.pid, person, 10.725392580032347, -14.572657267252595, -3.509525696436565, 0.6790291666984558,-132.53124432226616, -99.36465899291775
000393.pid, person, 10.681837876637774, -14.518935362497956, -3.504634579022726, 0.7986180186271667,60.17070210083807, -34.9884967888321
000394.pid, person, 10.644004454979527, -14.46983021956223, -3.4972079900594863, 0.8412868976593018,26.414087895793145, -113.53040999025396
000395.pid, person, 10.67639350891113, -14.372025394439689, -3.57785325050354, 0.8110443353652954,-153.00747347273145, 15.274961922273286
000396.pid, person, 10.621691703796385, -14.298862218856803, -3.488959670066834, 0.7895360589027405,5.672387178448626, -134.8269271221057
000397.pid, person, 10.62225564320882, -14.228998025258377, -3.4874667127927146, 0.7923844456672668,-138.68235319190595, 175.76366341897818
000398.pid, person, 10.586670981513127, -14.142209582858605, -3.4769402080112033, 0.8062211871147156,-150.39994006859763, -108.81391370562663
000399.pid, person, 10.581058242104268, -14.118032368746661, -3.46535400910811, 0.8048576712608337,179.3416329138546, 132.66251676149037
000400.pid, person, 10.495141909672661, -14.028525939354521, -3.467581583903386, 0.8383351564407349,-156.9882052474754, 157.24507000351605
000401.pid, car, 6.089812335968016, -8.434050559997551, -3.8446296882629394, 0.3015829026699066,89.9572048472688, 72.51996484207545
000401.pid, person, 10.492044969038528, -13.98668939417058, -3.4586916620081123, 0.7967528700828552,-165.4953594608198, 149.70773616612382
000402.pid, person, 6.131507237752274, -11.63511085510253, -3.7929795185724893, 0.7275390625,-6.879671776184643, 28.932575851111533
000403.pid, person, 6.159829807281492, -11.674005317687977, -3.9574595928192147, 0.7419916391372681,-3.769869961598594, -135.9206349002324
000404.pid, car, 6.060487875571616, -7.990932354560261, -3.9170698661070604, 0.311561644077301,90.12605200814755, -119.21467574485656
000404.pid, person, 10.418640136718748, -13.812229009775008, -3.444110521903405, 0.7380082607269287,-150.09361888464426, 168.00122219396786
000405.pid, car, 6.074529705047605, -8.541237907409666, -3.876778326034546, 0.30326420068740845,90.29975692313877, -115.67189246051569
000405.pid, person, 10.356854375203449, -13.762866910298658, -3.512431383132935, 0.7032594084739685,-153.45975231665102, -153.44226155356105
000406.pid, car, 6.071274452209472, -8.611476688385007, -3.8803295516967773, 0.3614186942577362,89.93203223341618, 60.713643495409194
000406.pid, person, 10.338803631918768, -13.697788306644977, -3.4304027897971023, 0.7997036576271057,-179.63306922832297, 135.38409827198925
000407.pid, person, 10.351287988515999, -13.637233514052163, -3.4273732625521154, 0.7260062098503113,-158.51688385978161, 158.91310650873885
000408.pid, person, 10.353499846024944, -13.585839705033726, -3.427705027840354, 0.7151051163673401,-160.4212732432777, 158.67738381337386
000409.pid, car, 6.112424318607037, -8.909627098303572, -3.9427896371254554, 0.3735683560371399,89.81037867827095, 63.690716175175695
000409.pid, person, 10.336386607243462, -13.497262074397153, -3.4144486097189097, 0.763798177242279,-148.25871743101996, 171.05673826518597
000410.pid, car, 6.065088653564452, -8.808666515350339, -3.975448522567749, 0.3389257788658142,90.24831289882246, -110.61792368112278
000410.pid, person, 10.320893033345538, -13.441101773579907, -3.4021174112955737, 0.7573742866516113,-162.2609472560982, -119.49840299155383
000411.pid, person, 10.300644874572752, -13.35528796911239, -3.382466867566109, 0.8247548341751099,-171.49999284164474, 141.6491702672623
000412.pid, person, 10.288282775878905, -13.277025222778313, -3.3751354694366453, 0.7180440425872803,-172.58245165717844, 138.8296938311383
000413.pid, person, 10.244350569588795, -13.238739762987402, -3.380511658532279, 0.6332753896713257,-169.1721202649993, 140.97881651474657
000414.pid, person, 10.19368787912222, -13.203188749460066, -3.386762068821834, 0.7598780989646912,179.7279563543609, -152.959717348179
000415.pid, person, 10.205105917794361, -13.119044916970383, -3.3749949080603465, 0.8010360598564148,-158.90595475770823, 13.304533076259002
000416.pid, person, 10.15113487243652, -13.120398807525623, -3.3877376556396483, 0.7265843749046326,174.98934777704415, 116.46446095210437
000417.pid, person, 10.181845426559446, -13.013995091120393, -3.3674833973248806, 0.7396606206893921,-167.65109907102556, 41.01366040899725
000418.pid, person, 6.061714198854236, -11.876981205410427, -3.8451885647243924, 0.7627190351486206,-104.12466162739567, 63.15765313250674
000419.pid, person, 10.24201464653015, -12.854529698689772, -3.3465859889984135, 0.6258215308189392,178.5684876816827, -151.9920479517448
000420.pid, person, 4.658532449177329, -14.8829526901245, -3.8689905575343553, 0.6401077508926392,60.798348605658845, -93.20499803535633
000421.pid, person, 10.181769609451292, -12.710418860117587, -3.325084527333578, 0.712063729763031,177.6281351046766, -162.34667058015393
000422.pid, person, 10.161257880074634, -12.674460411071768, -3.3305294684001376, 0.7297070622444153,8.695010874397813, -107.34479657869335
000423.pid, person, 10.176721832968969, -12.58663914420387, -3.3249218030409384, 0.7336279153823853,158.96258006014025, 71.44967436813857
000424.pid, person, 10.114975929260252, -12.507798767089836, -3.3254330158233643, 0.7184072136878967,159.94656214646957, 82.74886585231026
000425.pid, car, 10.069596290588377, -12.446393879977132, -3.3350468548861425, 0.33319568634033203,2.644873527615392, -9.476379113287454
000425.pid, person, 6.10742767651876, -12.284342447916666, -3.840909798940023, 0.6351928114891052,-100.4883834520821, -144.63492350468965
000426.pid, person, 10.05956901203502, -12.396746375344007, -3.3311336907473486, 0.5610194206237793,26.73037181656569, -8.846618349060678
000427.pid, car, 6.131483628199648, -6.920234056619492, -4.256958154531626, 0.3350011706352234,90.20920027222759, 45.160045243768025
000427.pid, person, 10.042375477877528, -12.309513438831665, -3.3213225711475727, 0.6553213000297546,132.5793652093006, 58.89730746249186
000428.pid, person, 10.016818740151145, -12.248306447809382, -3.317733504555442, 0.7758986353874207,2.6216927911727863, 59.41458317953924
000428.pid, car, 6.095730634836048, -6.890686108515808, -4.278944529019869, 0.3200441002845764,90.6305057849882, 45.638207527139095
000429.pid, car, 6.132091558896576, -7.039357588841363, -4.2885976021106424, 0.4080248773097992,90.24430654672055, 45.227901849837366
000429.pid, person, 10.070946407318113, -12.180933475494374, -3.3031760692596444, 0.759042501449585,85.24709334269333, 48.99688244748909
000430.pid, car, 6.031429767608641, -3.6508830189704815, -4.342070907354355, 0.375241219997406,90.37214507584802, -106.47898804740652
000430.pid, person, 10.097760547291147, -12.120835564353241, -3.3082148378545586, 0.6609100699424744,-123.83096040282581, 132.7955514797004
000431.pid, person, 10.054581737518308, -12.034080791473377, -3.3166519880294807, 0.6604249477386475,-144.01968508898918, -36.59436014891631
000432.pid, car, 6.0584897313799155, -2.476191316332133, -4.554096732820783, 0.3216567039489746,-89.2582656813619, 103.74950032577976
000432.pid, person, 10.055811119079587, -11.979964351654043, -3.3183457612991334, 0.7143527865409851,-138.27970263169848, -158.5091186863089
000433.pid, car, 6.136066913604736, -2.6600593839372846, -4.54854188646589, 0.32501885294914246,-89.56202740651707, 101.10671758047889
000433.pid, person, 10.044912974039711, -11.949739668104375, -3.3435611989763054, 0.6964725852012634,-151.1745277804944, -137.04367090910662
000434.pid, person, 9.99894659859793, -11.862643514360693, -3.4026206902095253, 0.6664797067642212,-149.466340759727, 163.89902579317797
000435.pid, person, 10.012005329132075, -11.773464838663726, -3.390331784884135, 0.6411796808242798,-135.0025142185279, 178.2270433577609
000436.pid, person, 9.937276840209957, -11.697604588099876, -3.5495993069240024, 0.7312241792678833,-133.40968846694207, 17.626409457943865
000437.pid, person, 9.926794242858884, -11.640073966979969, -3.6046721458435074, 0.6872429251670837,-139.90822250689806, -141.66344788165046
000438.pid, motorcycle, 6.052643299102779, -13.895215670267731, -3.8620603879292816, 0.6255279183387756,66.30781648112172, -91.86120958000413
000438.pid, person, 9.942957687377929, -11.623600959777821, -3.394883584976197, 0.7567837834358215,-138.61083206505637, 174.65169271502134
000439.pid, bicycle, 6.151228639814584, -13.714047643873414, -3.560355716281468, 0.31829872727394104,-112.79511329379093, -90.32893190231927
000439.pid, motorcycle, 6.151228639814584, -13.714047643873414, -3.560355716281468, 0.32383713126182556,-112.79511329379093, -90.32893190231927
000439.pid, person, 9.939428170522051, -11.487055778503409, -3.5536910295486464, 0.7040495872497559,-120.81257450638435, 33.53990981342219
000440.pid, person, 9.925324916839596, -11.453672885894763, -3.3830851713816332, 0.5592303276062012,-142.03276548296384, 171.20024238018524
000441.pid, person, 6.13950854539871, -13.86780238151549, -3.6563514471054086, 0.689646303653717,-114.53343492196564, -89.57104352607395
000442.pid, person, 9.927416610717769, -11.301104545593253, -3.367455768585205, 0.7793585658073425,-137.4321039052601, 175.82317418790942
000443.pid, person, 9.927445729573565, -11.208449681599925, -3.529936671257019, 0.7890565991401672,-130.16295602600675, -128.46515652241376
000444.pid, person, 9.900386969248451, -11.155066172281892, -3.3604875405629477, 0.585257887840271,-136.15756540906102, 177.0719627030863
000445.pid, bicycle, 6.072818915049232, -13.910782178242991, -3.556191881497701, 0.3378027379512787,-113.329361437365, -172.48254560362707
000445.pid, person, 9.840124766031899, -11.12504259745279, -3.546747605005901, 0.6820709705352783,44.17336428187442, -138.99403337720193
000446.pid, person, 5.863845825195312, -14.502368927001944, -4.3792518377304095, 0.6451842188835144,65.58418144413196, -158.29955256135605
000447.pid, car, 6.057774265607196, -7.57426575819651, -3.9899627168973293, 0.30225449800491333,90.17397434083965, 102.81791657430142
000447.pid, person, 5.8523998260498, -14.50362409864152, -4.378365925380163, 0.6798513531684875,-118.12206086977928, -161.6694055723307
000448.pid, bicycle, 6.025345431433782, -14.007438659667958, -3.477437363730537, 0.313000351190567,-110.33512507430844, -127.66133385443126
000448.pid, person, 5.826646149158475, -14.55428934097289, -4.388821601867678, 0.5931147933006287,-119.8845047075967, -163.2888354679436
000449.pid, person, 9.688488165537512, -10.88292900721231, -3.3925679127375292, 0.6744380593299866,-148.2145742062208, 165.1079297802151
000450.pid, car, 6.051248947779335, -7.801783601442966, -4.107503374417623, 0.30927008390426636,89.64146881133122, -80.06208334936613
000450.pid, person, 9.624706677028106, -10.829620770045679, -3.405055284500122, 0.7023805379867554,-153.82078993181494, -107.93331910325678
000451.pid, person, 9.664482934134343, -10.724748611450185, -3.534113168716431, 0.6367302536964417,-141.01450859067987, 28.248081895086216
000452.pid, person, 9.648305075509205, -10.63748959132602, -3.5302094732012073, 0.6164160966873169,-142.57949191061493, 28.411686038624268
000453.pid, person, 9.59893158503941, -10.58785016196114, -3.3880481379372744, 0.6492870450019836,-148.17711413211924, 165.1549563192437
000454.pid, car, 6.0559783776601135, -7.947084069252011, -4.127959708372752, 0.3097883462905884,89.57872603999907, -72.55078291871473
000454.pid, person, 6.923575719197591, -13.421739896138503, -4.119515895843507, 0.6011229157447815,49.29304050217861, -96.0398186134097
000455.pid, person, 6.717735714382591, -13.52730772230359, -3.746395084593032, 0.5726223587989807,48.902508627415855, -128.19148752376387
000456.pid, person, 7.772865772247311, -12.402399301528918, -3.2801100015640268, 0.637081503868103,50.32729575156565, -171.34335170145002
000457.pid, person, 7.432746410369871, -12.749018260410844, -3.61519159589495, 0.6147134900093079,49.5530393368047, -124.58775367145563
000458.pid, person, 5.962059089115685, -14.533883639744337, -3.8600215230669304, 0.6901640295982361,-140.85685619410503, -127.66978491455042
000459.pid, person, 5.955794143676755, -14.519861221313468, -3.8908928394317632, 0.5515729784965515,26.856956053632118, -78.89760705160559
000460.pid, car, 6.012864883129411, -6.982213423802296, -4.237363576889038, 0.33569085597991943,89.89245341345783, -79.96759856589122
000460.pid, person, 9.485801124572749, -10.083961296081533, -3.368842220306397, 0.4313344657421112,51.729322421520656, -174.98455368546172
000461.pid, car, 5.9830862558805, -8.472797247079695, -4.081106864489042, 0.3255677819252014,89.9666148262246, -81.93486452780708
000461.pid, person, 5.978509664535521, -14.54693341255187, -3.7715297639369973, 0.7390376925468445,-155.87682635095493, -134.13938327311692
000462.pid, car, 5.998210210066573, -8.55707480357243, -3.986204532476572, 0.3189062476158142,89.69639025000279, -81.6591504405826
000462.pid, person, 9.416402626037598, -9.969790649414055, -3.376722812652589, 0.6049188375473022,-136.76127307755087, 176.45476578781725
000463.pid, person, 9.40827941894531, -9.840169634137826, -3.423458031245641, 0.5484076738357544,-127.31649340599807, 41.43488805815388
000463.pid, car, 4.482978701591488, -15.548130671183266, -3.482840008205838, 0.3065875768661499,35.39746695939398, -155.5652364167166
000464.pid, car, 5.9823224361126215, -8.617082815903881, -3.9936195520254287, 0.3053974509239197,89.57338368883835, -84.47755518438302
000464.pid, person, 5.975281238555903, -14.656144823346807, -3.705772672380721, 0.595513641834259,177.05855120690228, 70.47040465782814
000465.pid, person, 5.9233248884027665, -14.678777694702148, -3.508663545955311, 0.41970622539520264,-29.73426413131409, 144.99769584946142
000466.pid, person, 5.943867444992066, -14.741659243901573, -3.3861261208852134, 0.39190560579299927,-29.40572811729653, -23.92942831780708
000467.pid, bicycle, 5.927107334136961, -14.773489732008708, -3.470987154887273, 0.31918200850486755,-28.33141542325133, -16.9966657742946
000467.pid, person, 9.389470863342284, -9.553943252563466, -3.5602603435516356, 0.56120365858078,57.65081184889825, 57.65119221553839
000468.pid, bicycle, 5.90811439660879, -14.816797183110157, -3.4777779212364788, 0.36209580302238464,-21.154023469978277, -19.603457520337038
000468.pid, car, 5.92110498746236, -8.197677413622538, -4.084620873133342, 0.3019598126411438,89.6150093234823, 88.64353872933897
000468.pid, person, 9.327435016632077, -9.545291264851878, -3.540518561999004, 0.6204306483268738,-131.92988388266284, 49.866244362609635
000469.pid, bicycle, 5.8950853347778285, -14.880768775939933, -3.486286511788002, 0.3160417079925537,-38.14755436947185, -14.233437206638472
000469.pid, car, 5.91165358679635, -9.173683507101872, -3.9628902162824358, 0.3184327781200409,89.6457491756971, -84.87924306101124
000469.pid, person, 9.300723870595293, -9.500527858734122, -3.5434167782465624, 0.5360094308853149,-134.02993722312357, 51.04960356830202
000470.pid, bicycle, 5.8782564509998645, -14.968365669250481, -3.438716606660323, 0.34379562735557556,-26.87308018576337, -13.947537257647587
000470.pid, person, 9.284298658370968, -9.404759645462027, -3.355930805206299, 0.5270432233810425,55.026498432214694, -171.65866466371185
000471.pid, person, 5.9165712703358055, -15.021483334628018, -3.2189373753287573, 0.5050633549690247,157.09016218537673, 111.87139659337886
000472.pid, bicycle, 5.882626914978023, -15.056418609619133, -3.2265328407287606, 0.3282393217086792,-9.580153182438826, 125.2279820812899
000472.pid, person, 9.052743625640868, -9.345321655273438, -3.4726732969284058, 0.550231397151947,-7.033093025000056, -145.65979593031557
000473.pid, bicycle, 5.8447490930557215, -15.113084157307936, -3.2414844632148747, 0.4481966495513916,177.20112888003797, 133.86932707719976
000473.pid, person, 5.8447490930557215, -15.113084157307936, -3.2414844632148747, 0.5050122141838074,177.20112888003797, 133.86932707719976
000474.pid, bicycle, 5.869682629903156, -15.15529449780781, -3.2404415011405945, 0.3431241810321808,162.1889307946692, 116.95856726110333
000474.pid, person, 9.210362275441485, -9.276246070861804, -3.5482070048650116, 0.6058834195137024,-128.2522006916553, 42.07614769652802
000475.pid, person, 9.22005612509591, -9.206826618739527, -3.5503987584795276, 0.7173079252243042,-123.70657307519276, 52.06660376064808
000476.pid, person, 9.198567390441893, -9.146488870893197, -3.4295534746987486, 0.760363757610321,-137.32391402493192, 8.20529238248688
000477.pid, person, 9.17784810066223, -9.09956121444701, -3.440990000963211, 0.811980128288269,-114.0471924706899, -107.71537791144851
000478.pid, car, 5.778370507558185, -9.865144793192542, -3.808914136886597, 0.32164931297302246,89.3615815779079, -135.87207740211372
000478.pid, person, 9.186260541280108, -9.086192448933907, -3.5770052671432495, 0.8209693431854248,-143.10520165912155, -143.8846760341239
000479.pid, bicycle, 5.6219954123863785, -15.444092237032368, -3.293565933520978, 0.3286026120185852,174.05960412126876, 127.81598891220901
000479.pid, car, 5.7281570116678875, -9.945589478810627, -3.8161721706390384, 0.35651370882987976,88.98755370136367, -136.23768603615392
000479.pid, person, 9.205267906188961, -9.057596070425841, -3.5336562224796846, 0.7743321657180786,-126.10444536828189, 55.70420303777149
000480.pid, bicycle, 5.60542904535929, -15.489523633321118, -3.304898770650228, 0.33208397030830383,-166.59573549444812, 150.79275354351708
000480.pid, person, 5.80490159988403, -15.525821113586417, -3.3178981304168707, 0.6909822821617126,62.62530979409789, -163.3274542811728
000481.pid, bicycle, 5.598215137209207, -15.524410111563538, -3.3104962962014333, 0.3398551046848297,-177.7354508818016, 137.3260813192655
000481.pid, car, 5.753087298075355, -10.063366826375322, -3.8260404586791994, 0.3105452060699463,88.71865002029055, -136.43004591622957
000481.pid, person, 5.713452160358431, -15.488858342170717, -3.30415141582489, 0.728383481502533,132.8545967911246, 85.50035974296608
000482.pid, person, 5.762491703033446, -15.612618605295808, -3.3335685729980473, 0.7112439870834351,-117.60857082065083, -163.3952701054826
000483.pid, person, 9.186241149902342, -8.857877159118642, -3.3757386207580575, 0.6977784037590027,-124.14239797433466, -18.002051558349518
000484.pid, person, 5.703668594360348, -15.731822848319995, -3.354997009038926, 0.6432774662971497,-124.32146305247848, -170.01102215506438
000485.pid, bicycle, 5.587381013234454, -15.752571741739901, -3.346777057647705, 0.34768545627593994,-147.893886270063, 171.4038034395559
000485.pid, person, 5.7927086012704025, -15.865685054234087, -3.3789215428488597, 0.6955740451812744,-56.41375898921971, 76.55034728223576
000486.pid, bicycle, 5.60812358856201, -15.765251668294264, -3.3484740734100344, 0.4335392415523529,-132.38042151359102, -175.0178789053277
000486.pid, person, 9.141014417012528, -8.749322255452464, -3.328209320704142, 0.6617498993873596,-133.6251963932392, 179.5264554771135
000487.pid, bicycle, 5.616287844521655, -15.79161814280918, -3.3490808010101323, 0.37487441301345825,-137.81250189751358, 179.12273497117803
000487.pid, person, 5.730352163314816, -15.808425545692433, -3.357454210519791, 0.6999890804290771,-107.761696645932, -153.1231203445231
000488.pid, bicycle, 5.60586757659912, -15.843472035725904, -3.3597278912862145, 0.4262203574180603,-127.08195635629272, -170.84281423678567
000488.pid, person, 5.700630505879719, -15.849985758463529, -3.3661627504560685, 0.7547850012779236,-111.18225457223599, -156.88807800389887
000489.pid, bicycle, 5.6080023348331425, -15.892852246761317, -3.366885334253311, 0.46191614866256714,-117.56844964452728, -161.55330282910384
000489.pid, person, 5.636408329010006, -15.921322822570792, -3.373268769337581, 0.7428492307662964,-119.63697055032972, -164.16868777605072
000490.pid, bicycle, 5.571715538318338, -16.041014524606553, -3.393369106146006, 0.5299134254455566,66.68024446940537, -157.70172863419324
000490.pid, person, 9.164352893829344, -8.493948221206656, -3.343349814414978, 0.7185772061347961,-107.99762916866877, -14.304017741277052
000491.pid, bicycle, 5.5625508308410625, -16.08289769490559, -3.400375843048096, 0.4889829456806183,-108.78873990513382, -153.51313938313953
000491.pid, person, 5.629439036051431, -16.13836171891953, -3.4129901727040615, 0.6043336987495422,-109.70676857905937, -155.52069991459294
000492.pid, bicycle, 5.514134150284983, -16.172438401442303, -3.420622000327477, 0.42329341173171997,-115.72737708594883, -160.79171708357526
000492.pid, person, 5.5984365599496, -16.215378080095554, -3.4271419048309326, 0.642761766910553,74.1116132294995, -151.67853825469322
000493.pid, bicycle, 5.553449432055153, -16.18057084083556, -3.416316151618958, 0.4902130961418152,-92.916596883087, -137.99752676164482
000493.pid, person, 5.598195075988766, -16.256740093231194, -3.4310013949871068, 0.687537670135498,81.39684933268353, -144.0453271779017
000494.pid, bicycle, 5.555447448383675, -16.27104343067515, -3.4255401221188637, 0.5108827948570251,-85.39565100447861, 49.32227504208171
000494.pid, person, 5.602884020124159, -16.3782501220703, -3.4413184097835, 0.35699397325515747,-93.92966133194135, -139.20320013705182
000495.pid, bicycle, 5.576978325843808, -16.245237191518143, -3.4210662245750427, 0.5521388649940491,-86.79173331239515, -132.05395648837725
000495.pid, person, 5.62746463503156, -16.346830912998733, -3.4333909239087785, 0.3872653841972351,86.71997087060069, -138.5201637283019
000496.pid, bicycle, 5.5969264290549505, -16.3066194707697, -3.4262881062247543, 0.5690215826034546,-84.04791022370965, 50.6408452921044
000496.pid, person, 5.647522866725919, -16.34622120857238, -3.428833216428757, 0.5112651586532593,91.32377852819785, 46.23816941479986
000497.pid, bicycle, 5.639479756355282, -16.340969085693345, -3.425298422574997, 0.5174003839492798,-81.16459070444765, 53.644221759960324
000497.pid, person, 5.63959169387817, -16.317393779754624, -3.423133760690689, 0.41471073031425476,-80.29398375431927, 54.49607989468257
000498.pid, person, 5.619899000440321, -16.23096384320939, -3.4221559592655733, 0.3591043949127197,-123.91095292939083, -169.64365737694578
000498.pid, bicycle, 5.656592464447018, -16.330579948425285, -3.424473738670349, 0.48783519864082336,-81.30597440729767, 53.58433764078341
000499.pid, bicycle, 5.68095459256853, -16.25301497323171, -3.4245545523507253, 0.5663880705833435,-118.96404443801562, -165.1024560659288
000499.pid, person, 5.671540941510878, -16.235440662928976, -3.4248538357870926, 0.43938660621643066,-130.03172392220893, -175.72078166746934
000500.pid, person, 5.712867339452106, -16.265502293904614, -3.4238570928573613, 0.5160465836524963,-134.3519223230164, 178.01571833665344
000500.pid, bicycle, 5.683675765991209, -16.24361915588378, -3.430882215499878, 0.39918601512908936,-130.49578052011955, -176.21786978201533
000501.pid, person, 5.7316106557846, -16.226519584655748, -3.425213813781739, 0.5464328527450562,-121.82095229616525, -167.67931419885886
000501.pid, bicycle, 5.7316106557846, -16.226519584655748, -3.425213813781739, 0.4119044244289398,-121.82095229616525, -167.67931419885886
000502.pid, bicycle, 5.739720153808589, -16.236321640014637, -3.4314143657684335, 0.3393022418022156,-119.94782400202827, -80.19311158143692
000502.pid, person, 5.739720153808589, -16.236321640014637, -3.4314143657684335, 0.4304901957511902,-119.94782400202827, -80.19311158143692
000503.pid, bicycle, 5.77576065063476, -16.266142654418932, -3.437881708145143, 0.3046274185180664,-111.95963559117972, -76.59809432741376
000503.pid, person, 5.77576065063476, -16.266142654418932, -3.437881708145143, 0.4113026559352875,-111.95963559117972, -76.59809432741376
000504.pid, bicycle, 6.095432281494135, -16.48185920715331, -3.4404492718832844, 0.3070289194583893,-62.28139278587244, 84.88833224978569
000504.pid, person, 5.798154711723327, -16.31010484695434, -3.4620585441589355, 0.3936225473880768,-107.97067401436486, -152.5442988645438
000505.pid, person, 6.115014219284055, -16.502009773254382, -3.4381638288497927, 0.40794456005096436,135.22843619910466, 98.4672091955501
000505.pid, bicycle, 5.862320899963378, -16.287568410237622, -3.4621239503224692, 0.45814964175224304,-108.20320853805188, -152.69642260168175
000506.pid, person, 6.158554553985593, -16.47625885009765, -3.4327220916748056, 0.44110795855522156,139.56330125163427, 106.27226715407656
000507.pid, person, 6.215763092041014, -16.48491592407226, -3.4290429115295415, 0.3762017488479614,139.08967213628623, 99.6023027955179
000508.pid, bicycle, 6.323393397861055, -16.48050435384114, -3.4224769009484186, 0.39911431074142456,-54.3586744677417, 78.06154971683537
000508.pid, person, 6.249986595577662, -16.454912609524193, -3.4125403033362494, 0.3564399778842926,140.90316414129532, 104.47545373503593
000509.pid, car, 7.130629354053072, -8.681852420171099, -3.8910877174801297, 0.30503857135772705,90.10164103814182, 46.180638681611114
000509.pid, person, 6.3626672426859505, -16.443571514553483, -3.4144190947214765, 0.5556396245956421,135.69289122111843, 94.0927475782872
000510.pid, car, 7.183838152885436, -7.924698710441585, -4.040128207206726, 0.3002777695655823,90.65008183922318, 45.96444198883798
000510.pid, person, 6.403049993515009, -16.399022674560534, -3.4157372951507567, 0.5969674587249756,124.39579346491759, 65.42082803393681
000511.pid, person, 6.41470408439636, -16.3212396621704, -3.40160038471222, 0.4977323114871979,-47.03989184773531, 85.29341604023169
000512.pid, person, 6.542884588241574, -16.32828934987385, -3.378650585810344, 0.4290453791618347,96.45896536821475, -62.889575506621874
