000068.pid, car, 0.004080803692338719, -21.606938552856434, -0.3569690972566607, 0.3580012619495392,56.0591534828425, -83.14960305795417
000074.pid, car, 0.2463684333488354, -20.998069763183587, -0.3728050366044048, 0.31823495030403137,60.88674643196259, -97.78634643735374
000078.pid, car, -0.3272193744778651, -21.82512187957763, -0.571300178766251, 0.3605096936225891,-135.29673802751026, -95.43675790734294
000079.pid, car, -0.4174312005440394, -21.85677083333333, -0.5507454673449194, 0.3926642835140228,-129.36330181267542, -132.96816519354763
000084.pid, car, -0.17197993211448637, -21.67284059524535, -0.5993021726608283, 0.39657458662986755,144.06217439230662, 84.05499413433994
000085.pid, car, -0.21254712343216015, -21.917995071411127, -0.4839946687221527, 0.33813196420669556,-160.64273882303314, -127.23423674906954
000086.pid, car, 1.6539549112319896, -20.482680130004873, -0.04796921163797396, 0.37847423553466797,118.36527337463164, 82.60161484861682
000093.pid, car, -0.37391248593727866, -21.944931666056302, -0.5531111756960558, 0.3273686170578003,-137.88455528675615, -99.69469795150358
000094.pid, car, 10.288065791130064, -2.945674002170559, -3.8967623114585876, 0.37823623418807983,37.36547720388769, 35.313610338169404
000095.pid, car, 10.304545760154722, -2.8932476341724325, -3.724625527858734, 0.35117122530937195,166.965157855539, -13.009503063063168
000098.pid, car, -0.13824538514018236, -21.920465946197503, -0.47831255197525013, 0.4177427589893341,14.656191447377932, -123.62019061621551
000099.pid, car, 10.361728395734513, -2.7180607318878134, -3.8738158430371965, 0.378326416015625,83.80337368957728, 81.23402176047891
000100.pid, car, 10.348949159894667, -2.6858487469809336, -3.8752284731183737, 0.3286123275756836,74.0171587618654, 60.591071054642775
000101.pid, car, 0.2147862166166282, -21.365923563639313, -0.2899182687203094, 0.3204782009124756,74.42585094836058, -65.41000446741472
000108.pid, car, -0.3144641853868979, -21.827333450317372, -0.571358337998391, 0.3147968351840973,-135.40175904970206, -95.32571770178225
000109.pid, car, -0.286820619553329, -21.8374973297119, -0.5843261837959297, 0.3115690052509308,-136.89083681574002, -98.20125359999116
000111.pid, car, 10.431063440110945, -2.0339163674248573, -3.4357043902079267, 0.30835506319999695,79.50095232105913, 153.10903176307886
000120.pid, person, 10.522089958190918, -1.7116677761077899, -3.4716842472553253, 0.43249592185020447,-29.929324031951026, 2.0147471158743193
000133.pid, car, 0.14138712920248273, -21.238902091979977, -0.419846020638943, 0.3001963496208191,57.91205993899305, -157.74777876030052
000152.pid, person, 9.021792411804196, -17.37634963989257, -3.9422024726867684, 0.39350488781929016,-4.865855628924144, -142.54228834885808
000152.pid, motorcycle, 9.021792411804196, -17.37634963989257, -3.9422024726867684, 0.3382464051246643,-4.865855628924144, -142.54228834885808
000155.pid, car, -0.2980423001572525, -22.24786233901977, -0.4137806296348572, 0.3792016804218292,-89.9365680471248, 46.36255237885092
000161.pid, car, -0.1583059206605002, -21.670949459075917, -0.5991216152906421, 0.3194914758205414,-38.68475904343932, -171.49394674836563
000168.pid, person, 9.596339416503904, -17.72141647338866, -4.006608438491822, 0.45385169982910156,-130.64457449720928, -177.06311121484325
000168.pid, bicycle, 9.596339416503904, -17.72141647338866, -4.006608438491822, 0.3675890266895294,-130.64457449720928, -177.06311121484325
000170.pid, person, 9.647289276123043, -17.794125747680653, -3.9983987331390396, 0.4081368148326874,57.191029701083046, -169.01627578698648
000171.pid, person, 9.61255049705505, -17.782160282135, -4.0065786242485055, 0.39375820755958557,99.18741746753483, 54.9439137788047
000172.pid, person, 9.678182601928707, -17.63005943298339, -3.978709602355958, 0.3504442572593689,114.92064599325472, 71.2498133879119
000173.pid, motorcycle, 9.709357070922845, -17.71575431823729, -3.984829425811769, 0.30094048380851746,105.95456850989132, 61.02659950067583
000176.pid, person, 9.795893124171664, -17.707191739763523, -3.9839530672345846, 0.3656114339828491,124.40115829619755, 83.12492482303789
000177.pid, person, 9.828409910202023, -17.772095680236806, -3.964282125234605, 0.30456265807151794,111.49564944807898, 67.20618706120096
000178.pid, person, 9.747610304090712, -17.7208949195014, -3.972110377417671, 0.31096282601356506,121.95019038059615, 76.96075415822853
000179.pid, person, 9.770609140396116, -17.637183666229237, -3.957562506198884, 0.3702661991119385,-52.21253308843249, 83.07006728377932
000181.pid, person, 9.782344102859495, -17.72221374511718, -3.9661025702953348, 0.3213285505771637,-60.07535277700386, 75.64278411945207
000184.pid, person, 9.879165543450247, -17.815414640638558, -3.9815615812937417, 0.3100482225418091,155.3160968035945, 110.16666903232961
000184.pid, car, 1.292853266000743, -20.36587969462076, -0.11891088013847728, 0.34187498688697815,169.4640029839206, 141.80937852428173
000184.pid, motorcycle, 9.879165543450247, -17.815414640638558, -3.9815615812937417, 0.35274988412857056,155.3160968035945, 110.16666903232961
000185.pid, motorcycle, 9.920156669616699, -17.88589820861816, -3.960524415969849, 0.3243858516216278,135.6219009368317, 91.31460195484519
000186.pid, person, 9.944746547275116, -17.92064476013182, -3.983672698338827, 0.3226437270641327,163.63702403103366, 118.26216410184107
000188.pid, car, -0.25679742296536645, -22.031770070393872, -0.3839217871427533, 0.3603155016899109,-167.85126165302214, -128.9056381229163
000190.pid, person, 10.05968403816223, -17.98445487022399, -3.9867376685142526, 0.3125823140144348,116.87947979663137, 78.13446304707537
000190.pid, motorcycle, 10.05968403816223, -17.98445487022399, -3.9867376685142526, 0.35984688997268677,116.87947979663137, 78.13446304707537
000191.pid, person, 10.15902052985297, -18.02927843729654, -3.949916786617704, 0.31462928652763367,117.1964830508157, 153.98194387219309
000191.pid, motorcycle, 10.15902052985297, -18.02927843729654, -3.949916786617704, 0.3909185230731964,117.1964830508157, 153.98194387219309
000194.pid, person, 10.192901717291935, -18.10774654812282, -3.9465225537618007, 0.37863942980766296,143.31011838907207, 98.28201559852647
000195.pid, person, 10.164885838826494, -18.277828640407975, -4.0380831824408645, 0.34996476769447327,-85.89460355060844, 47.49957123531492
000195.pid, motorcycle, 10.164885838826494, -18.277828640407975, -4.0380831824408645, 0.4161073565483093,-85.89460355060844, 47.49957123531492
000196.pid, person, 10.23626136779785, -18.17621644337971, -4.029482980569204, 0.3180524706840515,154.7987693202885, 116.18752311359944
000196.pid, motorcycle, 10.23626136779785, -18.17621644337971, -4.029482980569204, 0.3141993582248688,154.7987693202885, 116.18752311359944
000197.pid, car, 0.05616882762738484, -21.67517934526715, -0.2718025445938113, 0.3639206886291504,-112.67388720342359, -73.53244609572928
000197.pid, motorcycle, 10.348459601402281, -18.366354227066033, -3.989000350236893, 0.31933051347732544,-93.50375931722468, -61.538299237296826
000198.pid, car, 10.347625212235881, -18.280533530495372, -3.990112629803744, 0.3014928996562958,129.01942455403605, 95.93114044945678
000200.pid, person, 10.48776178359985, -18.453621292114253, -4.003079795837403, 0.30512091517448425,-99.20182239080293, 79.47317239709618
000200.pid, motorcycle, 10.48776178359985, -18.453621292114253, -4.003079795837403, 0.38682520389556885,-99.20182239080293, 79.47317239709618
000201.pid, person, 10.421171824137367, -18.264832178751618, -3.9032968944973416, 0.3999749422073364,152.7337323543738, -36.6441551689346
000201.pid, motorcycle, 10.421171824137367, -18.264832178751618, -3.9032968944973416, 0.5128727555274963,152.7337323543738, -36.6441551689346
000202.pid, motorcycle, 10.467339229583738, -18.68844242095947, -4.063815236091614, 0.46111226081848145,-103.28797644583686, -151.2809959463786
000203.pid, car, 10.192584310259138, 28.625481878008163, -3.9753374031611846, 0.4059257507324219,-17.59720735301756, 120.60439313519935
000203.pid, motorcycle, 10.535800192091196, -18.404701020982518, -3.8614082866244854, 0.4114988148212433,125.83839079014399, -133.79471538130974
000204.pid, car, 10.491797626018526, 27.45988941192627, -4.008286684751511, 0.39899149537086487,125.11192468271044, 84.9250759253216
000205.pid, car, 11.258998430692232, 25.99287825364333, -3.7783010189349824, 0.37672311067581177,-17.329469136823715, 109.33750990490053
000206.pid, car, 11.125916745927599, 25.752897050645615, -3.8925275670157538, 0.39734986424446106,125.30036322382978, 162.40813871984219
000207.pid, car, 11.532210636138917, 24.81397247314453, -3.953763031959533, 0.37381207942962646,126.6511730455965, 78.90664536904005
000208.pid, person, 10.441193866729733, 23.220635223388676, -4.293310880661011, 0.3336372375488281,105.12513339149618, 66.41634558871674
000208.pid, car, 11.749075412750248, 24.749732494354248, -4.138023018836975, 0.4025576710700989,-79.46659922721875, 98.00027072081026
000210.pid, car, 12.269467671712242, 21.966463088989258, -3.8590327898661303, 0.36066439747810364,100.53508824913568, 94.04712842173767
000212.pid, car, 10.765025986565481, -18.642231835259324, -3.7399231592814126, 0.41562122106552124,149.9826931487251, 100.95119860568315
000213.pid, car, 10.772943592071531, -18.7059190750122, -3.749496269226074, 0.3947526812553406,156.15789632610597, 93.89037457076363
000214.pid, car, 10.926275840172398, -18.724571961622967, -3.6176538467407227, 0.43573901057243347,154.6555655582617, 105.53303240240135
000215.pid, car, 13.160333633422852, 16.03103478749593, -4.039606173833211, 0.3360978960990906,-88.96700662889306, 60.41179683188845
000219.pid, car, 13.431675878064384, 9.165829066572522, -3.858020067214966, 0.309802770614624,84.83039767226393, -140.2117307983703
000220.pid, car, 13.496743904916864, 7.571095240743539, -3.771177969480816, 0.3441242575645447,70.28087352656222, -154.88132713159837
000221.pid, motorcycle, 11.101843016488212, -18.89093630654471, -3.5827465227672035, 0.379297137260437,-44.388639797726576, 98.99058054818825
000222.pid, car, 11.134942134221395, -18.912018458048497, -3.5918591022491455, 0.3188234865665436,-42.8037357902832, 95.25699772843262
000226.pid, person, 11.267906849200909, -19.001824892484226, -3.579996549166166, 0.4385150074958801,-50.415944923308885, 92.78093619822913
000229.pid, person, 10.976998805999752, -14.159570370401651, -3.607450093541827, 0.46157997846603394,93.21069207961638, 55.549370860919886
000229.pid, car, -0.15482566040009438, -21.698959827423085, -0.5999944210052494, 0.3746989965438843,153.191325127686, 90.2311599441112
000230.pid, person, 10.946897574833459, -14.166424989700314, -3.6022514956338063, 0.31134042143821716,93.26761373907912, 55.576216309382964
000234.pid, person, 10.988436698913574, -13.420502523581185, -3.6386812130610147, 0.3095817565917969,93.7365790118737, 57.835342363924724
000235.pid, person, 11.072425475487343, -13.893410288370568, -3.6324820335094747, 0.38839736580848694,93.89839339774421, 58.253959808929004
000236.pid, person, 11.503521982828774, -19.270391972859695, -3.5384167671203617, 0.3164358139038086,-38.14453283482121, 98.98166047558405
000236.pid, bicycle, 11.503521982828776, -19.270391972859695, -3.5384167671203617, 0.3560105264186859,-38.144532834820765, 98.98166047558463
000237.pid, person, 11.179515004158018, -14.925831131637093, -3.6003109067678456, 0.3438573181629181,93.76153353162867, 60.254563413265316
000237.pid, car, 28.288417816162113, -11.122537067958291, -3.851417507444109, 0.4432346820831299,139.57428813812112, 94.85074198098856
000238.pid, car, 28.254479090372723, -11.238258202870687, -3.847218910853068, 0.3024980127811432,146.059522661515, 106.28763139058742
000239.pid, person, 11.178590647379556, -14.64696724414825, -3.6093336264292404, 0.3660167157649994,94.02488181241117, 59.70414224336169
000240.pid, person, 11.132064755757648, -13.53366390864054, -3.671276919047038, 0.33779802918434143,94.07446307236997, 114.71679144568154
000240.pid, car, 15.782110333442686, -4.257163584232321, -3.3113384544849405, 0.6351635456085205,-102.41493765132283, 44.09942902958841
000241.pid, car, 15.908344745635985, -4.733829498291006, -3.4226296742757167, 0.5922737717628479,-103.80822053043987, -66.90760876135339
000242.pid, car, 15.996775993934042, -5.098057306729822, -3.3745945416964016, 0.6259248852729797,49.780922441918854, -93.91487805902513
000243.pid, person, 28.00744410923549, -11.935093334742945, -3.7097796712602897, 0.3678937256336212,163.1315630914628, -28.540161691142
000243.pid, car, 15.973862574650692, -5.618793157430788, -3.392072530893179, 0.6260057091712952,42.70284295337044, 177.1940247904899
000244.pid, person, 29.49007002512614, -17.25802898406982, -3.534862240155538, 0.3418515622615814,-73.25160400802291, 121.27246739646884
000244.pid, car, 16.21038680606418, -6.035292678409143, -3.4551886187659377, 0.6325762271881104,34.49886829765795, 169.05061693696513
000245.pid, car, 16.292430135938854, -6.733709706200486, -3.506210380130344, 0.7073408365249634,-75.08266069451368, 60.094234815373426
000246.pid, car, 16.532383398576215, -7.289073705673209, -3.6149765469811186, 0.7750972509384155,-79.89940375601697, 56.01409591549295
000247.pid, person, 27.806472396850587, -12.424234485626217, -3.6616443395614633, 0.379257470369339,-13.463386554683872, -28.36234123407748
000247.pid, car, 16.823504686355587, -7.679591715335839, -3.6558326780796055, 0.7920957803726196,-79.9945264907507, 56.41354904318281
000248.pid, car, 16.911659081776936, -8.019247611363719, -3.7436175942420964, 0.8589995503425598,-76.77679666483077, 59.68654618913093
000249.pid, car, 17.170150279998776, -8.143485307693473, -3.4782608449459076, 0.8035478591918945,-7.460851137126887, -147.4424283254631
000250.pid, car, 17.709514072963167, -8.716789654323025, -3.0709474427359456, 0.8488521575927734,48.296694282759695, -176.6431967288941
000251.pid, car, 17.892675399780273, -9.135782003402703, -3.125817060470581, 0.7501376867294312,67.32168978627719, -157.30020994996292
000252.pid, person, 27.531825595431858, -13.051080173916281, -3.676044914457534, 0.3599901497364044,-28.1939115494701, 34.80457589311635
000252.pid, car, 18.01471623507413, -9.526843591169866, -3.1863841143521396, 0.8240044713020325,-115.88536965640455, -156.3541780197725
000253.pid, car, 18.153518199920654, -9.970701615015656, -3.2509428858757023, 0.7993707060813904,-78.01383102894903, 56.231785412885166
000254.pid, car, 18.406983375549316, -10.30472789491925, -3.238559177943639, 0.8529907464981079,-78.789681576654, 56.371667012508425
000255.pid, car, 19.504676586244166, -11.299862024260728, -3.1164167799600744, 0.8356449007987976,-64.9203765499949, 72.9462149851221
000256.pid, car, 19.662108357747393, -11.403929858737516, -3.0563573837280273, 0.8930118680000305,-62.488409688030615, 76.4573624212739
000257.pid, car, 19.96206514886085, -11.769411979837619, -3.114144355692763, 0.8105511665344238,-60.97867987520787, 78.52616427951389
000258.pid, car, 20.276069045066833, -12.022750775019325, -3.018438359101614, 0.9061451554298401,-57.2596565208812, 82.28699842672796
000259.pid, car, 20.45790171068768, -12.221744736959765, -3.0733671909154854, 0.9190531373023987,-58.05764580102933, 80.44921702813039
000260.pid, car, 20.66727202871571, -12.337900908096975, -3.0393492605375205, 0.889256477355957,-56.431817772528305, 82.80465704967044
000261.pid, car, 20.913073387145996, -12.677895984649656, -3.02487651348114, 0.9216095209121704,-55.605801481071005, 83.04327734431487
000262.pid, car, 20.985679799860176, -12.725560309670186, -3.007082518664274, 0.9135412573814392,-52.149174706455454, 87.31473129230851
000263.pid, car, 21.22292947769165, -12.843508091839874, -3.0154800306666987, 0.9006152749061584,-52.42283645460563, 84.57786671319793
000264.pid, person, 27.020598729451496, -14.685649553934732, -3.4321904977162685, 0.34550169110298157,161.6888669427922, 165.80713547891952
000264.pid, car, 21.35756627444563, -13.033837022452516, -3.0218895755965134, 0.8771553039550781,-49.06854424245725, 87.50498334929274
000265.pid, car, 21.338561511430584, -12.990854372743698, -3.030692678983095, 0.8971584439277649,-47.60189062920029, 90.09948639406316
000266.pid, car, 21.755244439108324, -13.285065149006089, -3.026965392263312, 0.8998107314109802,-49.013634953449724, 87.26654834756965
000267.pid, car, 21.813184601919993, -13.43202653953007, -3.0599924155644014, 0.8496606945991516,-44.62615266965888, 91.11910352887108
000268.pid, car, 21.874862262180873, -13.457757650102886, -3.068135108266558, 0.8986450433731079,-45.348891826178104, 90.42939147544931
000269.pid, car, 21.926569569495413, -13.480367106776082, -3.045785288656912, 0.9014880061149597,-41.55787138482646, 93.12610135283663
000270.pid, car, 21.948537513857982, -13.571088102997324, -3.0191907491840304, 0.8975411653518677,-43.97886093753937, 90.1359075655594
000271.pid, car, 22.032926594769513, -13.592239485846623, -3.039033951582732, 0.884238064289093,-41.38582270464719, 92.72539852925681
000272.pid, car, 21.97641436258952, -13.62622351116604, -3.0786368140467895, 0.8934487104415894,-41.829451096642536, 92.42126592996956
000273.pid, car, 22.197329751376447, -13.679675743497649, -3.0744463616404043, 0.8957967162132263,-41.11193735678676, 92.76085938844282
000274.pid, car, 22.146506842920335, -13.60669124732583, -3.110506518412445, 0.8928244709968567,-38.388772664077806, 95.98354628563834
000275.pid, person, 12.559281826019289, -20.999083518981934, -3.592306077480316, 0.31184524297714233,-158.1847382620282, -74.63960058408676
000275.pid, car, 22.00691475501427, -13.639785062349757, -3.088399956776546, 0.8830287456512451,-40.931499166125214, 94.02490637437755
000276.pid, person, 12.51236089070638, -21.108454704284668, -3.5325225989023834, 0.3036072254180908,-148.30780205582607, -89.92051890527786
000276.pid, car, 22.063066667126073, -13.673737802813129, -3.0687109039675806, 0.8846568465232849,-38.34113437594558, 95.90317646743411
000277.pid, car, 21.96566793001615, -13.53846516242394, -3.1032842452709497, 0.8955380320549011,-40.3232455480494, 94.91051821250151
000278.pid, car, 22.063087050120036, -13.638104724884032, -3.071588162581126, 0.8885742425918579,-41.12633318501112, 93.27996424163807
000279.pid, car, 22.183483563936672, -13.671045413384068, -3.122451387918913, 0.9025949239730835,138.61997125251176, 92.92791033366524
000280.pid, person, 12.688018117632186, -21.25929069519043, -3.4320222990853444, 0.6291710734367371,-152.75502487719228, 160.89809364318353
000280.pid, car, 22.170230959282545, -13.697211187393936, -3.065009121034967, 0.8997176885604858,-39.98943760123962, 94.25313108147677
000281.pid, person, 12.686366898672924, -21.333190645490372, -3.4365748337336948, 0.5171576142311096,-154.8432306632318, 158.85239981385212
000281.pid, car, 22.158764435694767, -13.669411824299736, -3.143521694036631, 0.9063777923583984,139.52169102093106, 93.8227798179015
000282.pid, person, 12.706965684890749, -21.37739133834839, -3.4337372481822968, 0.5881159901618958,-149.19321703231344, 164.43895638201212
000282.pid, car, 22.068009636618875, -13.6870378667658, -3.1347958001223484, 0.9014239311218262,139.18591067068718, 93.63146928420682
000283.pid, car, 22.094071686267853, -13.668311327695845, -3.0901349596679215, 0.9084963202476501,-41.05993784473099, 93.2649868733023
000284.pid, person, 12.716618299484255, -21.52228832244873, -3.4392159581184387, 0.41629520058631897,-150.67596150819034, 162.9939722505972
000284.pid, car, 22.06614368244753, -13.635132240036784, -3.0910469839128396, 0.9134917855262756,-40.7913112225322, 93.66315434064988
000285.pid, person, 9.58785629272461, -3.429044818878174, -3.8741132736206056, 0.5332177877426147,-155.78108843482326, -110.2953972117873
000285.pid, car, 22.184136424745834, -13.762795192854743, -3.1472244773592273, 0.9058021306991577,141.4968915274355, 95.85577194511016
000286.pid, person, 25.83417510986328, -17.494443045722107, -3.2957810031043158, 0.3224714696407318,165.76556487484984, 116.7264040481322
000286.pid, car, 22.127508848905563, -13.74334444105625, -3.103187493979931, 0.9126800298690796,-39.53726792762033, 94.77542453905284
000287.pid, person, 12.810081005096437, -21.655874967575073, -3.4225382208824153, 0.3347441554069519,-154.74082368569782, 158.95902796884752
000287.pid, car, 22.089438775869517, -13.615954985985388, -3.0928301261021542, 0.9077528119087219,-38.90579666255158, 95.39644813018656
000288.pid, car, 22.017419656117756, -13.468864329655963, -3.116193648179373, 0.9088332056999207,-41.591810785813436, 93.75984946221045
000289.pid, person, 12.864009175981796, -21.78504262651716, -3.415653501238141, 0.43829771876335144,-149.74368951857005, 163.91415080471162
000289.pid, car, 22.15694632353606, -13.680787792912234, -3.1195204611177796, 0.9067953824996948,-38.091107116481936, 96.41243912657892
000290.pid, person, 12.865059137344362, -21.85297918319702, -3.4189388751983643, 0.5018712282180786,-146.32180322097102, 167.32441606789004
000290.pid, car, 21.98662298816745, -13.539111622309278, -3.094355930716305, 0.9010887145996094,-41.068961833485666, 93.19888655536045
000291.pid, person, 12.903925259908041, -21.93020142449273, -3.3961134221818714, 0.49111101031303406,-136.35016335171426, -100.2965640420036
000291.pid, car, 22.068261951208115, -13.650042772293089, -3.117243763059378, 0.9068337082862854,-37.89151981042321, 96.5084722537118
000292.pid, person, 12.889582729339603, -22.031732940673827, -3.39223473072052, 0.46741190552711487,-150.2435913927055, -115.14916286396524
000292.pid, car, 22.157629475449067, -13.641509980866402, -3.088317983078234, 0.9126750230789185,-39.406529826954504, 94.8773739659121
000293.pid, car, 21.717739248275755, -13.170185017585752, -3.0030566811561585, 0.9039818644523621,-41.094351409763924, 93.66991181971134
000294.pid, person, 12.934006333351137, -22.115800857543945, -3.3982803225517273, 0.6012377142906189,-157.52496752729712, -120.11850653411754
000294.pid, car, 21.995973057217068, -13.395894818835785, -3.0762957731882734, 0.9025384783744812,-50.628912954133455, 84.23828697770065
000295.pid, person, 12.989165518018936, -22.17597092522515, -3.3752409087287054, 0.7042996883392334,-140.04742412884994, -103.6942206354211
000295.pid, car, 21.986686216081893, -13.499218532017295, -3.0036858763013567, 0.9064187407493591,-49.72991109291453, 84.98428324243038
000296.pid, car, 22.030385547214085, -13.60728745990329, -3.0584387646781077, 0.9153086543083191,-51.41763720148696, 83.35817278268732
000297.pid, car, 22.406659636386607, -14.084054436794544, -3.069140229114266, 0.9053932428359985,-55.210429532856715, 79.84142386791011
000298.pid, car, 22.48261637157864, -14.179729037814667, -3.0702355636490717, 0.9026653170585632,-56.345914186299005, 78.86480036134631
000299.pid, car, 22.243151200123318, -13.984473937597027, -3.101224501927694, 0.9049705266952515,-54.20768901069088, 80.68305072627335
000300.pid, person, 25.127150853474937, -19.293297661675346, -3.2440818150838218, 0.30246272683143616,171.08930474207224, 114.06741981273315
000300.pid, car, 22.415087097569515, -14.02007258565802, -3.096413938622726, 0.9053975343704224,-57.05950049262757, 77.87688357790864
000301.pid, person, 13.105396747589113, -22.47835572560629, -3.3477534055709834, 0.35654208064079285,-146.011567826682, 175.33570970615563
000301.pid, car, 22.35496163368225, -14.11399528980255, -3.128012561798096, 0.9024147391319275,-58.2398776417237, 76.94699442297812
000302.pid, car, 22.43982475682309, -14.23251817100926, -3.082042631350066, 0.9083284139633179,-59.390318720264844, 75.67825443096605
000302.pid, person, 13.221664619445804, -22.40229949951172, -3.355958890914917, 0.44288673996925354,87.01776812264033, -49.56402185491785
000303.pid, car, 22.107576847076416, -13.97843429777357, -3.1211831503444247, 0.9059556126594543,-59.26282658006904, 75.61030274116112
000304.pid, car, 22.191929401495514, -14.017027219136553, -3.0855580232082267, 0.9029075503349304,-60.485299114156916, 74.48660422507012
000305.pid, car, 22.344709555308025, -14.319108247756954, -3.1203083263503184, 0.9068751931190491,-61.819858585222995, 73.1734011791766
000306.pid, car, 22.45142979092068, -14.433972040812172, -3.097954716947344, 0.9109184741973877,-62.49339602236424, 72.5918413798621
000307.pid, car, 22.494690192373174, -14.7620970575433, -3.152508992897837, 0.8460891842842102,-64.08405317457002, 70.92961325796414
000308.pid, car, 22.478438764005094, -14.412121489241313, -3.0994065516703837, 0.8925618529319763,-63.801187665525724, 71.352039402445
000309.pid, car, 22.555884647369385, -14.66551465988159, -3.1265285432338716, 0.8973456621170044,-65.43852221005241, 69.59761516813188
000310.pid, person, 24.62144703335232, -20.610285653008354, -3.249821345011393, 0.31048673391342163,161.43581421935627, -149.33823516229847
000310.pid, car, 22.591164975552946, -14.545003530141466, -3.1188179995562577, 0.9088236093521118,-67.47879830487909, 67.65987991804059
000311.pid, person, 24.573525428771976, -20.716608047485355, -3.2611703872680664, 0.4067915380001068,161.65041500181607, 91.79216765772529
000311.pid, car, 22.40883743061739, -14.428574898663685, -3.1197351287393014, 0.911243736743927,-66.85399329910058, 68.34800141865277
000312.pid, person, 24.527964062160915, -20.820375018649635, -3.265241675906711, 0.3781876862049103,167.63017448443756, 91.5516492973566
000312.pid, car, 22.457858330862862, -14.640229524884901, -3.1239894935062953, 0.9053815603256226,-68.26237719666074, 66.69764574479957
000313.pid, person, 24.47209186553955, -20.921991157531743, -3.2884196758270265, 0.3743313252925873,-176.11463621945373, -139.3426334113954
000313.pid, car, 22.41052972702753, -14.308825333913164, -3.036738520576841, 0.9033298492431641,-67.91106958920041, 67.34456891832461
000314.pid, car, 22.253998314462056, -14.009607198761728, -3.0625857027565564, 0.8907719850540161,-67.87678486184143, 67.0895745429584
000315.pid, car, 22.444966179983957, -14.311694099789571, -3.093472883814857, 0.8862900137901306,-68.94621560944788, 66.24071056936131
000316.pid, car, 22.557317440326397, -14.835245279165411, -3.1425659350859814, 0.896337628364563,-70.97519304903835, 64.24749266428722
000317.pid, car, 22.34064883720584, -14.198154193599047, -3.073911428451538, 0.8975388407707214,-69.42091393302577, 65.81403357583099
000318.pid, car, 22.462979519005973, -14.579915942567764, -3.111701170603434, 0.8936817646026611,-72.94573866862008, 62.09880223182642
000319.pid, person, 24.16464684226296, -21.787241675636988, -3.3132658438249067, 0.3494311571121216,173.4004681045186, 100.73155264703365
000319.pid, car, 22.416981162094487, -14.841725605290108, -3.09893644146803, 0.892020046710968,-72.48051571067958, 62.754361161433565
000320.pid, car, 22.368086496988933, -14.510364782242545, -2.997498370352246, 0.9040418267250061,-74.25198241601157, 60.75503966242353
000321.pid, car, 22.306304931640625, -14.722636268252415, -3.074772658802214, 0.9048187136650085,-73.77656547315436, 61.31261354647016
000322.pid, car, 22.487902554598723, -15.047048250834143, -3.158615256800796, 0.9026742577552795,-74.55442359024467, 60.643617507373655
000323.pid, car, 22.154451890425246, -14.119551138444377, -3.071617935643052, 0.9018102288246155,-72.71474808029882, 62.47001682654756
000324.pid, car, 22.324350357055664, -14.437497236789799, -3.0334076025547128, 0.8989678621292114,-75.30636216746785, 59.93613783080483
000325.pid, car, 22.26310584419652, -14.328316086216974, -3.0662439057701514, 0.8897278904914856,-74.90635870880791, 60.2627063848941
000326.pid, car, 22.250353442298042, -14.404145214292734, -3.095215287473467, 0.8956524133682251,-75.43028574604627, 59.7677001965854
000327.pid, car, 22.420621871948242, -14.536842902501421, -3.0603257682588367, 0.8892921209335327,-77.18894720896336, 58.06002878874603
000328.pid, person, 8.187994321187338, -4.920192400614422, -3.9911312659581504, 0.3301273286342621,-38.083500054911774, -138.47006240459197
000328.pid, car, 22.091888863699776, -13.905383981977186, -3.056436906542097, 0.8846314549446106,-74.96897689298429, 60.110180410960275
000329.pid, person, 8.158971309661867, -4.989010175069174, -4.001425623893738, 0.3344495892524719,-23.651047679625876, 54.40239815612409
000329.pid, car, 22.233961701393127, -14.158958464860913, -3.08121082931757, 0.8903299570083618,-75.8499370831937, 59.16589266152861
000330.pid, person, 8.103639507293703, -5.113536548614501, -3.9242823123931885, 0.5472782850265503,2.2759057329579653, -135.0577758312341
000330.pid, car, 22.085273152305966, -13.617954027085075, -3.019380279949733, 0.886498749256134,-73.6704528627777, 61.36755581230093
000331.pid, person, 8.063959121704105, -5.182556724548339, -3.932778072357178, 0.33065491914749146,6.702652897796381, -119.5334571905398
000331.pid, car, 22.1128347714742, -13.602706988652544, -2.9725212189886303, 0.8870419263839722,-75.56882706448452, 59.4276142081333
000332.pid, car, 22.140677003299487, -13.69175644481883, -3.061102502486285, 0.8878583312034607,-75.11489351723597, 60.13797921343855
000333.pid, car, 22.20295026567247, -13.728740056355791, -3.0109438962406587, 0.899602472782135,-74.67020074021953, 60.49229242803454
000334.pid, person, 13.443155670166012, -23.864889144897454, -3.409222579002381, 0.32767581939697266,-171.05033996760383, -131.9290910012055
000334.pid, car, 22.048486868540447, -13.640858464770844, -3.0986245671908064, 0.9060181975364685,-74.63148629633437, 60.44680181525456
000335.pid, person, 13.422374407450356, -23.903752009073887, -3.403945366541545, 0.3485488295555115,-172.43160942808422, -131.80572938389594
000335.pid, car, 22.127774381637572, -14.138429498672483, -3.070939391851425, 0.9103243350982666,-78.4889672750297, 56.63819227637458
000336.pid, person, 13.41676478915744, -23.939324273003464, -3.4098045825958256, 0.37160176038742065,-172.53990900383104, -134.50149360093695
000336.pid, car, 22.105003666233372, -13.419054160246976, -3.0393222538200586, 0.9058752655982971,-68.5090734079031, 66.68448554569201
000337.pid, person, 23.204393704732258, -24.17592811584473, -3.041551172733307, 0.3190031945705414,85.41171307152631, -45.50672714897189
000337.pid, car, 22.258315978511686, -13.725945365044376, -3.1049795689121376, 0.9000518321990967,-41.06490853860891, 93.17213605364219
000338.pid, person, 23.156865861680775, -24.330674489339195, -3.055362092124091, 0.3580387234687805,153.85381268571643, 30.84394989765883
000338.pid, car, 22.282943079027078, -13.77618068759724, -3.127413543604188, 0.8895090818405151,-42.623174191333334, 91.45762657466682
000339.pid, car, 22.394907336764867, -13.825556945800779, -3.105367030037774, 0.887540340423584,136.9259243927089, 90.96470318615746
000340.pid, person, 13.46982345581055, -24.01140937805176, -3.419200873374939, 0.3273746371269226,-175.9286726593863, -138.78840767204213
000340.pid, car, 22.252461213331955, -13.681562790503866, -3.1513587007155786, 0.8924345374107361,-39.35715369751727, 95.2515845389647
000341.pid, person, 13.445420698686076, -24.051506909457114, -3.4178150350397285, 0.336767315864563,-174.69679321779105, -139.0898765486972
000341.pid, car, 22.257216421763097, -13.712629222869872, -3.1071850021680203, 0.9031552672386169,-38.63746529314539, 96.12476007569748
000342.pid, person, 13.443664932250973, -24.048995780944818, -3.420522117614746, 0.3282337784767151,-172.02229643374258, -134.63932697602644
000342.pid, car, 22.294072382377855, -13.690290349902527, -3.0596458875771724, 0.9152440428733826,-41.56553975729371, 92.74309309507832
000343.pid, person, 13.438236618041987, -24.05080318450927, -3.423069381713868, 0.3118516206741333,-171.80320781971443, -131.86551007240456
000343.pid, car, 22.388815625508627, -13.915220562616982, -3.118432946999868, 0.9081683158874512,-42.264863486144655, 92.33696836974491
000344.pid, person, 13.46163463592529, -24.09193759494357, -3.4149802260928688, 0.3318774998188019,-167.33696314729764, -130.6879835935687
000344.pid, car, 22.52356506216115, -13.994381657962139, -3.1535114625404628, 0.9026846885681152,138.7451512699468, 93.57962167262114
000345.pid, car, 22.60047577045582, -13.943889829847546, -3.0670793542155512, 0.9142407774925232,-42.56386292335629, 92.03332733333723
000346.pid, car, 22.622466405232746, -14.013762858876008, -3.043315711774324, 0.9119285345077515,-40.29580694057752, 93.90384103357853
000346.pid, person, 13.441862010955807, -24.14594821929931, -3.431991124153138, 0.34820255637168884,-161.28633495881743, -125.40183285458238
000347.pid, person, 13.436029434204102, -24.175170378251504, -3.425698258660057, 0.3843161165714264,-162.07815017389197, -126.18772210523022
000347.pid, car, 22.51649788447789, -14.042772701808383, -3.063136845827103, 0.9095305800437927,-40.0040416095705, 95.11383414514188
000348.pid, person, 13.482505321502686, -24.21693496704101, -3.409213066101074, 0.40852412581443787,150.68693555371266, 105.06202900714192
000348.pid, car, 22.601461443984718, -14.071203532971833, -3.014556951690139, 0.9052878618240356,-41.23306923931541, 94.23091879466963
000349.pid, person, 13.429220962524415, -24.185068511962886, -3.424759697914124, 0.3912408947944641,-173.87244424946087, -130.79020048035915
000349.pid, car, 22.673948205035664, -14.040664900904114, -3.0912372288496597, 0.8922473788261414,-42.17439258828745, 93.79091963872278
000350.pid, person, 13.48464660644531, -24.24839134216308, -3.41221091747284, 0.41980382800102234,164.83201631052896, 110.4214770899111
000350.pid, car, 22.734737825393676, -14.383965301513669, -3.0477373957633973, 0.8756473660469055,-82.60263823112915, 52.28386468283527
000351.pid, person, 13.430088806152341, -24.211953163146962, -3.4273476600646973, 0.48363518714904785,-169.83142318284652, -127.32642701889574
000351.pid, car, 23.000035346822536, -15.461337312738944, -3.0604888834851853, 0.8920125961303711,-87.98349768791073, 46.87960843183817
000352.pid, person, 13.469438023037378, -24.21733792622883, -3.419070747163561, 0.4329649806022644,-172.96811743676906, -132.57558935842425
000352.pid, car, 23.212789869308473, -16.175431275367735, -3.1343214690685275, 0.8893157839775085,-89.74775785503695, -44.6374463930814
000353.pid, person, 13.463531136512755, -24.240350484848015, -3.407035052776337, 0.4524257183074951,-167.62027578500047, -124.99829790585446
000353.pid, car, 23.3616886138916, -15.22184793949127, -3.085932111740113, 0.8935785293579102,-86.85962641618926, 48.01267181752167
000354.pid, person, 13.45773167080349, -24.284012900458436, -3.424106412463718, 0.4373999834060669,171.44202034160858, 117.78011697592176
000354.pid, car, 23.512027475568985, -16.06690536604987, -3.223228289021386, 0.8131373524665833,-90.22164426571129, 44.896470579721466
000355.pid, person, 13.466785192489622, -24.403113365173336, -3.5338732004165654, 0.38856908679008484,-87.76183501187127, 129.60777776501243
000355.pid, car, 23.61059396163277, -16.78400091502977, -3.2125548849935117, 0.8392050266265869,-92.97689294697821, -138.0391467702016
000356.pid, person, 13.479435443878172, -24.29493355751037, -3.4125393033027653, 0.4181811213493347,173.32267737005316, 121.5076758162362
000356.pid, car, 23.71884943309583, -15.843149009503813, -3.0986455427972897, 0.8342545628547668,-92.0586761060078, -137.1788465153447
000357.pid, person, 13.456314693797715, -24.31466761502352, -3.426796566356313, 0.43354299664497375,-173.5060865582417, -131.5093654982302
000357.pid, car, 23.849293112754822, -16.286293963591255, -3.011796772480011, 0.8339062929153442,-94.34715967420377, -139.47656930192204
000358.pid, car, 23.89557389652028, -17.1263417075662, -3.164296080084408, 0.8335293531417847,-95.69775498148616, -140.27877838019603
000358.pid, person, 13.493565718332924, -24.441991647084546, -3.524354537328085, 0.41971009969711304,-93.69912805319876, -157.82674274921712
000359.pid, person, 13.477071415294297, -24.435321981256653, -3.475482810627331, 0.43837541341781616,-93.1984047732308, -57.79584709744615
000359.pid, car, 24.16727778786107, -16.405778408050534, -3.1054789643538627, 0.8051328063011169,-96.69173141293696, -141.4915929412981
000360.pid, person, 13.474328517913818, -24.500452423095698, -3.5598063707351693, 0.42590147256851196,-89.12615267799497, 126.99849099286268
000360.pid, car, 25.039240860357516, -15.680857542084482, -3.150889332701521, 0.8605974316596985,-47.2662080551518, 93.67754171214926
000361.pid, person, 13.493151760101316, -24.515520095825188, -3.541877269744874, 0.336571604013443,-89.2708909162136, 124.37639658305685
000361.pid, car, 25.109555093865644, -15.67115101061369, -3.149655015845048, 0.8741836547851562,-43.93347719799149, 97.7482336926882
000362.pid, person, 13.516108274459837, -24.572077115376786, -3.5667226115862527, 0.3147795796394348,-90.98026130410595, -157.28390259797402
000362.pid, car, 25.365877502842952, -15.70335749575966, -3.1540818904575554, 0.9033160209655762,-41.269858209811595, 101.95967519718597
000363.pid, person, 13.499526405334473, -24.53779735565185, -3.541226100921631, 0.3263086974620819,-92.16279528484833, -51.89059677545572
000363.pid, car, 25.84905630169493, -16.109941858233825, -3.0472955848231464, 0.873528242111206,-45.55550719295344, 94.16399635163229
000364.pid, person, 13.487629985809324, -24.54954109191894, -3.5289414167404183, 0.35153383016586304,-90.13288051199883, -77.34137832077913
000364.pid, car, 26.015594573248002, -16.010627474103654, -3.0378597180048628, 0.8555843234062195,-49.809935395569795, 90.77496319762679
000365.pid, person, 13.51512134075165, -24.41137027740479, -3.4162387549877167, 0.39501312375068665,165.90917218940135, -148.28173525861698
000365.pid, car, 26.502814292907715, -16.273826122283932, -3.154753029346466, 0.881193995475769,-38.8731387601492, -161.96583378280272
000366.pid, person, 13.497350965227401, -24.41353171212333, -3.425932134900774, 0.4174998104572296,174.7342346119146, 118.22499118925492
000366.pid, car, 26.929335089290845, -16.44106256260591, -3.2789253066567814, 0.7494584918022156,-47.160172079704225, 104.11054364004767
000367.pid, person, 13.460860550403593, -24.558752536773675, -3.5310477614402775, 0.4102223813533783,-99.4774557007239, -144.65054654664303
000367.pid, car, 27.328307824976303, -16.629830472609573, -3.203243620255414, 0.8353036046028137,-50.75374857214433, 135.6946632774745
000368.pid, person, 13.45667497316996, -24.639661947886143, -3.5801999568939213, 0.3718118667602539,-84.2970790872907, 106.2507479930228
000368.pid, car, 27.889923424556336, -16.800928444697934, -3.146601232989081, 0.8525339961051941,-65.22149364795239, 155.01628681621656
000369.pid, person, 13.479239463806154, -24.435995275324043, -3.423990856517445, 0.32431814074516296,-131.01736866018166, -11.400303704385857
000369.pid, car, 28.021154657999674, -16.98538926442464, -3.2012178897857666, 0.8082473874092102,-64.94839934888336, 75.69470955638721
000370.pid, car, 28.422939234766467, -17.018227149700294, -3.1752649504562904, 0.869720995426178,-86.66585715946314, 119.9217826562629
000371.pid, car, 28.752213432675315, -17.183162144252226, -3.130075216293336, 0.8327149748802185,84.42820543238781, -76.88582133281017
000372.pid, person, 13.49168062210083, -24.59582710266113, -3.585322797298432, 0.31968796253204346,-89.07051396999468, 128.08388774633278
000372.pid, motorcycle, 13.49168062210083, -24.59582710266113, -3.585322797298432, 0.3030918836593628,-89.07051396999468, 128.08388774633278
000372.pid, car, 29.292034875778924, -17.316955838884624, -3.1472753343128024, 0.8289147615432739,-65.2192660587708, 160.7180191472718
000373.pid, person, 22.894598113165962, -25.218083699544273, -3.460753017001682, 0.3212188482284546,176.50778742055923, -7.180983493759612
000373.pid, car, 29.64800672531128, -17.49638938903808, -3.2162545800209044, 0.8734913468360901,-78.51399950637416, 119.65565167413041
000374.pid, person, 22.91782502567067, -25.21792860592113, -3.486193713019876, 0.3119935393333435,164.50457985374948, -35.276643514045674
000374.pid, car, 30.19753994661219, -17.531311259550204, -3.20485172552221, 0.8391828536987305,-72.81225123728558, 136.25138492638604
000375.pid, person, 13.478892517089841, -24.5592451095581, -3.5637605905532843, 0.3163703382015228,-88.962951660736, 122.09597897799352
000375.pid, car, 30.637005956549395, -17.689335371318613, -3.2657828832927507, 0.7537742853164673,-74.56487850541012, 105.65447021071287
000376.pid, person, 13.513619349553036, -24.65801283029409, -3.617533427018386, 0.3517892360687256,-84.8869207988539, 27.52755394208726
000376.pid, car, 31.130723476409912, -18.024442911148068, -3.159113258123398, 0.694840133190155,115.63020741000328, 121.46310200221465
000377.pid, person, 13.512364040721547, -24.62693578546697, -3.5727553584358915, 0.365268349647522,-85.80432443906963, 108.50194577241736
000377.pid, car, 31.38919957478841, -18.216622670491525, -3.3878732522328705, 0.697761595249176,103.80968192761055, 58.968506492205854
000378.pid, person, 13.50260257720947, -24.60409619258, -3.5718403229346642, 0.3452688455581665,-89.3879689156551, 113.42873766528304
000378.pid, car, 9.117806324592001, -13.719772045428936, -4.036410203346839, 0.3228505253791809,-68.69633651537592, 100.47924922140534
000379.pid, car, 6.347632805506383, -6.867685794830316, -4.14513631661733, 0.3841385543346405,22.99735311675778, 77.2638621977426
000379.pid, person, 22.921398289998372, -25.212403615315754, -3.4413895765940348, 0.3407873213291168,-176.4506658449923, -179.04739829150614
000380.pid, person, 13.539935874938964, -24.670547103881834, -3.646713415781657, 0.32651564478874207,-91.0701681248551, -144.83175416396466
000380.pid, car, 6.332900784232397, -6.835122758691957, -4.12071867422624, 0.39302587509155273,175.60820686312738, 67.47421105310117
000381.pid, person, 13.474723122336645, -24.683210026134134, -3.6397571130232382, 0.34922102093696594,-86.204838557653, 102.73646118312905
000381.pid, car, 6.313122415542599, -6.804293298721309, -4.0958918809890745, 0.4066656529903412,23.686539564981167, 80.17345767855468
000382.pid, car, 6.230207072363957, -6.777290344238275, -4.096916172239516, 0.3614738881587982,-11.668113772153268, 88.64316403883441
000382.pid, person, 13.484102058410642, -24.70916786193847, -3.650126647949219, 0.3512020409107208,-87.10871018424709, 100.75678753399524
000383.pid, person, 13.448218481881275, -24.50819996425083, -3.5083645411900117, 0.3214578926563263,-86.54595609503293, 98.35041904915221
000383.pid, car, 6.162756061553952, -6.748131656646722, -4.076821279525758, 0.337452232837677,-163.92583182506198, -86.60734626215908
000384.pid, person, 13.484382282603868, -24.536165757612743, -3.547044623981823, 0.3259747624397278,-90.96308940762724, -159.65444762969372
000385.pid, person, 13.480194091796873, -24.549632390340165, -3.5475689371426906, 0.3106480538845062,-92.57305269189824, -54.38612367402364
000385.pid, car, 5.98914102407602, -6.653148724482605, -4.0769901642432576, 0.30086401104927063,-61.958670060802504, 91.3027912249188
000386.pid, person, 13.459636569023132, -24.497710227966298, -3.4885492920875554, 0.31381577253341675,-88.95901638607536, 99.3399367968015
000387.pid, person, 22.928646489193564, -25.233703211734174, -3.49882920164811, 0.36136552691459656,170.68123263172518, -22.793648889968996
000388.pid, car, 5.898996960033068, -6.6216979893770995, -4.044618129730225, 0.30133724212646484,-65.50623739664734, -18.818488058246807
000388.pid, person, 22.915681838989258, -25.22526639302572, -3.5017038663228353, 0.43914180994033813,174.9787667803836, -8.593875975946428
000389.pid, person, 22.899584770202637, -25.223748493194584, -3.4614632010459894, 0.34846097230911255,-174.01798865756348, -174.4347133581629
000389.pid, car, 5.867028474807736, -6.59156115849812, -4.033120314280192, 0.3027063310146332,-66.77846470934408, 69.4735185361799
000390.pid, person, 22.912517996395337, -25.208928613101733, -3.54186645676108, 0.34622225165367126,176.84777123618758, -3.3629785271922166
000390.pid, car, 5.844403028488157, -6.564609003067015, -4.021775126457214, 0.3050711750984192,117.17328679823508, 72.28555088752798
000391.pid, person, 22.90797387985956, -25.205955142066593, -3.5034648463839577, 0.36507880687713623,179.3327920737485, -2.9035008287618025
000391.pid, car, 5.81239791349931, -6.4261588616804595, -3.9732537269592285, 0.3112613260746002,104.29808925408588, 56.702862506224825
000392.pid, person, 22.904362773895265, -25.2116982460022, -3.4881500363349915, 0.39114731550216675,-177.09418177800674, -177.81055690078398
000394.pid, car, 31.044742107391357, -1.672823756933198, -1.4527665674686432, 0.3875559866428375,-106.53552332289988, 74.3545471580252
000395.pid, person, 22.91966117512096, -25.22879123687744, -3.50811522657221, 0.3959321081638336,-173.43829131790835, -175.2896171113522
000397.pid, person, 13.492478983742851, -24.618060929434638, -3.5718396561486387, 0.3065933585166931,-91.0047083088806, -151.0481083001261
000397.pid, car, 5.742354822158811, -6.356229400634763, -3.955366539955139, 0.32697296142578125,121.19488023535723, 72.56061524700164
000398.pid, person, 22.918102979660034, -25.203866600990295, -3.5209100395441055, 0.30324074625968933,178.54432221892353, -8.279993048109203
000398.pid, car, 5.731672710842554, -6.351097477806936, -3.9474118020799427, 0.3384583294391632,121.29200809305149, 72.49342511844864
000399.pid, car, 5.731023788452145, -6.340921825832788, -3.943960534201728, 0.3019416332244873,124.97116940517203, 75.98616837706355
000400.pid, car, 5.706581939350473, -6.307264414700591, -3.933186726136641, 0.3519960045814514,123.19226681712132, 74.44664496506616
000401.pid, car, 5.688924442638048, -6.298145814375442, -3.9259159131483603, 0.3282296061515808,121.79338162476624, 73.27520268052947
000402.pid, person, 22.909470558166504, -25.22269980112712, -3.483341111077203, 0.38898709416389465,-179.83090487195955, 179.65790375654436
000402.pid, car, 5.699426174163816, -6.289505871859458, -3.9274386492642495, 0.3320397138595581,-58.02329904772741, 73.9267302352386
000403.pid, car, 6.990222334861755, -9.349673390388487, -3.876420776049296, 0.3491438329219818,-67.46545252453825, 67.74573986445763
000404.pid, person, 22.914686097039116, -25.224747657775882, -3.484970728556315, 0.3284665644168854,177.0774170132689, -14.026475940478496
000404.pid, car, 5.703888177871702, -6.333582019805904, -3.940612292289734, 0.3042753040790558,127.95460883677633, 79.51727659270396
000405.pid, car, 5.72786466280619, -6.330590764681497, -3.9460752010345463, 0.32213014364242554,110.46000826803592, 63.138010802534694
000405.pid, person, 22.900276632869947, -25.231482674093808, -3.4724952192867504, 0.3165546655654907,-173.9702809514838, -174.42183324813539
000406.pid, car, 5.771618631150983, -6.3275427818298295, -3.948796351750692, 0.3306981325149536,117.18696929043303, 69.09509584007448
000406.pid, person, 22.9260188208686, -25.22037156422933, -3.5457702345318265, 0.35903969407081604,178.88313776887276, -10.199348231901197
000407.pid, person, 22.90499186515808, -25.2234388589859, -3.4539668262004852, 0.30035924911499023,173.49559567854843, -18.414557276597364
000407.pid, car, 5.79289126396179, -6.3414617061614935, -3.952895736694336, 0.34727808833122253,127.15349150395275, 78.75001818185257
000408.pid, person, 13.528519312540688, -24.788088862101233, -3.6626111666361494, 0.3582761287689209,-84.6659840856849, -104.15172387163473
000408.pid, car, 8.508975722573018, -12.997747247869313, -3.8064801042730156, 0.396444171667099,-67.71023256441896, 68.79815409003074
000409.pid, person, 13.512783432006835, -24.83101170857747, -3.7163077513376876, 0.3775605261325836,95.33436221746827, 106.71723107719077
000410.pid, person, 13.479341904322304, -24.680704275767003, -3.591995259126028, 0.38169896602630615,-97.49605537530931, -84.22313339644204
000410.pid, car, 5.79866027832031, -6.37165522575378, -3.975244422753652, 0.3241282105445862,165.7098429394554, 119.27021683547854
000411.pid, car, 5.8397047042846655, -6.377408981323233, -3.971455931663514, 0.3122619688510895,176.46692967743385, -138.70361463647828
000411.pid, person, 13.47752302343195, -24.68942295421253, -3.5446078777313232, 0.41416314244270325,-95.74115876335057, -84.88239023140777
000412.pid, person, 13.495104276216948, -24.670456079336308, -3.5696794803325953, 0.42615771293640137,-96.36311554332222, -81.86275116502493
000413.pid, person, 13.513126960167515, -24.739701197697563, -3.613452434539795, 0.4057843089103699,-88.9921589076174, 95.13123745882632
000414.pid, person, 13.504582625169018, -24.81041629497821, -3.6675988160646886, 0.37025707960128784,-84.14478957003604, 101.6214039839535
000415.pid, person, 13.513390907874474, -24.751815502460182, -3.6125820416670584, 0.37040019035339355,-84.16704556576533, 100.34332175169031
000416.pid, person, 13.472986062367754, -24.69546620051065, -3.605387707551321, 0.3330083191394806,-92.40957380511306, -78.83302238878855
000417.pid, person, 13.464999866485593, -24.654447555541985, -3.5661753177642828, 0.46882474422454834,-95.22544826335786, -84.81546063437023
000418.pid, person, 13.52547190739558, -24.761287835928105, -3.609524011611939, 0.4500204026699066,-83.40394377434899, 107.79534185386414
000419.pid, person, 13.470263994657076, -24.609236056988053, -3.560294206325825, 0.46453848481178284,-102.93140653041158, -77.9282260778565
000420.pid, person, 13.482275221082897, -24.635990778605134, -3.5070086320241294, 0.4342159628868103,-92.95861664620179, -82.59522986438841
000421.pid, person, 13.487433036168413, -24.602056980133053, -3.5139528711636867, 0.4157958924770355,-100.71341624682225, -66.95720163430707
000422.pid, person, 13.498046701604666, -24.677745819091793, -3.5693852467970415, 0.40303337574005127,-90.79603511573953, -70.53445513917292
000423.pid, car, 7.7142841418584185, -11.076476136843361, -3.939248820145925, 0.32414159178733826,-67.57804850330163, 68.41687845444329
000423.pid, person, 13.492146205902097, -24.703384780883788, -3.556562900543214, 0.4204220473766327,-86.83896528071037, 103.57207154279709
000424.pid, motorcycle, 13.47837482799183, -24.707869963212442, -3.6055803515694365, 0.3041035532951355,-88.50652519700598, 102.3250142157686
000424.pid, person, 13.47837482799183, -24.707869963212442, -3.6055803515694365, 0.4516066014766693,-88.50652519700598, 102.3250142157686
000425.pid, motorcycle, 13.500878854231399, -24.664448998191133, -3.5398788668892607, 0.30825015902519226,-89.80793393985775, 98.64530587347814
000425.pid, person, 13.500878854231399, -24.664448998191133, -3.5398788668892607, 0.45143595337867737,-89.80793393985775, 98.64530587347814
000426.pid, person, 13.48355822129683, -24.638447674837973, -3.498373941941695, 0.45732519030570984,-97.61032881252211, -82.56784379847294
000426.pid, motorcycle, 13.48355822129683, -24.638447674837973, -3.498373941941695, 0.32881245017051697,-97.61032881252211, -82.56784379847294
000427.pid, car, 5.87127621968587, -6.594280004501337, -4.0605261127154035, 0.3184942901134491,-134.68875797891778, -94.08098540309224
000427.pid, person, 13.481478431008078, -24.650032390247688, -3.5503240281885327, 0.41628962755203247,-101.2551327024822, -90.55557156554335
000428.pid, person, 13.484640928415152, -24.614664371197037, -3.5054565576406627, 0.33418676257133484,-100.82908332768766, -66.0146947710357
000428.pid, car, 5.874869786776027, -6.614670900198127, -4.0557884986584005, 0.30791226029396057,31.272757682471624, -106.5577382601729
000429.pid, person, 13.494659491947717, -24.735876355852394, -3.6706371818270007, 0.3024243712425232,-83.8165241367095, 25.845148354363232
000429.pid, car, 5.876446577218861, -6.606676431802598, -4.051468610763551, 0.3526897430419922,24.638831142213164, -113.12032687022185
000430.pid, car, 5.87851481437683, -6.606992292404169, -4.0548439741134645, 0.3250364363193512,22.95716267223757, -114.88256722855557
000431.pid, person, 22.91406567891439, -25.213837093777126, -3.5187567869822183, 0.34286317229270935,176.90899085644176, -14.15684235370054
000431.pid, car, 5.877416332562762, -6.592792749404899, -4.061122298240662, 0.3242020606994629,-145.73011448888207, -104.97419875359012
000432.pid, person, 22.93181744743796, -25.220291025498334, -3.513513677260455, 0.4036490023136139,172.1918926176349, -21.258508423978796
000433.pid, person, 13.484838406244911, -24.602948506673172, -3.5146970550219225, 0.32915523648262024,-103.05694649668686, -66.10127011654417
000434.pid, person, 13.491328716278073, -24.629769134521478, -3.49105670452118, 0.33653533458709717,-98.37132362933471, -85.62893671138232
000435.pid, person, 13.491042137145996, -24.642484664916985, -3.4861315965652464, 0.31606820225715637,-92.06881859373867, -78.60400802972988
000436.pid, person, 13.496412423940805, -24.652289170485272, -3.5621505884023814, 0.34047576785087585,-100.69948025981344, -162.19541159075217
000437.pid, person, 13.471286340193313, -24.721645875410594, -3.5599409233440054, 0.3125312328338623,-90.35552019074791, -78.9784000325604
000437.pid, car, 5.876564025878903, -6.6113510131835875, -4.058105985323588, 0.30186694860458374,44.11682469474196, -95.73211613466228
000438.pid, car, 5.903057654698686, -6.600043932596837, -4.0519221027692165, 0.3006401062011719,32.748738892758766, -106.17133476321789
000438.pid, person, 22.925005059493216, -25.218962619179173, -3.5068423622532894, 0.35017865896224976,172.02933715162962, -18.75401186316639
000439.pid, person, 13.508841582706996, -24.82011536189487, -3.6426583869116653, 0.31333473324775696,-86.00071522852646, 104.7146177450676
000439.pid, car, 5.892103541981086, -6.571668971668587, -4.054252971302379, 0.3172379434108734,-135.3388574230479, -95.49080842957152
000440.pid, person, 13.4817229784452, -24.79640946021446, -3.6346176220820507, 0.3142716586589813,-89.00877646897564, 100.07958442520594
000441.pid, person, 22.91761418392784, -25.21305084228516, -3.5006512215262964, 0.31565994024276733,176.18491270710214, -16.229907642130943
000441.pid, car, 5.830055130852593, -6.614783498975961, -4.066970109939575, 0.30466973781585693,39.17267950921674, -98.45488101985538
000442.pid, car, 5.903378645579018, -6.577500184377027, -4.044805069764455, 0.32213810086250305,-152.32986324062415, -112.02223848075899
000443.pid, car, 5.869459867477413, -6.6217660109202, -4.05247441927592, 0.34307563304901123,22.385871227625223, -115.80643704828604
000444.pid, car, 5.850290679931638, -6.635931539535521, -4.06054036617279, 0.3348054885864258,24.330020290611184, -113.90908009882465
000445.pid, car, 13.451535361153736, -24.796143940516878, -3.563263450350081, 0.31285858154296875,-98.37413206912008, 75.30415839381666
000445.pid, person, 22.918762445449833, -25.21232080459595, -3.5589726269245143, 0.34048357605934143,174.58094500211573, -14.321307962322315
000446.pid, person, 13.495996768657976, -24.82767824026254, -3.639527045763456, 0.3296171724796295,-90.02128525042036, -50.3286784284816
000447.pid, person, 13.508740139007566, -24.774502563476556, -3.5841041088104246, 0.31940004229545593,-92.66305892048246, -74.34823897979234
000447.pid, car, 5.816641547463155, -6.780415231531314, -4.079183946956288, 0.3017197847366333,-2.0447275569371537, 130.82979823576383
000448.pid, person, 22.9211005042581, -25.200538971844846, -3.499911434510175, 0.3561786413192749,175.7400814654953, -21.15177472296497
000448.pid, car, 13.513523101806639, -24.835166237571016, -3.625582651658492, 0.3170413374900818,-89.790922580349, 109.66325523941995
000449.pid, car, 13.548068046569824, -24.808837010310242, -3.6349590741671056, 0.352048397064209,-93.46667734279838, -144.45212352084522
000450.pid, car, 13.473195552825928, -24.811262925465897, -3.6284503738085436, 0.32675933837890625,-89.26301302104186, 97.66256686835075
000451.pid, person, 13.449298109327042, -24.836026600428987, -3.6434606143406465, 0.3528594970703125,-91.25263278804708, -66.1692664516028
000452.pid, person, 13.455132675170898, -24.84123611450195, -3.618335930506389, 0.35304781794548035,-90.94795156021756, -89.0279786894904
000453.pid, person, 13.420486816993122, -24.72761653019831, -3.4941708307999835, 0.34906014800071716,-88.87708309510636, -94.19175352416835
000454.pid, person, 13.475486210414342, -24.788092204502647, -3.5396631104605545, 0.411734014749527,-84.6522186860619, 104.5074557142515
000455.pid, person, 13.44105888815487, -24.834276199340817, -3.549633194418515, 0.3688517212867737,-81.92843438880315, 96.19885802573462
000455.pid, car, 5.869643109185353, -7.340544087546208, -4.23357493536813, 0.3199648857116699,24.33719915627172, -135.5235851329216
000456.pid, person, 13.44191539988798, -24.909706788904522, -3.5826159505283135, 0.40204381942749023,-98.43071118359312, 77.77681071870555
000456.pid, car, 5.905579050381976, -7.360959013303117, -4.213531891504924, 0.31822654604911804,33.47850140639066, -120.21236701773655
000457.pid, car, 5.8929921785990365, -7.408479595184319, -4.257124169667563, 0.309307724237442,33.28148421731654, -123.38744790035777
000457.pid, person, 22.896639543421127, -25.21735830867992, -3.471818867851706, 0.37505024671554565,-175.09488857441195, -175.11633831736643
000458.pid, person, 13.43446525774504, -24.93239593505859, -3.668921432997051, 0.3302954435348511,-91.96619371446783, 83.90979322172358
000459.pid, person, 13.435698986053465, -24.964740872383114, -3.634691119194031, 0.32262930274009705,92.08432838416923, -95.67440689255187
000461.pid, person, 22.920859866672092, -25.213396284315323, -3.486153523127238, 0.333260178565979,178.16310477479075, -11.819905418578456
000464.pid, car, 5.818045192294647, -7.826022254096131, -4.370123757256403, 0.3135984241962433,-27.96238196761298, 100.73418176669718
000465.pid, person, 13.375962098439535, -25.0690852801005, -3.6636275847752895, 0.33564677834510803,82.97321964344248, 79.18050317789631
000465.pid, car, 5.855437891823902, -7.905059473855151, -4.349720409938268, 0.31185582280158997,-40.33509991414689, 85.6371478164446
000466.pid, person, 13.442616017659503, -24.981671651204422, -3.6516100088755294, 0.32154276967048645,83.10700663544549, 77.23435742581376
000467.pid, person, 22.912938174079446, -25.20751627753763, -3.473569813896628, 0.33865872025489807,173.95225003415786, -13.364845037598581
000468.pid, person, 13.43388921022415, -25.053714275360104, -3.6825023591518407, 0.3042548596858978,-97.96785423795608, 75.39085170134724
000469.pid, person, 13.455370008945463, -25.0691385269165, -3.6054870933294305, 0.3274717926979065,89.94144761683233, 88.38799738511142
000470.pid, person, 13.425298298106473, -25.08761394725126, -3.69001755994909, 0.3150772452354431,-91.43778500198084, 86.75401286892095
000471.pid, person, 13.461642456054685, -25.07653071085611, -3.702537552515666, 0.3320918083190918,-97.98412339975165, 81.40728639998294
000472.pid, person, 13.457873598734539, -25.15139554341634, -3.60330286026001, 0.32326799631118774,-94.31155317044772, 81.80421232622224
000473.pid, person, 22.925552929148953, -25.21521433661966, -3.5382634190952076, 0.3047933876514435,170.05884545249563, -21.603510215156188
000473.pid, car, 13.278847966875347, -25.118607384817942, -3.596689496721541, 0.3132120370864868,-93.13982150828095, -92.64646899020362
000476.pid, person, 22.909342916388262, -25.223087009630706, -3.5019992150758443, 0.32739102840423584,179.23340644078678, -7.039606978375268
000478.pid, person, 22.896330328548657, -25.22329756792854, -3.4732186093049893, 0.32131484150886536,-175.10482024076694, -175.49553555058853
000479.pid, person, 13.452624471564041, -25.29036501834267, -3.7199945575312565, 0.30605730414390564,-100.17476924991769, 90.2422808525678
000481.pid, person, 22.90370082855225, -25.2186573876275, -3.455621374977959, 0.3090546727180481,178.98942393733168, -8.841306996690728
000482.pid, person, 22.88475216136259, -25.217796437880576, -3.443733004962697, 0.30238720774650574,-175.10512518481195, -175.0819539560744
000483.pid, person, 22.929004260471892, -25.219554492405482, -3.498433198247637, 0.3411232531070709,175.1662300643054, -10.687042962598435
000486.pid, person, 22.912876016953412, -25.212773266960596, -3.5047225811902214, 0.3440476953983307,-179.512394553326, 179.2414191665133
000488.pid, car, 6.0002852545844165, -9.73456075456407, -3.664495441648696, 0.30197539925575256,-12.129782218360212, 31.79529869515227
000489.pid, person, 22.915151194522256, -25.22435690227308, -3.5034101762269674, 0.33228057622909546,-179.12690103265027, -179.16258075209743
000489.pid, car, 6.009126867566785, -9.798538071768617, -3.4979856014251705, 0.3162012994289398,-23.02080058260395, 56.78096788885805
000490.pid, person, 22.897929023293887, -25.223088432760804, -3.438106789308436, 0.42035654187202454,178.72693397366436, -1.6672826159407077
000490.pid, car, 6.0525645528520835, -9.861543110438749, -3.516907249178206, 0.3087254762649536,-28.570582057472684, -45.259398238006476
000491.pid, car, 6.0890314579009965, -9.960883736610407, -3.62911343574524, 0.36989113688468933,-38.33680797079499, -67.34582154197798
000493.pid, car, 6.1281142764621315, -10.11325603061252, -3.6214283307393393, 0.31111010909080505,-32.81815886642932, 135.4970280723532
000495.pid, person, 22.928135815788718, -25.217338113223803, -3.4470752407522762, 0.3415060341358185,172.28244493515962, -41.657676713279045
000496.pid, person, 22.925631761550907, -25.218577742576603, -3.4610395580530167, 0.331645667552948,177.1295665130861, -11.011761385216964
000497.pid, car, 9.25423604249954, -17.00387042760849, -3.6504841148853306, 0.3016846477985382,-65.09500393230601, 122.30585388281786
000497.pid, person, 6.25474643707275, -10.543231010437003, -4.309481302897137, 0.3429335355758667,66.66144483934796, -159.42574893852196
000498.pid, car, 10.127129899130926, -18.853310796949597, -3.626863545841641, 0.3452743589878082,115.5842455416488, 118.92890370167959
000499.pid, person, 6.450119654337563, -10.784211158752433, -3.797458012898763, 0.566829264163971,173.60930692522058, -48.77184756539703
000504.pid, person, 22.90270313463713, -25.224630456221735, -3.4410480449074194, 0.31751614809036255,-178.51964374821358, -179.23744181666618
000504.pid, car, 13.355249491604892, -25.428942767056547, -3.578861886804754, 0.31503286957740784,-76.56292014532058, 44.63839880838485
000505.pid, person, 22.939730812521542, -25.20806637932273, -3.4828482515671673, 0.31108978390693665,167.18215461454588, -46.2245080471361
000505.pid, car, 13.440440654754637, -25.469175815582272, -3.5886005560557055, 0.3361145853996277,-97.13473132155389, 82.69807561680511
000506.pid, person, 22.89834287431505, -25.20646519131131, -3.4595225387149386, 0.32273557782173157,-179.13604547650084, -179.50694699241828
000507.pid, person, 6.434957345326737, -11.22188154856363, -3.6212957700093593, 0.3203931450843811,-104.66043568660771, -148.54222329791207
000508.pid, person, 6.462191581726069, -11.321532726287831, -3.9891470670700087, 0.3719562888145447,-87.57606527587299, 95.05245087462114
000509.pid, person, 6.398647189140316, -11.435522794723498, -4.186575055122376, 0.5602847337722778,-120.21536619566533, 58.54989402520051
000509.pid, car, 6.272076913288659, -11.43546628952026, -3.799415043422154, 0.30275794863700867,49.597630525952646, 64.83141260748167
000510.pid, person, 6.379334068298337, -11.574481773376453, -4.236821365356446, 0.56834876537323,-116.62595196800034, 63.43919516680009
000511.pid, person, 6.405114746093746, -11.608720588684072, -4.24241008758545, 0.4802187979221344,68.85548480756042, 60.87338311034051
000512.pid, person, 6.3995778083801245, -11.654889297485344, -4.246281147003174, 0.3313171863555908,66.93663962854372, 59.690786479322
000513.pid, person, 22.891447516048657, -25.222931581384994, -3.4759248004240146, 0.3503158688545227,-175.6640431367007, -175.88611452702574
000514.pid, person, 6.408564090728757, -11.790372053782136, -4.179941455523174, 0.5654024481773376,-150.24494025394813, 31.711917082939614
000515.pid, person, 6.445659637451169, -11.892045736312856, -4.082386195659638, 0.6341773271560669,-67.03067389826074, 113.93061984707913
000516.pid, person, 6.348781824111935, -12.036426305770863, -3.8099086284637456, 0.560541033744812,-134.08510146052265, -177.61897954838167
000517.pid, person, 22.91964276631673, -25.22175420125326, -3.500898536046346, 0.3317711651325226,176.7994159231376, -8.504775332012409
000518.pid, person, 6.382289409637447, -12.161257743835437, -4.034076293309531, 0.7045217156410217,-105.62208733973767, -100.32387529404126
000520.pid, car, 6.139229178428647, -12.2454027334849, -3.8349790970484414, 0.31219059228897095,-154.12945234832895, 161.96435500397612
000521.pid, person, 6.384981155395505, -12.310187975565583, -4.246235688527427, 0.6040124893188477,-105.22902526335032, 62.355688411618154
000522.pid, person, 6.338618119557697, -12.311594009399402, -3.876493692398073, 0.5566226840019226,-141.68158993088363, 175.1046018038829
000522.pid, car, 6.113127084878774, -12.396162766676678, -3.869609135847826, 0.31625866889953613,-157.0055569373165, 158.93253151856726
000524.pid, person, 6.265305201212563, -12.52016607920328, -3.919266303380331, 0.5298672318458557,61.53398646009628, -162.06357652115207
000525.pid, person, 6.21488511562347, -12.623936176300038, -3.9390352368354806, 0.6331778168678284,-136.56852909619377, 179.98997623200663
000526.pid, person, 22.89623048570421, -25.220369762844513, -3.4583626455730863, 0.35612788796424866,-177.5532688678262, -178.00868080649977
000527.pid, person, 6.1666568120320635, -12.786073366800935, -3.973900238672892, 0.6641042828559875,-124.14840238023328, -167.56929374869583
000530.pid, person, 22.91499614715576, -25.217670546637645, -3.4856239557266235, 0.3420523405075073,178.81657471784297, -13.871277770542962
000532.pid, person, 6.110052108764646, -13.204974555969226, -4.073175811767579, 0.7612114548683167,70.01674511256813, -153.86517849831847
000534.pid, car, 6.070041418075561, -13.474725246429438, -3.9486683607101445, 0.3232654631137848,-145.34409281516966, 27.532054718846656
000534.pid, person, 6.070041418075558, -13.474725246429431, -3.9486683607101454, 0.8107115030288696,-145.34409281516997, 27.53205471884699
000535.pid, person, 22.90274323357476, -25.228981759813095, -3.4541389677259655, 0.3582868278026581,-175.0244054947193, -175.05603863203618
000535.pid, car, 14.33009470426119, -26.402037253746617, -3.531091286585882, 0.30504292249679565,150.26191233649735, -146.9229949854008
000537.pid, car, 10.882226562499998, -21.304465103149408, -3.4958783864974974, 0.31198278069496155,123.05273881247449, 116.74354505268465
000538.pid, car, 5.9484498977661096, -13.870688247680658, -3.514513540267944, 0.3081728518009186,-49.68386752595973, 93.37187869847419
000539.pid, person, 5.944004694620765, -13.884410540262847, -3.8443760077158617, 0.6706551313400269,-49.43693333268596, 46.50302999609668
000539.pid, car, 5.905904633658269, -13.88881955827985, -3.5587908881051207, 0.40806376934051514,-76.40124236234476, -102.06251184256391
000540.pid, person, 5.984778165817258, -13.939289093017567, -3.958679378032685, 0.7067427039146423,133.57701121140354, 151.31629778974934
000540.pid, car, 5.93468803167343, -13.915628671646115, -3.6477839648723602, 0.3092360198497772,-26.918888513505365, -28.52567029609415
000541.pid, person, 5.996931711832677, -14.013613065083812, -3.8786909580230713, 0.6861774921417236,119.71810592413537, 129.70397793541372
000541.pid, car, 5.93548548221588, -13.958458900451655, -3.646371752023698, 0.3450174033641815,-45.43530490180304, 134.3336700751128
000542.pid, person, 22.892279434204102, -25.217164230346683, -3.4723084767659507, 0.317151814699173,-178.87528566707755, -179.20470704048137
000542.pid, car, 5.920212677546908, -14.024909019470206, -3.4081783635275706, 0.3639153838157654,-42.508928746711845, -59.72842811425564
000543.pid, person, 22.913322554694282, -25.217025227016876, -3.5197296804851956, 0.3178367614746094,176.83098278899868, -12.360854524228206
000544.pid, person, 6.00995767116547, -14.181520938873293, -3.099097907543182, 0.3409939110279083,-61.72529296664409, 74.96465756946446
000545.pid, person, 5.997424364089963, -14.266037464141835, -4.030996382236482, 0.7389139533042908,145.98350793133082, 139.16607930250697
000545.pid, car, 5.936803000313893, -14.2253063746861, -3.7919723987579346, 0.3215602934360504,-19.681723096422218, -32.51233499775778
000546.pid, person, 5.939054203033447, -14.375520515441886, -4.106722736358644, 0.6878862977027893,-173.7846571917801, -160.740547148378
000547.pid, person, 5.972431739171344, -14.450933774312325, -4.1687852938969945, 0.4788872301578522,-134.34498409544955, -121.02984429026974
000548.pid, person, 5.9427176203046495, -14.579027175903308, -4.228489943913052, 0.7167954444885254,-110.18840069096667, 68.1986031711638
000549.pid, person, 5.972665667533869, -14.593496918678271, -4.100793898105621, 0.629172682762146,79.65715649213674, 74.59435111106347
000550.pid, person, 5.966940959294635, -14.625638484954825, -4.2098364035288505, 0.69328773021698,-98.00511738021663, 72.64487892208993
000551.pid, person, 5.979094028472898, -14.697912216186515, -4.016710042953492, 0.6849080324172974,77.89992520140612, 69.08951953585402
000552.pid, person, 5.984563350677488, -14.763830343882232, -3.8202084302902235, 0.7401434183120728,83.27580517793146, 75.41921974002004
000553.pid, person, 5.981223344802854, -14.884888013203929, -3.633310874303183, 0.6914178729057312,-133.91790614417323, -129.85145265086823
000554.pid, person, 5.9666995207468645, -14.87948687871296, -3.6278061469395957, 0.5850767493247986,-43.36558770677664, 110.84114364751238
000555.pid, person, 5.964387098948158, -14.91007947921752, -3.8452319701512665, 0.5515836477279663,-43.23367512560932, 103.09677920334272
000556.pid, person, 22.899253744828073, -25.23267284192537, -3.4420795817124215, 0.3774002194404602,-177.54400015685127, -177.58628719045515
000557.pid, person, 6.008745193481442, -15.02840789159138, -3.6534772713979096, 0.44154974818229675,-48.989156557017054, 122.08906084479715
000558.pid, bus, 21.180059993968293, -21.75117028460783, -3.296861592461081, 0.32975950837135315,59.59926810732353, -165.4021122563377
000558.pid, person, 6.061544577280675, -15.18217595418293, -3.2574060757954917, 0.7340131998062134,179.65490601800929, 134.79494464791193
000559.pid, person, 6.151809533437092, -15.265249729156485, -3.2616047859191895, 0.7482615113258362,138.8200955889704, 93.72247806045202
000560.pid, car, 6.133340060710907, -15.387476086616516, -3.288583487272263, 0.30127739906311035,-163.9806196934787, 152.67906142465876
000560.pid, person, 6.133340060710903, -15.387476086616505, -3.288583487272263, 0.7739110589027405,-163.98061969348285, 152.6790614246545
000561.pid, person, 6.159351825714107, -15.515237671988341, -3.307906797954015, 0.7461607456207275,-144.6755142624756, 175.86882838339935
000562.pid, person, 6.056702057520545, -15.549702167510974, -3.319690148035686, 0.5351141691207886,-151.94046130647655, 165.01983596482387
000563.pid, person, 6.120666912623811, -15.600746427263521, -3.3162583623613626, 0.41287314891815186,-168.29271060597281, -123.39211693527753
000564.pid, person, 22.896924442715115, -25.220852110120987, -3.4579705397288003, 0.3328171670436859,-175.74204118304138, -176.4513278905784
000565.pid, person, 6.191814740498862, -15.716814359029135, -3.335153341293335, 0.4021020531654358,117.69534548294517, 72.84590974020453
000566.pid, person, 6.182390451431272, -15.762013117472321, -3.3474881251653037, 0.5545144081115723,-68.4853915048702, 68.87986689798181
000567.pid, person, 6.130768775939938, -15.872102737426747, -3.359825938940048, 0.4181612730026245,-174.5000850663945, 141.0867968758686
000568.pid, person, 6.14473576015896, -15.942684809366849, -3.352637476391263, 0.43201589584350586,-160.55430050681687, -115.63703534853909
000569.pid, person, 6.251223981380459, -15.95871555805205, -3.3587457835674295, 0.6605654358863831,162.60758436352964, 117.30736393819734
000569.pid, car, 6.188271787431504, -15.96731493208143, -3.3625215689341226, 0.36491191387176514,-177.0198932372989, -132.3403948477795
000570.pid, person, 6.261107376643587, -16.065254347664958, -3.3622243063790465, 0.6104335188865662,-159.01620923936122, -115.18185681287987
000572.pid, person, 22.907259436214673, -25.22084180046531, -3.473315393223482, 0.34096890687942505,-175.18910289547927, -175.1319929969632
000573.pid, person, 6.364040422439577, -16.20827503204346, -3.3964146614074706, 0.3406027853488922,-154.09876921002137, 162.88162071160383
000576.pid, car, 6.496703624725341, -16.379008399115666, -3.410706890953912, 0.3087405264377594,36.74034816972984, -163.06448701615406
000577.pid, car, 6.48931698799133, -16.406490135192865, -3.4173168420791624, 0.31787022948265076,41.23073545159151, -118.59267477951059
000578.pid, car, 6.49452225367228, -16.49766879611545, -3.3965736230214443, 0.3090996742248535,-145.1920472867006, -106.0253922093431
000580.pid, car, 6.573597749074297, -16.582574632432724, -3.3994875484042697, 0.32865622639656067,53.56118559103196, -130.79846661761266
000581.pid, car, 6.627706262800426, -16.60650338066948, -3.395498275756837, 0.36409711837768555,56.803373902144315, -94.8554344943493
000581.pid, person, 6.62770626280043, -16.606503380669487, -3.395498275756836, 0.4706136882305145,56.80337390214232, -94.85543449435238
000582.pid, person, 6.645410299301149, -16.587480545043945, -3.4114432632923126, 0.3620169162750244,-136.32525131174128, -158.89888679631213
000582.pid, car, 6.645410299301147, -16.587480545043938, -3.411443263292313, 0.32404690980911255,-136.32525131174074, -158.89888679631147
000583.pid, car, 6.7358822822570765, -16.697873433430985, -3.4466264247894287, 0.30366724729537964,-141.1792049697759, -144.12460009968143
000584.pid, person, 22.905704816182453, -25.22970581054688, -3.4869689676496716, 0.335288941860199,-179.17330965614443, -179.239821022569
000584.pid, car, 6.817881849077008, -16.617799335055874, -3.3867655065324573, 0.3553629219532013,-121.4873383689084, 34.80032096130212
000585.pid, car, 6.85629993677139, -16.624412775039666, -3.406157076358796, 0.34980303049087524,-140.15901115075903, -34.56613252408084
000586.pid, person, 22.906933042738174, -25.21808221605089, -3.4897833930121527, 0.3334465026855469,-174.14909295639882, -174.27959038572607
000586.pid, car, 6.881920456886289, -16.902677536010735, -3.454287469387055, 0.41479408740997314,-94.86689365321232, 62.923155348599124
000587.pid, car, 6.944395224253334, -16.70030869377983, -3.3860735098520913, 0.31716543436050415,-135.21974677185702, 41.99500489132845
000588.pid, person, 22.91020045560949, -25.21811070161707, -3.509919054367963, 0.3464395999908447,173.94546926649522, -15.376787959614099
000588.pid, car, 6.9943510293960545, -16.745033979415886, -3.4129941761493683, 0.33551645278930664,-134.1187474565203, 43.5447785197231
000589.pid, car, 7.025469621022541, -16.719076156616204, -3.339426914850871, 0.347117155790329,-159.8176043878292, 16.161555120945557
000590.pid, car, 7.048180103301998, -16.925641589694546, -3.3338970078362364, 0.35767191648483276,-99.35220820074377, 76.8189289602263
000591.pid, car, 7.090666961669922, -16.77374057769775, -3.288479709625245, 0.36504775285720825,-123.29787052755269, 24.94027946808563
000592.pid, car, 7.125189582506813, -16.74955161412557, -3.3417653242746987, 0.35175999999046326,-130.71605321886153, 23.38036753591533
000593.pid, person, 7.142678087407887, -16.757379358465013, -3.316902529109609, 0.6126169562339783,-134.6888261008515, -140.64957415125133
000593.pid, car, 7.142678087407891, -16.757379358465016, -3.316902529109608, 0.3632248640060425,-134.6888261008512, -140.64957415125144
000594.pid, car, 7.1522725820541355, -16.820254802703854, -3.2816228667894998, 0.3748632073402405,-99.57335806182265, 45.05712558892833
000594.pid, person, 7.1522725820541355, -16.820254802703847, -3.2816228667894998, 0.4456540048122406,-99.57335806182299, 45.05712558892395
000595.pid, person, 7.168943075033334, -16.786189739520726, -3.3077854743370643, 0.782650351524353,-117.31470988289928, -132.75698446439281
000595.pid, car, 7.168943075033332, -16.78618973952073, -3.3077854743370647, 0.38675564527511597,-117.31470988290143, -132.7569844643931
000596.pid, person, 7.227014578305754, -16.790047278771024, -3.3289200526017413, 0.7971189022064209,-114.2797084781612, 10.21915197508604
000596.pid, car, 7.2270145783057576, -16.79004727877103, -3.328920052601741, 0.39374351501464844,-114.27970847816256, 10.219151975085348
000597.pid, person, 7.292219565464898, -16.761459497305058, -3.3415191723750195, 0.703231930732727,-110.56362347014489, -129.2566408631134
000597.pid, car, 7.2922195654649, -16.76145949730506, -3.3415191723750186, 0.4116668105125427,-110.56362347014561, -129.2566408631129
000598.pid, car, 7.319898275228644, -16.801629579984226, -3.2665763818300686, 0.43494921922683716,-125.81718964771405, -130.24694876912142
000598.pid, person, 7.319898275228646, -16.80162957998422, -3.2665763818300695, 0.403216153383255,-125.81718964771346, -130.24694876912187
000600.pid, person, 22.914918184280396, -25.21963715553284, -3.4883210957050323, 0.3358641564846039,176.0910816689026, -14.046471061282547
000600.pid, car, 7.380444884300229, -16.749193350474034, -3.3168094158172607, 0.309274822473526,-107.52773525319992, -123.383488331554
000601.pid, person, 7.435320414029633, -16.738214492797844, -3.3404473524827223, 0.5423306226730347,-102.43487338565652, 35.73357164140048
000601.pid, car, 7.435320414029633, -16.73821449279785, -3.3404473524827223, 0.30356523394584656,-102.43487338565544, 35.73357164139926
000602.pid, person, 7.4564357537489645, -16.728185360248265, -3.3424296745887174, 0.3703884482383728,-119.38013725270766, -132.08137815584425
000602.pid, car, 7.4564357537489645, -16.728185360248272, -3.3424296745887174, 0.3015904426574707,-119.38013725270656, -132.08137815584377
000603.pid, person, 7.460404829545452, -16.740429791537192, -3.286298318342729, 0.49301227927207947,-111.9870151046955, 14.083588129796173
000605.pid, car, 7.544539048121522, -16.749574807974003, -3.300493185336774, 0.3594554364681244,-118.26754573672368, 3.802684511812344
000605.pid, person, 7.544539048121523, -16.749574807974003, -3.3004931853367734, 0.5946947336196899,-118.26754573672285, 3.802684511812624
000606.pid, car, 7.536151289939878, -16.929808298746746, -3.2752402822176623, 0.33434081077575684,-113.95005454653105, 72.93581791396818
000606.pid, person, 7.594709753990174, -16.812543869018555, -3.2061614394187927, 0.46108800172805786,-102.04562544263248, -120.92144653438439
000607.pid, car, 7.645988186200458, -16.80581712722778, -3.266091207663218, 0.35428741574287415,-81.97049761333871, 52.00236368054321
000607.pid, person, 7.645988186200461, -16.805817127227787, -3.266091207663218, 0.4492652118206024,-81.97049761333889, 52.002363680542686
000608.pid, car, 7.684088967063209, -16.80832602761008, -3.276412790471858, 0.386142373085022,-90.61653675767147, 1.8670289317809714
000609.pid, car, 7.733457763989764, -16.859276294708252, -3.263538261254629, 0.398978590965271,-88.1865364533632, 43.27771405963816
000610.pid, person, 22.913684543810394, -25.212836717304434, -3.475455359408729, 0.3184864819049835,173.03380330456298, -19.71550569631444
000610.pid, car, 7.788089309419902, -16.85792813982282, -3.3293531962803438, 0.42290198802948,-107.49358767029237, -5.587988450629992
000611.pid, person, 7.747682167933535, -16.98777506901667, -3.3740188525273256, 0.44325149059295654,-121.47139188674008, 65.95544426065979
000611.pid, car, 7.747682167933537, -16.98777506901667, -3.374018852527325, 0.4052310287952423,-121.47139188674008, 65.95544426065975
000612.pid, person, 7.8529613358633865, -17.03933552333287, -2.973848717553275, 0.30086591839790344,-166.4820337542311, 170.96900104330447
000612.pid, car, 7.839926156130702, -16.893793279474426, -3.295667431571267, 0.4079499840736389,-98.9074376187275, -4.594148963639372
000613.pid, car, 7.888450449163261, -16.928941553289235, -3.2947607690637764, 0.45927754044532776,-80.55782496038196, 59.726025759995785
000614.pid, person, 7.8983632001009845, -16.934242942116466, -3.294911167838357, 0.6966210603713989,-71.22079486111481, -148.88607422149815
000614.pid, car, 7.8983632001009845, -16.934242942116473, -3.2949111678383574, 0.43788135051727295,-71.2207948611147, -148.88607422149843
000615.pid, car, 7.95179271697998, -16.944145043690995, -3.265177766482035, 0.4201444685459137,-61.4068251916202, 39.582274671479404
000616.pid, car, 7.9855662981669076, -16.940378189086907, -3.2856661213768863, 0.42663872241973877,-55.85834867730303, -151.08169676030582
000617.pid, car, 8.047235488891598, -16.989414453506463, -3.140796393156052, 0.43867167830467224,131.2263001987964, -29.74957651238207
000618.pid, car, 8.09670156240463, -16.98246455192566, -3.1384519338607793, 0.4068574905395508,137.42428807907996, -24.20687845359594
000619.pid, car, 8.140765803200859, -17.052337918962742, -2.9570538316454216, 0.4427068531513214,-166.75816265126895, 159.27424521239666
000620.pid, car, 8.23437957763672, -17.038923263549798, -2.94053864479065, 0.3895266652107239,150.39197392423003, 105.07485376363617
000621.pid, car, 8.231667995452876, -17.070116996765137, -2.955469965934754, 0.4187573790550232,173.93644791570298, 131.54685094633749
000623.pid, car, 8.334953784942625, -17.067805926005043, -2.9419681231180834, 0.39869439601898193,-23.134347626715353, 111.80192170779887
000624.pid, car, 8.363613510131836, -17.088996505737303, -2.940769290924073, 0.3376554548740387,148.33305866788635, 103.13655477299703
000625.pid, person, 8.392462730407715, -17.12608451843261, -2.9472832202911383, 0.3188992738723755,159.75458103422852, 114.5430090746505
000625.pid, car, 8.392462730407711, -17.126084518432616, -2.947283220291139, 0.3186766505241394,159.75458103422878, 114.5430090746507
000627.pid, person, 8.43187189102173, -17.190470059712727, -2.9509850343068442, 0.30640560388565063,-57.39891195008412, 77.9756942248695
000627.pid, car, 8.431871891021729, -17.190470059712727, -2.9509850343068447, 0.3224591016769409,-57.398911950084006, 77.97569422486964
