000086.pid, person, 11.484338442484537, -1.908359130223592, -3.850618839263916, 0.6300456523895264,-108.2618707135974, -153.95487785446474
000089.pid, person, 19.04710078239441, 10.41495072841645, -3.3509571701288223, 0.36712419986724854,167.53057443072757, -10.900861102575064
000090.pid, person, 19.050102361043294, 10.33399187723796, -3.390734243392944, 0.35897910594940186,165.7343453309477, -16.502988984496866
000095.pid, person, 19.160978198051453, 10.047919809818271, -3.3562551140785217, 0.37686553597450256,168.52228394023373, -0.15424081636017783
000097.pid, person, 19.16873577662876, 9.937712328774593, -3.374534470694406, 0.33937206864356995,-178.62614533276974, -179.6811706283036
000098.pid, person, 19.138426717122393, 9.880443318684904, -3.3944944699605304, 0.36959129571914673,-4.573421615497628, 10.734876032337104
000099.pid, person, 19.185986200968422, 9.848579406738288, -3.3937778340445623, 0.3226832151412964,-175.30787490460443, -178.19351638511088
000100.pid, person, 19.16384023030599, 9.746499506632492, -3.387234656016032, 0.3858768343925476,3.4208323220687875, -175.72538909943682
000101.pid, person, 19.17457415262858, 9.672837130228686, -3.376563882827759, 0.37874820828437805,-167.94421389341866, 22.0621665747907
000102.pid, person, 19.146546195535095, 9.62460136413575, -3.389094016131233, 0.3513214886188507,2.293279097668836, -177.5125679592649
000104.pid, person, 19.159533500671383, 9.514248916081026, -3.350551196507045, 0.3545732796192169,168.87392477285692, 1.0842584021838475
000142.pid, car, 8.437118649482729, -4.165871560573578, -4.205770552158356, 0.30620065331459045,-100.43162714157623, 78.70388378253271
000144.pid, bicycle, 11.254224096025737, -2.4338770253317605, -3.2178256511688237, 0.5321286916732788,66.62487051851653, -157.4501858735208
000145.pid, motorcycle, 8.21856212615967, -4.648752964459932, -4.104077045734112, 0.485277384519577,-115.30090803809598, 63.46461792510607
000148.pid, person, 8.001165206615742, -5.1060787714444675, -4.171936346934392, 0.3179228901863098,58.63847584236836, 58.970635166824344
000148.pid, bicycle, 11.26500797271728, -2.4935028553008944, -3.227867285410564, 0.3711646795272827,50.59718455134092, -161.51218624473586
000148.pid, motorcycle, 8.001165206615742, -5.1060787714444675, -4.171936346934392, 0.33281949162483215,58.63847584236836, 58.970635166824344
000150.pid, person, 7.742085711161296, -5.474144713083903, -4.23143409093221, 0.42493706941604614,59.16960097553699, 63.37140450392469
000151.pid, bicycle, 11.256183266639706, -2.4389063119888217, -3.2208103835582738, 0.43353116512298584,67.40514067940477, -156.23640133993786
000151.pid, person, 7.669638501273263, -5.456484503216214, -4.093933237923516, 0.5706264972686768,50.32960638616421, -139.74080787662558
000156.pid, person, 11.255881173270085, -2.437933955873753, -3.219170229775565, 0.31285688281059265,65.95701448771165, -157.92342016312952
000159.pid, car, 6.90301412343979, -6.117136120796204, -4.154326617717743, 0.32882118225097656,48.102995761746755, -28.658564307635622
000160.pid, car, 11.143974644797192, -2.2186334558895653, -3.4083313090460643, 0.37610000371932983,64.88297250495775, 85.15561193616358
000171.pid, person, 4.9133892681287685, -6.4927362773729405, -3.883335186087567, 0.3624107837677002,-151.9628530852224, -159.03115348838855
000178.pid, person, 4.308367768923442, -6.547930717468262, -3.8404986957708993, 0.3549303710460663,61.30627417904687, 72.2745772001878
000178.pid, car, 4.30836776892344, -6.547930717468257, -3.8404986957708993, 0.3300972878932953,61.30627417904649, 72.27457720018772
000179.pid, person, 4.25037900261257, -6.511055697565493, -3.8674490659133247, 0.30638349056243896,58.013471645334306, 74.45388396515081
000184.pid, person, 3.7848081212294735, -6.555990620663292, -3.7654214407268323, 0.3251816928386688,88.2486229128431, 87.6651035871152
000186.pid, car, 3.639363215519829, -6.555597305297847, -3.6901616133176365, 0.3255690038204193,-96.45887193985673, 67.99932604714574
000187.pid, person, 3.589275332058177, -6.624262164620792, -3.7033648210413315, 0.347975492477417,-77.74181790381178, 99.38606353657464
000187.pid, car, 3.5892753320581745, -6.624262164620786, -3.7033648210413315, 0.3361550569534302,-77.74181790381203, 99.38606353657426
000188.pid, car, 3.594147014617917, -6.662030029296875, -4.445440244674683, 0.30845534801483154,107.31204698406634, 134.61627197512027
000190.pid, car, 3.362652323462743, -6.50994964079423, -3.4169070503928443, 0.3166300356388092,5.294193138117597, 140.114716436048
000191.pid, car, 3.3447253153874303, -6.47284940572885, -3.5866769460531382, 0.36459848284721375,-6.705715061254267, -31.858464377445213
000192.pid, car, 3.3231877413662985, -6.48015863245183, -3.4825444004752417, 0.3026050925254822,-4.122882632519587, 29.539129262660936
000193.pid, car, 3.1895421201532512, -6.464830615303731, -3.3617361675609243, 0.37193992733955383,0.16306993615362142, 133.89372376157115
000194.pid, person, 11.196367740631105, -2.168133761201586, -3.3352017062050954, 0.3164852559566498,61.8174197749178, 168.82855423920688
000196.pid, car, 3.08438730239868, -6.473698919469656, -3.3440630435943604, 0.35344141721725464,-6.336369564815349, 126.27664261287191
000197.pid, car, 3.141536129845509, -6.477077431148946, -3.4717301262749576, 0.43024423718452454,-7.262519845522661, 52.79342626432342
000198.pid, car, 3.0293911563025544, -6.474602964189312, -3.333424965540568, 0.4424062967300415,-2.5118561594132234, 131.00841417277977
000201.pid, person, 11.207523504892984, -2.173743539386324, -3.4699757364061146, 0.30522584915161133,54.8771688114112, 125.29331465372087
000205.pid, person, 19.96858631480824, 2.995039842345504, -3.220861315727234, 0.3533456027507782,-173.92101346029384, -178.56031901012042
000206.pid, car, 2.8460802691323397, -6.432292052677689, -3.280000686645508, 0.31322547793388367,8.85710391535448, 144.62000240658566
000208.pid, person, 2.9040517508983625, -6.434964060783386, -3.4458784759044647, 0.34596487879753113,-7.8260071598247105, 46.31825234006785
000208.pid, car, 2.9040517508983568, -6.434964060783379, -3.4458784759044647, 0.33433324098587036,-7.8260071598251875, 46.31825234007477
000209.pid, car, 2.8058950901031463, -6.4188489913940385, -3.26671838760376, 0.392184853553772,16.392108841175205, -122.18348683798591
000210.pid, car, 2.8087257941563912, -6.416581392288201, -3.266275644302368, 0.34467238187789917,-166.3268192919904, -125.2714493737894
000211.pid, car, 2.7988635812486895, -6.421357836042124, -3.266476903642927, 0.37801870703697205,4.102382393066539, 138.92048361369186
000212.pid, car, 2.7696844509669694, -6.426664488656177, -3.2633374759129117, 0.3248865306377411,18.80535099921624, 156.05796421724733
000214.pid, person, 9.808474922180174, 26.434762191772467, -4.563615322113037, 0.421650230884552,104.07212637272032, 59.44082410919237
000216.pid, person, 10.184180021286009, 25.088096618652347, -4.312786499659221, 0.3503821790218353,106.04628367507577, 132.18379581883113
000217.pid, car, 2.69218223435538, -6.461193902151921, -3.264061995915004, 0.4514734148979187,22.57983515066056, 160.43459744263507
000217.pid, person, 10.124563217163082, 24.7500228881836, -4.393264293670654, 0.46013692021369934,-72.65505774582442, 63.82602642395075
000218.pid, car, 11.052568197250363, -2.275878846645348, -3.6579823493957524, 0.333379328250885,10.241879504669143, -160.7338759694531
000219.pid, person, 11.168808119637626, -2.1804022618702477, -3.394969310079302, 0.4220775067806244,43.58582595834091, 117.20497646456963
000220.pid, person, 10.95724821090698, 21.5491202218192, -4.031433514186314, 0.38267648220062256,-71.75435065718969, 67.2233793910333
000221.pid, person, 11.46033143997192, 18.926567077636726, -4.351114511489868, 0.30712297558784485,-30.722244001794696, 165.44808816739564
000223.pid, person, 12.193243503570555, 17.011128807067877, -4.248522853851318, 0.33034440875053406,123.5106917677451, 78.4318299894534
000225.pid, person, 12.202838102976479, 15.446150514814592, -3.949016425344679, 0.3123070299625397,109.82656360712373, 64.69140551553852
000225.pid, car, 20.06679444085984, 1.6030844336464338, -3.247988700866699, 0.34233516454696655,-179.49454672695228, 175.22279899246934
000228.pid, car, 11.385045528411863, -2.0222140947977656, -3.8930350144704193, 0.3155801594257355,-117.88136002841055, -164.48017114207494
000229.pid, car, 11.292390060424802, -2.141010999679557, -3.933459758758546, 0.3459891974925995,54.640093955925515, -172.40279802139827
000230.pid, car, 11.47313618659973, -1.8856524229049647, -3.8529099822044373, 0.36378517746925354,-108.13726288433693, -153.83740243267547
000231.pid, car, 11.268380737304685, -2.1763678789138736, -3.944293403625488, 0.33586278557777405,51.691752197339774, -175.7245941728956
000232.pid, car, 13.75406132804023, 7.867954492568976, -3.733505209287008, 0.31291475892066956,-101.43065752337883, -145.9319489034838
000232.pid, bus, 16.29802620049679, 3.792447538086868, -3.3868493528077095, 0.4051249623298645,109.75998248330087, 64.77257274660532
000233.pid, car, 17.1855628490448, 4.039744332432753, -3.4306533336639404, 0.30233684182167053,122.29891948933417, 77.4088787738032
000233.pid, bus, 16.27117851802281, 3.0897681500230583, -3.3786657537732805, 0.3145202398300171,106.9964012181522, 62.01566464545937
000234.pid, person, 37.740671157836914, -39.900646686553955, -2.0484142154455185, 0.45196929574012756,100.29172204340405, 55.22751209635803
000237.pid, car, 10.71066347757975, -2.910095532735189, -3.944067080815634, 0.30931487679481506,56.59251623971562, -144.10319175003823
000238.pid, person, 10.685929570879255, -3.0292824847357616, -3.4019322054726735, 0.3819276690483093,-121.19361852072718, 57.26200224207068
000238.pid, car, 14.648270392417908, 3.909697431325913, -3.6891832530498503, 0.30442509055137634,94.30974767726963, 48.73548464080102
000239.pid, bicycle, 10.629566828409827, -3.3793638547261473, -4.248084545135498, 0.4820619225502014,-128.46197066046827, -175.47700199809037
000240.pid, person, 10.628883225577216, -3.482764959335323, -3.9482549258640836, 0.31771084666252136,-130.25936010479768, -127.69352237160854
000242.pid, car, 15.042597134908037, 1.1912935100909783, -3.5235454705026417, 0.31119829416275024,101.80075030205093, 55.970665327251496
000244.pid, person, 20.129691174155784, 0.26508737473112226, -3.224229938105533, 0.5361307263374329,170.8339602693479, -0.7746538279696081
000245.pid, person, 20.14368207831132, 0.18194151169768027, -3.23710877016971, 0.41808265447616577,168.324175671108, -3.942047552849732
000246.pid, car, 16.15604043006897, -2.3258790224790555, -3.7715266346931458, 0.30606919527053833,93.47164563110053, 112.56051903106257
000247.pid, car, 15.661020151774089, -1.9774839767979198, -3.60315441025628, 0.32194212079048157,89.04871970726671, 46.55893261319471
000248.pid, person, 20.202636718749996, -0.0981873985354907, -3.2634764171781994, 0.3566654324531555,171.40530311862508, -24.710404977861735
000248.pid, bus, 14.05074154246937, -1.888223709045131, -3.645180853930386, 0.31787970662117004,-173.1805822901649, -128.9811644445068
000249.pid, bus, 13.986825377852826, -1.5258607846443228, -3.715317893911291, 0.32715848088264465,175.43236857325454, 129.64688286865032
000250.pid, car, 15.471145395647016, -3.332069424160736, -3.535450349774277, 0.37834861874580383,84.47052659498257, 43.87856140864672
000251.pid, car, 15.392727993152759, -3.887075490421719, -3.5728954871495566, 0.3050781488418579,83.05483100335164, 41.982876369182144
000255.pid, car, 15.187482374685782, -5.3606778383255005, -3.593237320582072, 0.3179453909397125,-101.09825382814594, 39.315550419151165
000256.pid, car, 15.619960784912106, -4.091597437858573, -3.6790276467800145, 0.6778428554534912,-112.01747741703524, -134.08710510427971
000256.pid, bus, 14.844310760498047, -6.925567036325276, -3.3524953831325877, 0.303925096988678,-65.00071796671762, 70.09801246319691
000257.pid, car, 15.27486205923146, -4.69516162214607, -3.533524307711371, 0.6148422956466675,-62.18968880257478, 83.73380015965054
000257.pid, truck, 15.294872658593311, -4.758225287709906, -3.5606383000101363, 0.31571537256240845,-74.92645422121957, -104.66225489107852
000258.pid, person, 6.307726144790647, -10.694932937622061, -4.3088709115982065, 0.3566535413265228,-148.70058331110405, 164.7529118201914
000258.pid, car, 14.89177089578965, -5.271247513153965, -3.726940288263209, 0.6621941328048706,173.73726831605063, 130.64595659916586
000259.pid, person, 6.345371882120765, -10.642658869425446, -4.293147881825766, 0.514468789100647,-119.03727479208565, -165.30232072848113
000259.pid, car, 14.758943603152318, -5.589635735466356, -3.639507441293626, 0.5738635659217834,-118.28789523298522, -160.70970099142934
000260.pid, car, 14.441013209025066, -6.176347891489657, -3.654292186101278, 0.6158761978149414,-129.22447978957683, -173.64295477531823
000261.pid, car, 14.237163367094816, -6.298879976625788, -3.704500948941266, 0.697894811630249,-128.75680363538638, -172.72130870691325
000262.pid, car, 13.952967396488894, -6.793234012745038, -3.5848273259622085, 0.7400939464569092,-138.7836281701537, -177.5781721471533
000263.pid, car, 13.760152369737623, -7.239491745829576, -3.5963088423013687, 0.7705345749855042,-142.99990608384977, 175.7425619953988
000264.pid, car, 13.718849954150969, -7.384154932839524, -3.5419859318506157, 0.599452555179596,-136.69222438823695, -178.39554073189305
000265.pid, person, 20.2864441341824, -1.2498795809569119, -3.2342892752753363, 0.32095274329185486,158.3509506212923, -11.55534067973022
000265.pid, car, 13.437173298427036, -7.607941831861217, -3.5802222660609653, 0.7238907217979431,-128.75155298078303, -172.0324953514447
000266.pid, car, 13.262929167066298, -7.876633575984406, -3.4901985157103774, 0.7311715483665466,-134.21478050507446, -177.78399060309306
000267.pid, car, 13.01104541354709, -8.045292758941647, -3.5628175205654573, 0.6208347082138062,-134.75297905981162, -179.43692382157
000268.pid, person, 20.16189765930176, -1.4176687513078947, -3.2271101645060947, 0.3347621560096741,129.46028543985247, -31.206656492060322
000268.pid, car, 13.187510121952402, -8.32727585055611, -3.541821712797339, 0.587161660194397,-124.30706442906471, -168.24410560698752
000269.pid, car, 12.913624734589547, -8.295649672999522, -3.5075109293966586, 0.5729976892471313,-124.28196939461867, -168.5285483713399
000270.pid, person, 20.33580083432405, -1.5369343913119704, -3.1976905594701353, 0.43708333373069763,170.96286786510674, 8.449595669000718
000270.pid, car, 13.059241513411202, -8.116404583056765, -3.528911903500557, 0.7467349171638489,-129.27520685464566, -171.95440631267257
000271.pid, person, 19.944995244344074, -1.5349841515223108, -3.1091131369272866, 0.7278920412063599,-75.72339534563713, 66.98745600618155
000271.pid, car, 13.065087095220036, -8.070106374456522, -3.570606216471246, 0.7131788730621338,-128.63962869050135, -173.08142093525555
000272.pid, person, 19.962318420410153, -1.6526314814885374, -3.1043519973754883, 0.6934397220611572,110.72454701016045, 139.1080844507119
000272.pid, car, 12.827922863430445, -8.347530216640893, -3.529613071017795, 0.6485583782196045,-125.79290226971453, -168.68569329781369
000273.pid, person, 19.973148345947266, -1.7164216836293458, -3.118822574615479, 0.7098085880279541,-84.99777704110424, 50.49899405868762
000273.pid, car, 12.889821274335993, -8.381222813628437, -3.537836718004803, 0.7599107027053833,-131.36972026860616, -173.9809423204326
000274.pid, person, 19.976689338684082, -1.7334456741809758, -3.065200030803681, 0.7743918895721436,-113.91504946068356, 63.99281289797338
000274.pid, car, 12.826731204986569, -8.499725961685176, -3.5804383158683786, 0.8031402826309204,-129.95133258719997, -174.17009033703377
000275.pid, person, 20.046277999877926, -1.8210221018109927, -3.1045715127672473, 0.8472002744674683,-63.22253195137243, 174.7997418011317
000275.pid, car, 12.519610009542326, -8.729278785426438, -3.6528558324022993, 0.792608916759491,-134.21307369241077, -178.99114491585195
000276.pid, person, 20.030783971150715, -1.8913328647613443, -3.1312562227249146, 0.8323460221290588,-44.12570936905094, 99.11180178533183
000276.pid, car, 12.626156026666814, -8.634377031615282, -3.6837959361798838, 0.7985240817070007,-134.67819957614768, -179.698781225962
000277.pid, person, 20.105094909667965, -1.9826370988573265, -3.175553832735335, 0.8308398723602295,132.31783684328443, 139.78204772645861
000277.pid, car, 12.602572905711638, -8.625784507164584, -3.643351884988638, 0.8629102110862732,-140.76824491916102, 174.17320490527678
000278.pid, person, 20.064220046997068, -1.930922317504874, -3.0919987678527834, 0.8438541293144226,-64.74077436299325, 27.148095502800068
000278.pid, car, 12.334757022368601, -8.911515786097596, -3.732663454153599, 0.8644425272941589,-140.974266072264, 174.5769045450056
000279.pid, person, 20.092265129089355, -2.0375415285428278, -3.1751263936360683, 0.8704395890235901,121.2631481277084, 128.70523234380082
000279.pid, car, 12.353292896634054, -8.835024720146539, -3.6841528756277904, 0.8742755055427551,-138.25136977459408, 176.6675811039777
000280.pid, person, 20.10289497375488, -2.078511810302726, -3.1235342502593992, 0.8571696877479553,-55.56081575067843, 121.14863805143993
000280.pid, car, 12.17258310317993, -8.902879450056282, -3.693648782041338, 0.8247323632240295,-143.14900510222154, 171.86541365096994
000281.pid, person, 20.09038298470633, -2.1071309021540965, -3.236429282597133, 0.8455119132995605,109.97662757162583, 109.95053000769923
000281.pid, car, 12.221597380108301, -8.878748363918724, -3.6095727483431497, 0.8565390110015869,-142.41770954012563, 172.7097601484208
000282.pid, person, 20.11721134185791, -2.21132403612136, -3.1486456394195557, 0.8970075249671936,-70.19373110204455, 65.3369699801621
000282.pid, car, 12.225253952874077, -8.922883166207203, -3.7088169985347332, 0.8662681579589844,-137.5664945241582, 177.40280861369382
000283.pid, person, 20.130004247029618, -2.275496562321973, -3.1554630200068154, 0.8780049681663513,-82.69146889957949, 100.6213612568957
000283.pid, car, 11.953605274359383, -9.054700960715609, -3.4645799845457077, 0.8893365859985352,-139.04131404863864, 175.56045196624487
000284.pid, person, 20.14512901306152, -2.3263144016265795, -3.1549791812896735, 0.8279244303703308,-73.54809426658794, 62.05103279045059
000284.pid, car, 12.140594643606265, -8.98479072812577, -3.3581022981186988, 0.8628619909286499,-136.08324282129755, 179.01734077963906
000285.pid, person, 20.16832203335232, -2.4126147958967343, -3.2434203889634876, 0.853877067565918,106.10880244063151, -84.20247672068629
000285.pid, car, 12.092594027519224, -9.06835567951202, -3.3425746895372868, 0.8967850208282471,-132.2971695270099, -177.79571434234288
000286.pid, person, 20.161896841866625, -2.4711719921656936, -3.1553645474570144, 0.8706784248352051,123.02918252021216, 91.0152379465766
000286.pid, car, 12.045413501678949, -9.019862439897322, -3.3422806376502634, 0.8882360458374023,-137.26656687544153, 177.63381414564677
000287.pid, person, 20.192287445068356, -2.5930649638175884, -3.261010497808457, 0.8783632516860962,122.93678021039752, -90.41822186664484
000287.pid, car, 11.870430804010645, -9.152833952832575, -3.2879343068421782, 0.8759928345680237,-141.2040757268531, 173.7960142461905
000288.pid, person, 20.21040892601013, -2.6544803380966107, -3.1903382241725926, 0.8813063502311707,133.17309571866653, -25.53262442310957
000288.pid, car, 11.60934651525397, -9.29277248131601, -3.5184117932068673, 0.8956835269927979,-145.44424706295305, 169.8300973099118
000289.pid, person, 20.234528321486252, -2.7447135998652454, -3.2050914030808673, 0.882154643535614,122.19251658405865, -14.095728920494464
000289.pid, car, 11.42542190985246, -9.450764070857652, -3.5821711258454765, 0.8931751251220703,-144.73767827975018, 170.32664833625245
000290.pid, person, 20.21300399303436, -2.8245791941881104, -3.19345897436142, 0.887299656867981,129.23503308265515, -27.856928373624783
000290.pid, car, 11.398561407880084, -9.338235634129218, -3.5992477463512884, 0.9004015326499939,-148.91636500673974, 166.02728461048082
000291.pid, person, 20.20806459280161, -2.8867704868316575, -3.179517947710478, 0.8999233245849609,-42.370996763017516, -34.31025635131204
000291.pid, car, 11.303452028547014, -9.499329675946912, -3.6956749303000316, 0.9107472896575928,-144.08368469383024, 170.74749998944947
000292.pid, person, 20.21836744035993, -2.9310341392244537, -3.1718872444970265, 0.9108235836029053,-43.27838807165562, -24.003788889921353
000292.pid, car, 10.85418309484209, -9.446837595530912, -3.6429738402366643, 0.9007416367530823,-138.84962303142095, 176.1006290817674
000293.pid, person, 20.23267092023577, -2.9688370738710597, -3.1626492909022743, 0.9051324129104614,-35.77233574761605, -32.63435357126859
000293.pid, car, 10.60058653982062, -9.65837026897229, -3.56759564500106, 0.8924896121025085,-139.1267400105471, 176.38154318779416
000294.pid, truck, 10.234394510587057, -9.789690415064493, -3.5436441004276276, 0.4631732106208801,-133.80407711109407, -178.30419928221193
000294.pid, person, 20.25591316223144, -3.0069746017455974, -3.1107424100240078, 0.906420111656189,132.8249385588331, -41.50861009195623
000294.pid, car, 10.188525588424117, -9.7385139465332, -3.5717551708221436, 0.8640601634979248,-123.78535883855687, -168.508349810108
000295.pid, person, 20.249116420745846, -3.047937850157412, -3.2204646865526843, 0.8541523218154907,-48.075793187549316, -55.59513812167988
000295.pid, car, 10.255858421325682, -9.800254641352469, -3.7975480363175684, 0.8903712630271912,-113.7455008564501, 27.309433176621646
000296.pid, car, 9.853145136977686, -10.050834337870274, -3.965060891527118, 0.8581675887107849,-131.802713238209, -93.17897292450753
000296.pid, person, 20.246842644431375, -3.1328225786035633, -3.210055372931741, 0.8551748991012573,133.90181973299173, 104.7797505227198
000297.pid, person, 20.26095740000407, -3.1814315915107643, -3.2729327678680424, 0.8468625545501709,126.43446732436178, 126.69631035730244
000297.pid, car, 9.455860751015798, -10.025448935372482, -3.9049794106256392, 0.8611491322517395,-131.2592270174804, -166.82528388231975
000298.pid, person, 20.259528477986652, -3.254220803578687, -3.2249630822075743, 0.8705952763557434,130.2268509079404, 127.03936518386384
000298.pid, car, 8.922860418047218, -10.163464273725225, -3.548154864992415, 0.8721997737884521,-122.19800723249658, -169.60167717138995
000299.pid, person, 20.26473384433322, -3.2622101042005665, -3.2131521171993684, 0.8546118140220642,115.2913581708103, 113.83317243097244
000299.pid, car, 8.433554808298743, -10.219050407409657, -3.686229089895884, 0.897696852684021,-120.39560215770659, -167.29453137758364
000300.pid, person, 20.277806520462033, -3.2916214168071667, -3.273376047611237, 0.8610742688179016,-71.87426187707995, 103.03712769416377
000300.pid, car, 8.056018471717833, -10.430779361724845, -3.780882143974304, 0.8647927045822144,58.19204399228043, -168.57287365326545
000301.pid, person, 20.251163005828854, -3.347211182117454, -3.193380296230317, 0.7999452948570251,-81.54837465303119, 53.94576075160092
000301.pid, car, 7.57955811023712, -10.543456268310539, -3.8866505146026618, 0.8865211606025696,59.86102247194276, -164.62141553731172
000302.pid, person, 20.303018887837723, -3.4016193946202513, -3.2548946142196655, 0.8385688066482544,120.48461120780017, 117.66254769610404
000302.pid, car, 7.152655230628118, -10.482836670345723, -4.056677010324267, 0.8965854644775391,64.03953410615735, -162.53605883384625
000303.pid, person, 20.31844902038574, -3.4300831953684408, -3.1573984622955327, 0.8763328790664673,-72.53020476524229, 105.93594834025865
000303.pid, car, 5.764653921127317, -11.93980121612548, -4.135731955369314, 0.8489968180656433,-119.65169800081395, -85.69315532169294
000304.pid, person, 20.30989483424595, -3.502827916826512, -3.1797297341482986, 0.8771803975105286,-78.33360299962712, 99.60642874346351
000304.pid, car, 3.408820867538449, -15.625826835632315, -4.2538936138153085, 0.8738046884536743,-114.37938759809555, 117.43515660502094
000305.pid, person, 20.371145963668823, -3.5870908200740734, -3.1846291422843938, 0.7784208059310913,-46.405963089658165, -35.819575030879335
000305.pid, car, 3.448530169094308, -14.254908898297474, -3.326934057123521, 0.3711099326610565,80.54531971795709, -144.06171923716764
000306.pid, person, 20.389850192599827, -3.6166326469845163, -3.104723268085056, 0.8272034525871277,-65.82217015604559, 119.20254807344124
000306.pid, car, 3.3274627299535817, -13.790298325674872, -3.3685236090705515, 0.4204117953777313,86.61340557717774, -137.86223699603255
000307.pid, person, 20.458440303802487, -3.7564162413279134, -3.1733836531639104, 0.8499405980110168,112.07300747526541, 111.54346339760602
000307.pid, car, 10.814744186401365, -0.20152887254953383, -4.075561285018921, 0.37786364555358887,-47.00437666320362, 80.79745249601606
000308.pid, person, 20.459685802459713, -3.8000251253445865, -3.1661682327588405, 0.824446439743042,102.44298335544465, 103.59030533411496
000309.pid, person, 20.47260066441127, -3.8751958778926228, -3.1841217449733192, 0.7262983322143555,112.94149632490996, 107.34689950181541
000309.pid, car, 6.107006740570066, 4.911846351623536, -5.235158824920655, 0.34657374024391174,113.79217607089373, 71.00778485154929
000310.pid, person, 20.50936963008, -3.9082084985879675, -3.220384872876681, 0.6542701125144958,117.36410164584139, 115.7683824050833
000310.pid, car, 3.2405950625737496, -16.062748591105137, -4.112185517946879, 0.7972167730331421,-115.67568243732414, -95.8858790107637
000311.pid, person, 20.502556355794272, -3.963837480545036, -3.188677136103313, 0.732215404510498,99.90829028233773, 100.77176955847465
000311.pid, car, -2.399811595678332, -9.319470763206482, -4.409370183944703, 0.4634641408920288,-94.17756719729626, -139.5159674426577
000312.pid, person, 20.49235593355619, -3.9860856166252647, -3.15147275191087, 0.5234663486480713,103.39004701421868, 103.08428778215271
000312.pid, car, -2.813212898042468, -9.483240551418724, -4.488663302527534, 0.5445060133934021,-82.81560406347724, 51.65115593263423
000313.pid, person, 20.509437214244493, -4.037550904534072, -3.133977521549572, 0.4180813431739807,121.72961643039024, 126.98752025768928
000313.pid, car, -2.89549087755608, -9.163695219791295, -4.4851835857738145, 0.4883910119533539,158.94140444693915, 116.6096648538448
000314.pid, person, 20.48594522476196, -4.092356115579597, -3.195098906755448, 0.7547289133071899,115.24089376220105, -170.98131775134013
000314.pid, car, 10.886306762695312, -0.25114067623508163, -4.082490980625153, 0.4716852009296417,-49.571029096256815, 74.9858537914187
000315.pid, person, 0.2276223063468942, -6.992925930023193, -4.328481602668762, 0.36640894412994385,103.71664114518025, 58.96534299185173
000315.pid, car, -2.0219452977180503, -9.909486373265581, -3.9727817475795746, 0.4287811815738678,-150.40200801964318, -89.92698530750543
000316.pid, person, 20.50816955566406, -4.1555589675903235, -3.228261375427247, 0.8002046942710876,77.52894492128712, -54.82221768432266
000316.pid, car, -2.4913674776370742, -9.697444695692793, -4.214258138950055, 0.34140878915786743,-99.94475593796241, 29.73508822718816
000317.pid, person, 20.56790590286254, -4.2388442754745395, -3.226272404193879, 0.7554537653923035,-94.29340113930292, 65.57006865117158
000318.pid, person, 20.577594757080078, -4.291745026906323, -3.270295302073162, 0.4864925742149353,-85.51213628973962, 49.985865433840424
000319.pid, person, 20.629596710205075, -4.345467090606682, -3.2799288431803397, 0.6705923080444336,-98.3329252006653, -142.93480817063002
000320.pid, person, 20.675498485565182, -4.410388112068168, -3.2688438296318063, 0.38327309489250183,94.10139541396636, 59.193112897451286
000321.pid, person, 20.708756685256958, -4.472100675106041, -3.226255774497986, 0.660414457321167,112.81649095680328, 113.54680584104544
000323.pid, person, 20.759628677368163, -4.5824065685272135, -3.1918111085891727, 0.8325150609016418,109.15033999834203, 110.4255712669926
000323.pid, car, 3.1798095305760667, -15.90714287757873, -3.4513006011645007, 0.3105117082595825,-114.89693110214891, 64.3471130041114
000324.pid, person, 20.79690170288086, -4.645851400163431, -3.169959439171685, 0.8263531923294067,102.12173158501886, 101.97616834818976
000325.pid, person, 20.803199386596678, -4.737060499191276, -3.2010838508605963, 0.8667554259300232,106.46982838559552, 105.79121158982925
000326.pid, person, 20.847388781034024, -4.806006394899801, -3.179215963070209, 0.8781668543815613,106.27933356037185, 105.77127950380653
000327.pid, person, 20.872461318969723, -4.873131348536557, -3.1923214655656085, 0.8943408727645874,113.57170628700841, 113.14417436140444
000328.pid, person, 20.876819491386414, -4.87633150815963, -3.1689324229955678, 0.8991011381149292,104.24768126235612, 104.3941231222339
000329.pid, person, 20.86968452052066, -4.940299134505413, -3.1487535301007727, 0.8778796792030334,107.19638320646935, 107.8931767539425
000330.pid, person, 20.908833146095276, -5.000263452529898, -3.206112682819367, 0.888014554977417,101.50197485870312, 102.27692820077478
000331.pid, person, 20.905902181352882, -5.030852385929644, -3.2793091024671286, 0.7676302194595337,106.95147892866517, 114.34306187234708
000332.pid, person, 20.91178092956543, -5.062445735931389, -3.273322319984436, 0.8281972408294678,100.15178745812196, 113.75893004906197
000333.pid, person, 20.937124676174587, -5.14236566755506, -3.2870321008894177, 0.8723649978637695,104.55171199529704, 108.08589338220584
000334.pid, person, 20.976922988891598, -5.191758360181528, -3.2482025623321538, 0.8905951380729675,106.48182862141276, 106.66701414227369
000335.pid, person, 21.017273187637326, -5.235319554805748, -3.3498362600803375, 0.8785381317138672,-64.09238689795053, 111.6037427188396
000336.pid, person, 21.04741668701172, -5.2678678035736, -3.331079661846161, 0.85921710729599,99.15153780671984, -58.35574487007773
000337.pid, person, 21.069089508056635, -5.296805667877189, -3.278986930847168, 0.8657496571540833,106.11722371520595, 113.54519214706424
000338.pid, person, 21.08801047007243, -5.335493644078565, -3.2210006713867188, 0.864837110042572,-76.27469715090145, 105.82694066787235
000339.pid, person, 21.13415445600237, -5.372599124908438, -3.280785117830549, 0.8340601921081543,103.1952063546569, 111.83235705677329
000340.pid, person, 21.1933292388916, -5.423976039886467, -3.2949718475341805, 0.8412879109382629,104.33317438773334, 113.5994116772989
000341.pid, person, 21.20710702375932, -5.475033760070793, -3.2081517522985292, 0.7979404926300049,97.8960676262115, 119.03242682448781
000342.pid, person, 21.256927680969234, -5.529128360748283, -3.227929973602295, 0.8114343285560608,102.10028985152535, 108.37574360973053
000343.pid, person, 21.280256843566896, -5.58281788825988, -3.2094462156295784, 0.7793840765953064,99.08767105871773, 101.13860333708364
000344.pid, car, 6.141280810038246, 4.829372525215153, -5.229051907857259, 0.3316503167152405,113.54607025723524, 70.74884647732436
000344.pid, person, 21.27899384498596, -5.6574463844299245, -3.2640263736248016, 0.6841901540756226,114.55679945348272, 138.81051206922507
000345.pid, person, 21.31380108424595, -5.755467414855949, -3.2260175091879715, 0.7079535126686096,96.55054157648782, 139.9802954865814
000345.pid, car, 6.472752094268796, 4.936495733261114, -5.2490684509277346, 0.34944337606430054,-93.15755318542467, -138.56711295570784
000346.pid, person, 21.326832771301266, -5.781067967414848, -3.205549329519272, 0.8423546552658081,127.02191755737763, 136.79780158752274
000347.pid, person, 21.371509824480324, -5.8521417890276135, -3.206755808421544, 0.8573841452598572,103.79509644272214, 128.32410224102108
000348.pid, person, 21.37102233039008, -5.843063142564554, -3.2389783329433874, 0.6364629864692688,106.36768342027224, -62.90074748006568
000349.pid, person, 21.38229603237576, -5.870388031005851, -3.233948707580567, 0.8111065030097961,88.21632933198808, -73.94670409773845
000350.pid, person, 21.39946103096008, -5.901965320110314, -3.235644966363907, 0.6345643401145935,97.50716059444919, 119.71045244919173
000351.pid, person, 21.41954739888509, -5.959750652313224, -3.223066965738933, 0.8829174041748047,127.84278202828709, 126.4884482974713
000352.pid, person, 21.464031219482422, -5.972267680697963, -3.2646338939666752, 0.8848773241043091,-53.4745960707791, 127.53729696514273
000353.pid, person, 21.48457972208659, -6.0000778039296385, -3.3624587853749595, 0.8828369379043579,112.44318674202653, 119.36291155517382
000354.pid, person, 21.544602394104004, -6.0832358201344725, -3.311877687772116, 0.8571730852127075,-74.6257444248816, 113.18447658608503
000355.pid, person, 21.60575342178344, -6.140682697296134, -3.4939913749694833, 0.8745682239532471,96.19728960019101, 99.14785703551513
000356.pid, person, 21.61368097577776, -6.178873811449316, -3.2674074854169577, 0.8339383006095886,-72.03211057057243, 105.2013098656578
000357.pid, person, 21.6648473739624, -6.187662959098807, -3.2671376466751103, 0.801333487033844,-60.34628396216931, 120.53268532958143
000358.pid, person, 21.69601345062256, -6.2600605487823415, -3.323389212290446, 0.8204854726791382,109.09792470549814, 106.72755078823774
000359.pid, person, 21.699926963219276, -6.2890910001901394, -3.2301584757291355, 0.7715114951133728,112.30654755891763, 110.8996618670273
000360.pid, person, 21.738961219787598, -6.361983680725089, -3.2853895187377935, 0.8708109259605408,-60.9402057950707, 125.9794849982669
000361.pid, person, 21.7663516998291, -6.4554738998413, -3.259154847690038, 0.868657648563385,110.72649445497761, 102.11786902794276
000362.pid, person, 21.7752685546875, -6.4803324381510325, -3.1802478313446048, 0.8736531734466553,100.27400241304936, 99.17639954207633
000363.pid, person, 21.81286096572876, -6.555498898029317, -3.220346197485924, 0.8705126643180847,102.52237373278409, 101.84567700440965
000364.pid, person, 21.78550753873937, -6.567791209501369, -3.106448888778687, 0.8801755309104919,98.18861553828447, 98.31804585022385
000364.pid, car, 6.304777463277177, 5.159467935562138, -5.2679347197214765, 0.3460477292537689,112.14192338655727, 66.7817574102379
000365.pid, car, 6.15777677297592, 4.7908781766891515, -5.226002037525177, 0.3103811740875244,113.59640914191344, 70.70628405662215
000365.pid, person, 21.807452917099, -6.617800772190084, -3.1687626838684086, 0.8579106330871582,110.14539649892664, 109.2017853841044
000366.pid, person, 21.797671045575818, -6.629591601235516, -3.152338334492275, 0.8573787808418274,107.54684831630496, 107.84017765504153
000366.pid, car, 6.062786897023518, 5.005198637644457, -5.243919054667155, 0.30626267194747925,113.81612721218843, 71.01261070587603
000367.pid, person, 21.81735719953264, -6.647018160138802, -3.220703431538173, 0.8388558626174927,116.17351061236745, 115.09571588371978
000367.pid, car, 6.1888400316238386, 4.717034548521046, -5.220414519309998, 0.37276482582092285,113.55616901087917, 70.72950290051298
000368.pid, person, 21.81444981892903, -6.684275881449372, -3.204739427566529, 0.8426797986030579,109.97133826819653, 110.82849109731815
000369.pid, person, 21.799745706411507, -6.682973714975201, -3.2372040565197286, 0.8504915833473206,98.87677687779461, 100.54814424049978
000370.pid, person, 21.844591267903645, -6.7228898048400785, -3.2335716088612876, 0.83294677734375,113.9577774357629, 114.40753409205546
000371.pid, person, 21.865274949507278, -6.763306227597314, -3.283980954777111, 0.8291957974433899,-69.15411450867053, 112.14380197875991
000372.pid, person, 21.861234876844616, -6.768800576527905, -3.2961147626241054, 0.8267166614532471,-72.63270771311046, 109.87377252616591
000372.pid, car, 3.2093295184048714, -15.797957246953786, -3.4521291472695093, 0.38551539182662964,59.82010195723861, 105.02467247563993
000373.pid, person, 21.8713744027274, -6.798284462520047, -3.339341708592006, 0.7943530678749084,111.75985074217529, 126.69108634664374
000373.pid, car, 3.1488606248583086, -16.0073766708374, -3.4819864886147642, 0.41094231605529785,-110.76239729621906, 40.5700297953178
000374.pid, person, 21.933991432189938, -6.816427469253533, -3.408298432826996, 0.7724964618682861,-80.79651593480138, 67.70022458130977
000374.pid, car, 3.210149784882862, -15.849821170171102, -3.491319119930267, 0.3242380619049072,84.53331150907579, 98.06690639912257
000375.pid, person, 21.922824859619137, -6.816780090332022, -3.3025616645812996, 0.8627076745033264,-76.5606719718269, 108.51591171460356
000378.pid, person, 21.98140398661295, -7.0109980901082265, -3.3436861832936615, 0.8118523359298706,-52.70752041499353, 70.52355716238841
000379.pid, person, 21.946368408203124, -6.960967540740957, -3.2915380001068115, 0.8488478064537048,124.70322760886634, -0.9088457915131969
000380.pid, person, 22.021808942159016, -7.02999790509541, -3.2206117312113443, 0.8735270500183105,-77.96988866266973, 104.29333700742217
000380.pid, car, 6.076769987742104, 4.978444615999862, -5.240951299667358, 0.3147282302379608,113.51447244918613, 70.68581157484302
000382.pid, person, 22.00236892700195, -6.9807292222976605, -3.3666797280311593, 0.8572391271591187,105.50160935276345, 127.8838810624801
000383.pid, person, 22.006261189778645, -6.989339351654046, -3.3347852230072035, 0.8414440155029297,-37.11033358856915, -112.64802486220246
000384.pid, person, 21.940940380096436, -6.828116178512564, -3.3354028463363656, 0.8244818449020386,-52.885548383145114, 132.12556169365558
000385.pid, person, 21.981827735900875, -6.844790339469901, -3.378893852233888, 0.7244933843612671,112.40863024800738, 104.1248246108396
000386.pid, car, 5.967628819601873, 5.2160028048924065, -5.262089524950301, 0.3002638816833496,113.46307375852214, 70.63040267129168
000387.pid, person, 21.938649495442704, -6.776994228363029, -3.37995719909668, 0.8353965878486633,143.2233585501983, 130.6861453410551
000388.pid, person, 21.973670323689774, -6.811242262522371, -3.355123202006023, 0.8259479403495789,111.2338436040123, -5.5611271707904715
000388.pid, car, 3.1873968564546993, -15.932902556199293, -3.486155821726873, 0.3273670971393585,-113.92496979083806, 64.48436976433905
000389.pid, person, 21.958171844482422, -6.750907182693474, -3.3810031414031982, 0.8465487957000732,119.3849239499754, -53.3409205978859
000389.pid, car, 3.179503659407295, -15.887190103530878, -3.611217180887858, 0.3755815625190735,-116.24963924446135, 71.32048194871766
000390.pid, person, 21.93938407897949, -6.73975191116332, -3.421365928649903, 0.8387818932533264,-73.67224695314961, 143.62956723385722
000390.pid, car, 22.13950425386429, -6.6366372108459455, -3.0642112493515015, 0.37703821063041687,65.43813010569335, 65.48181437461643
000391.pid, person, 21.906295458475743, -6.7103188037872235, -3.368730028470358, 0.8466681241989136,106.19423227148576, 148.0565158193273
000392.pid, person, 21.918084008353095, -6.693243435450954, -3.299996001379831, 0.8233128786087036,108.57228923544602, 119.23847021265816
000393.pid, person, 21.8941593170166, -6.630649010340363, -3.3028889894485474, 0.7261898517608643,-63.62455658616211, 117.3383219170797
000394.pid, person, 21.852461576461792, -6.623047798871983, -3.1706813573837285, 0.83281010389328,125.88619898440639, 134.17415546176738
000395.pid, person, 21.82340774536133, -6.579277038574209, -3.1169483661651616, 0.8775758743286133,123.9013195950495, 110.03418379731633
000395.pid, car, 21.990766771378055, -6.492458128160043, -3.1150543689727783, 0.32714781165122986,24.572582869388242, 23.95398598649826
000396.pid, person, 21.802977561950684, -6.497550249099722, -3.1809301733970647, 0.876012921333313,-40.32843756527528, -39.755163943820094
000397.pid, person, 21.77777777777778, -6.445003721449099, -3.0925082100762267, 0.9000576138496399,146.53500518572193, 145.34072969244713
000397.pid, car, 6.3645654519398995, 5.022842685381576, -5.25664750734965, 0.3176422715187073,108.55136951130358, 63.14279970666049
000398.pid, person, 21.75962595506148, -6.406378442590878, -3.180457126010548, 0.8709428310394287,-176.24865900856534, 3.456818511919756
000399.pid, person, 21.721901520438816, -6.369161979011858, -3.150279926217121, 0.8689413666725159,-21.94272116868325, -22.2949028290734
000400.pid, person, 21.686010059557464, -6.336522880353416, -3.107867705194574, 0.8522970080375671,-31.510253350659156, 146.35245810883723
000401.pid, person, 21.650406731499565, -6.315318822860707, -3.202614545822144, 0.8216686844825745,132.00822468974192, 130.798866798187
000402.pid, person, 21.642223470351276, -6.2807661505306385, -3.149049282073975, 0.7599267959594727,-38.901878532492354, 136.57493752134937
000403.pid, person, 21.603579689474664, -6.24218469507553, -3.2298048384049363, 0.7828289270401001,133.74659403242532, -41.28079871797635
000404.pid, person, 21.60469729105631, -6.194358030954987, -3.235399993260702, 0.7806792855262756,144.23822558111442, -33.00619022681967
000404.pid, car, 6.244873046874997, 5.29141513506572, -5.279276609420777, 0.304323673248291,-62.355036519637935, 72.27087091688001
000405.pid, person, 21.611601710319515, -6.11975046992301, -3.186349004507065, 0.8134818077087402,121.51404799628405, 120.3462878955055
000406.pid, person, 21.59522544013129, -6.085356261995092, -3.2145366271336875, 0.8400753736495972,134.26756162030728, 136.08644501553317
000407.pid, person, 21.60102907816569, -6.031226317087801, -3.273866256078085, 0.8332149386405945,118.30515616115632, 124.92057746698319
000408.pid, person, 21.592325547162222, -5.9872626977808245, -3.2050268089070038, 0.8543683290481567,125.7633931084131, 129.9392300534878
000409.pid, person, 21.574255347251892, -5.925606667995443, -3.2733110040426254, 0.8437057137489319,113.1194073633427, 109.61480676072217
000410.pid, person, 21.59558426706414, -5.8841650862442725, -3.2774311743284525, 0.8496537804603577,110.3601268907553, 115.09815340311444
000411.pid, person, 21.58011023203532, -5.816621462504059, -3.2746095392439103, 0.7830826044082642,103.17298167342275, 105.28723555780188
000412.pid, person, 21.5571043226454, -5.748134930928537, -3.2506888442569313, 0.8260684013366699,-54.35239545791567, 127.07272555709959
000413.pid, person, 21.54246234893799, -5.683666229248038, -3.2385955333709724, 0.7906686067581177,122.41866298402924, 123.53477962183136
000414.pid, person, 21.54456273247214, -5.5953244601978875, -3.2217857977923225, 0.864339292049408,124.14656101797904, 127.86739815648065
000415.pid, person, 21.493949441348803, -5.521649641149176, -3.1944438008701104, 0.8741937279701233,128.17847967066584, 129.07516729193733
000416.pid, person, 21.471234440803528, -5.4965485334396265, -3.174595221877098, 0.8483248949050903,-43.5946478289309, -44.8565416260088
000417.pid, person, 21.46049830118815, -5.464038626352937, -3.20106635093689, 0.8510724306106567,-53.59371075895266, 127.10102930044899
000418.pid, person, 21.426960468292236, -5.432938277721397, -3.178143337368965, 0.8374900221824646,133.1615139349858, -45.430679876138335
000419.pid, person, 21.429950184292263, -5.4229251808590275, -3.2119875219133167, 0.8405658006668091,117.87483907369287, 117.89202242792975
000420.pid, person, 21.385509899684358, -5.373550244740068, -3.2216717004776005, 0.7172891497612,124.54907729269266, 122.96027046694722
000421.pid, person, 21.39612054824829, -5.348417401313774, -3.3069275816281642, 0.7692750096321106,117.60195637892735, 116.39740807390412
000422.pid, person, 21.37926445007324, -5.270983505249015, -3.1724755525588995, 0.8591548800468445,127.11799079690032, 122.69672438113004
000423.pid, person, 21.36606521606445, -5.201196146011345, -3.209894824028016, 0.8559199571609497,125.6481108640887, 125.20415797824386
000424.pid, car, 6.388217639923093, 5.131750917434699, -5.2643886566162115, 0.3103814721107483,112.01304774682083, 66.63780455390791
000424.pid, person, 21.375872135162354, -5.1636792818705155, -3.250709414482117, 0.842850923538208,125.35594288348015, 123.91048571418341
000425.pid, person, 21.352195024490356, -5.097569465637199, -3.330568879842759, 0.8464151620864868,121.05872847591667, 123.82200462138735
000426.pid, person, 21.330640792846676, -5.006677985191337, -3.345542758703232, 0.8452349901199341,-58.84824378178719, 124.54354527557751
000427.pid, person, 21.355646610260006, -4.9719441533088595, -3.3300067186355595, 0.8487781882286072,-71.3316933695242, 118.47040814033444
000428.pid, person, 21.33709907531738, -4.939243396123242, -3.2678253650665297, 0.8653776049613953,104.89520791025457, 97.28952961394076
000428.pid, car, 6.383436679840084, 5.134981393814091, -5.26599531173706, 0.3416544795036316,110.58075959210677, 65.19636324147173
000429.pid, person, 21.305274145943773, -4.869496209280824, -3.298536130360195, 0.6787815690040588,125.79579185237826, 125.73568982738223
000429.pid, car, 21.55973091125488, -4.865115324656167, -3.1104303995768228, 0.32638150453567505,-173.84911688602872, -172.8450829838648
000430.pid, person, 21.319018500191824, -4.851041521344858, -3.3062115737370084, 0.7372108101844788,110.45850839372943, 108.04224684916414
000430.pid, car, 6.00848865509033, 5.123695918491914, -5.254406792776925, 0.38758745789527893,113.55234019983331, 70.76027704288474
000431.pid, person, 21.305684089660645, -4.774204134941093, -3.3033284544944763, 0.837424099445343,98.29493320499267, 95.84950733177746
000431.pid, car, 5.968671321868893, 5.222433725992843, -5.2612935702006025, 0.33680763840675354,113.99832338346408, 71.20915575864313
000432.pid, car, 6.261620283126828, 5.241400877634688, -5.277119636535645, 0.30256783962249756,-65.8552524973738, 68.8023103990348
000432.pid, person, 21.297986268997192, -4.726355791091911, -3.2995719015598297, 0.8176623582839966,106.3927638645328, 90.1624962764459
000433.pid, person, 21.282122351906512, -4.653629693118001, -3.211600780487061, 0.8471183180809021,118.93878933526825, 117.7600325802262
000434.pid, person, 21.250288356434215, -4.564786477522409, -3.1202425956726074, 0.8602331280708313,110.80989574574389, 102.59620538775421
000435.pid, person, 21.232948493957515, -4.487678623199455, -3.267861437797547, 0.8617364764213562,125.27842583043414, 128.60474232998854
000436.pid, car, 2.9985086123148563, -15.803428967793772, -3.217108011245728, 0.30215755105018616,-124.29000187509503, -168.69884487562254
000436.pid, person, 21.234721024831135, -4.475488781929008, -3.204136629899343, 0.8685648441314697,119.03405531703037, 121.71006425269661
000437.pid, person, 21.213432720729283, -4.482480968747812, -3.1594832624707907, 0.8622387051582336,114.10194096564747, 117.42736838717013
000438.pid, person, 21.197361946105957, -4.430823802947991, -3.1955651555742537, 0.8763554096221924,112.84405400558748, 118.53019571453598
000439.pid, person, 21.192802906036373, -4.446331898371371, -3.182354350884756, 0.8812551498413086,118.03520008146867, 114.42998670480713
000440.pid, person, 21.182730611165365, -4.422129027048739, -3.2086401462554934, 0.8724328875541687,115.48818779346976, 115.7557839515857
000441.pid, car, 3.1741794672879298, -15.843649344010784, -3.3447894833304663, 0.3447485566139221,-32.222740129906086, 12.739461073323152
000441.pid, person, 21.130721872503106, -4.415744001215146, -3.241694775494662, 0.7762095332145691,111.75966136632422, 119.73999671483352
000442.pid, person, 21.132532119750973, -4.372102443988499, -3.226302733788124, 0.8355967998504639,108.87371374860206, 109.59460105045491
000443.pid, person, 21.116791556863223, -4.29550081140854, -3.2227161631864663, 0.8641344904899597,106.35880641971002, 106.92002642538097
000444.pid, car, 6.0237290859222385, 5.107140064239506, -5.250304301579793, 0.32047778367996216,113.7114538029043, 70.9571292055351
000444.pid, person, 21.06508958339691, -4.259465396404259, -3.2283923029899597, 0.7394194602966309,102.52183160663823, 103.12219182189011
000445.pid, car, 6.334253013134, 4.934625476598744, -5.243788301944733, 0.3515576422214508,-69.25796790488486, 65.51515684059649
000445.pid, person, 21.023886460524334, -4.221758127212516, -3.336354053937472, 0.8424222469329834,104.70143737605814, 104.79769022560369
000446.pid, person, 20.999351228986466, -4.172098449298306, -3.3026688098907475, 0.8106392621994019,105.97044257298974, 105.33972952712088
000447.pid, person, 20.96314125061035, -4.149020131429029, -3.2722786267598476, 0.8190475702285767,104.38102249751879, 104.28069581966565
000448.pid, person, 20.931562264760334, -4.143589099248243, -3.3364212115605674, 0.8149914741516113,106.43242385916527, 105.2883365132691
000448.pid, car, 3.22050301233927, -15.817139943440756, -3.4343883792559313, 0.3112804889678955,57.895152059844825, -70.31941249918073
000449.pid, person, 20.882099151611325, -4.1247196912765425, -3.3913527011871336, 0.814154326915741,103.50666974955394, 101.93393239976278
000449.pid, car, 5.987870216369626, 5.167834321657822, -5.258469343185425, 0.3029492497444153,113.67964749728901, 70.85073935353829
