000032.pid, person, 12.0863921907213, -1.2154276106092665, -3.4358827008141417, 0.7906712293624878,-27.41611843788306, 107.61278049526686
000032.pid, bicycle, 12.0863921907213, -1.2154276106092665, -3.4358827008141417, 0.7989240884780884,-27.41611843788306, 107.61278049526686
000033.pid, person, 12.11209285259247, -1.257314048707486, -3.404469758272171, 0.7838740944862366,-36.50435076873653, 99.71678703089908
000033.pid, bicycle, 12.11209285259247, -1.257314048707486, -3.404469758272171, 0.7838187217712402,-36.50435076873653, 99.71678703089908
000034.pid, car, -36.80809930654672, 25.108491017268253, -1.826500908686563, 0.30459749698638916,152.86493957416664, 112.77245514967494
000034.pid, person, 12.040942600795203, -1.252490426812854, -3.4404890537261963, 0.8322614431381226,-28.33687016048796, 106.5505263404162
000034.pid, bicycle, 12.040942600795203, -1.252490426812854, -3.4404890537261963, 0.7943578362464905,-28.33687016048796, 106.5505263404162
000035.pid, car, -36.217902755737306, 26.146514892578125, -1.6359462559223161, 0.32263559103012085,169.08980910703744, 124.12103822273163
000035.pid, person, 12.031387329101564, -1.212217956781388, -3.517092227935791, 0.784173309803009,-26.32323023008243, 179.27453986615365
000035.pid, bicycle, 12.031387329101564, -1.212217956781388, -3.517092227935791, 0.7971780300140381,-26.32323023008243, 179.27453986615365
000036.pid, person, 12.038891050550673, -1.2287064393361418, -3.4407328499688044, 0.7850740551948547,151.92240798929151, 106.88962826947048
000036.pid, bicycle, 12.038891050550673, -1.2287064393361418, -3.4407328499688044, 0.7840209007263184,151.92240798929151, 106.88962826947048
000036.pid, car, -32.43490346272787, 29.081104278564453, -2.791865189870196, 0.35532844066619873,-30.446418751978268, -29.842848461034997
000037.pid, person, 12.01960563659668, -1.232155111100938, -3.4468799697028265, 0.8052806258201599,-36.958435856426775, 97.95215163796858
000037.pid, bicycle, 12.01960563659668, -1.232155111100938, -3.4468799697028265, 0.7972251772880554,-36.958435856426775, 97.95215163796858
000038.pid, car, -38.563700103759764, 25.139334615071615, -1.5179527342319483, 0.3109477162361145,166.28470027240655, 121.42505164033201
000038.pid, person, 22.45515646934509, -26.84925255775452, -3.008815824985504, 0.7967883348464966,178.28402051168135, 7.624537352899003
000038.pid, bicycle, 12.053417563438416, -1.2533516734838468, -3.4508822560310364, 0.7694960832595825,155.29815110760927, 110.13256686937693
000039.pid, person, 22.450095956975762, -26.897084712982178, -3.0133744911714033, 0.8224052786827087,175.33954886211876, 7.6234982291606395
000039.pid, bicycle, 12.097624672783745, -1.2905572189225083, -3.4222280979156494, 0.7914466261863708,140.3339134952127, 96.27742564370936
000040.pid, car, -32.42608070373534, 29.06701914469401, -2.7910044987996425, 0.35345521569252014,-30.47866006946946, -29.7021741783577
000040.pid, person, 12.05911742316352, -1.232636319266427, -3.434510681364271, 0.8167880773544312,-24.726132662803046, 110.27005822635
000040.pid, bicycle, 12.05911742316352, -1.232636319266427, -3.434510681364271, 0.802901566028595,-24.726132662803046, 110.27005822635
000041.pid, car, -32.17528820037842, 29.089126586914062, -3.3420416712760934, 0.35147935152053833,-22.797326743899614, 148.35714897303475
000041.pid, person, 12.06685221195221, -1.2805487290024757, -3.450272381305695, 0.8498431444168091,156.8149527994132, 111.77266543542801
000041.pid, bicycle, 12.06685221195221, -1.2805487290024757, -3.450272381305695, 0.8158023953437805,156.8149527994132, 111.77266543542801
000042.pid, person, 12.090501666069033, -1.2048989906907108, -3.4417567253112793, 0.8505402207374573,-24.722265517434224, 111.01523778056588
000042.pid, bicycle, 12.090501666069033, -1.2048989906907108, -3.4417567253112793, 0.8094702363014221,-24.722265517434224, 111.01523778056588
000043.pid, person, 12.006277243296305, -1.232436547676721, -3.5714193979899096, 0.8431376814842224,167.60169757003683, -111.97843687938285
000043.pid, bicycle, 12.006277243296305, -1.232436547676721, -3.5714193979899096, 0.803779661655426,167.60169757003683, -111.97843687938285
000044.pid, car, -32.439099629720054, 29.08044370015462, -2.791966040929157, 0.3433302342891693,-31.13066372252394, -30.13468427101175
000044.pid, person, 12.021927833557129, -1.2427363574504853, -3.5339662075042724, 0.8535748720169067,164.2743061189903, -124.12659290546502
000044.pid, bicycle, 12.021927833557129, -1.2427363574504853, -3.5339662075042724, 0.8105328679084778,164.2743061189903, -124.12659290546502
000045.pid, car, 21.400973002115887, 24.903986612955734, -4.558166344960532, 0.6126003861427307,54.478030982926555, -170.32757895679623
000045.pid, person, 12.127465009689333, -1.258604943752288, -3.4428090155124664, 0.8502517938613892,161.46484777048758, 116.32955798528617
000045.pid, bicycle, 12.127465009689333, -1.258604943752288, -3.4428090155124664, 0.8011059761047363,161.46484777048758, 116.32955798528617
000046.pid, person, 12.166823387145996, -1.254542162021001, -3.4308494329452515, 0.8558101058006287,145.04057801088237, 99.91457849192307
000046.pid, bicycle, 12.166823387145996, -1.254542162021001, -3.4308494329452515, 0.8314481973648071,145.04057801088237, 99.91457849192307
000047.pid, car, -32.08603210449219, 28.849407577514647, -2.962688541412353, 0.34950459003448486,151.55575375359865, 148.508841778931
000047.pid, person, 12.070803536309135, -1.2510901689529395, -3.5155313279893665, 0.8704572916030884,164.30796266686295, -120.82042486236291
000047.pid, bicycle, 12.070803536309135, -1.2510901689529395, -3.5155313279893665, 0.8287023305892944,164.30796266686295, -120.82042486236291
000048.pid, person, 12.170902524675643, -1.2164432065827475, -3.451741865703038, 0.80641108751297,158.83962132751842, 114.38381395485318
000048.pid, bicycle, 12.170902524675643, -1.2164432065827475, -3.451741865703038, 0.7853025197982788,158.83962132751842, 114.38381395485318
000049.pid, person, 12.095803380012512, -1.2771144136786452, -3.5354626178741455, 0.844038724899292,167.8857020906837, -120.23389437968149
000049.pid, bicycle, 12.095803380012512, -1.2771144136786452, -3.5354626178741455, 0.6659445762634277,167.8857020906837, -120.23389437968149
000049.pid, car, 20.950878524780272, 25.270946884155283, -4.552319622039796, 0.6524963974952698,-56.13498296465589, 78.81392105627883
000050.pid, person, 12.053190708160402, -1.2296024958292644, -3.571216265360514, 0.8509010672569275,168.5970886958324, -113.68720140877409
000050.pid, bicycle, 12.053190708160402, -1.2296024958292644, -3.571216265360514, 0.8095956444740295,168.5970886958324, -113.68720140877409
000051.pid, car, -31.9091534614563, 28.881406784057617, -3.3871998190879817, 0.34884658455848694,-32.79752949196308, -26.680982197250007
000051.pid, person, 12.082074522972109, -1.2308472543954831, -3.433862417936325, 0.8592488169670105,-39.43604602341444, 95.73271405339122
000051.pid, bicycle, 12.082074522972109, -1.2308472543954831, -3.433862417936325, 0.8163526654243469,-39.43604602341444, 95.73271405339122
000052.pid, car, -32.43603324890137, 29.09183629353841, -2.792221864064535, 0.351338654756546,-30.963925403534567, -30.369537009169083
000052.pid, person, 12.166225242614747, -1.2995878338813767, -3.408525156974793, 0.8098588585853577,-27.960680677676173, -161.94898386931638
000052.pid, bicycle, 12.166225242614747, -1.2995878338813767, -3.408525156974793, 0.7968185544013977,-27.960680677676173, -161.94898386931638
000053.pid, person, 22.540740966796875, -27.485612021552196, -2.9798309626402677, 0.8154855370521545,144.1576431826352, 148.94260344855812
000053.pid, bicycle, 12.082585970560709, -1.2495271099938279, -3.5206247170766196, 0.7914456129074097,163.32378650276246, 139.79276129503282
000054.pid, person, 12.189048767089844, -1.2605739567014898, -3.4148215452829995, 0.825684130191803,146.4691974241214, 101.37707295880364
000054.pid, bicycle, 12.189048767089844, -1.2605739567014898, -3.4148215452829995, 0.8015888333320618,146.4691974241214, 101.37707295880364
000055.pid, car, -32.128034591674805, 28.92875576019287, -3.0803830623626722, 0.34775087237358093,153.27763204360522, -177.17803453906973
000055.pid, person, 12.057016902499731, -1.2403972678714321, -3.5497284730275473, 0.7434960007667542,159.15699673668536, 131.62498746184838
000055.pid, bicycle, 12.057016902499731, -1.2403972678714321, -3.5497284730275473, 0.7523064613342285,159.15699673668536, 131.62498746184838
000056.pid, person, 22.63945125131046, -27.525849735035617, -2.9936068338506363, 0.7432932257652283,143.97686615445758, 155.96578054488816
000056.pid, bicycle, 12.180410146713257, -1.2276507169008246, -3.461072266101837, 0.7423037886619568,151.92875984232268, 106.98859788936797
000056.pid, car, -32.42303148905436, 29.084381739298504, -2.791508515675861, 0.3483671247959137,-30.957948114661775, -30.04202358329694
000057.pid, car, -38.10944439814641, 25.333976598886345, -1.4266239083730246, 0.3167657256126404,162.6308333515224, 117.62966145547932
000057.pid, person, 22.608980347128476, -27.52398692860323, -3.008517391541425, 0.7577186822891235,140.65336191767824, 147.89657713970183
000057.pid, bicycle, 12.236227444240027, -1.2879109467778906, -3.4294423716408864, 0.7509796023368835,148.28989361236714, 102.72455050474457
000058.pid, person, 12.148781299591064, -1.2632407173514366, -3.4080030024051666, 0.777508556842804,139.78488500764627, 95.48339202284726
000058.pid, bicycle, 12.148781299591064, -1.2632407173514366, -3.4080030024051666, 0.7767815589904785,139.78488500764627, 95.48339202284726
000059.pid, person, 12.12167444229126, -1.249958348274231, -3.4432759523391723, 0.7729614973068237,152.35783761196606, 107.31962575645844
000059.pid, bicycle, 12.12167444229126, -1.249958348274231, -3.4432759523391723, 0.7667794823646545,152.35783761196606, 107.31962575645844
000060.pid, car, -1.1129046916961705, -21.192370986938464, -0.7810383081436157, 0.35714560747146606,-123.2497389798271, -151.8832382147125
000060.pid, person, 12.028977394104006, -1.2747619284523866, -3.452262004216512, 0.8477591276168823,167.00655481500897, -6.9600472789540095
000060.pid, bicycle, 12.040830016136171, -1.2735232859849939, -3.5201794505119324, 0.7799421548843384,166.7907192592128, -17.5345338850556
000061.pid, person, 12.005677223205568, -1.2474539930170239, -3.5268283540552314, 0.821754515171051,161.67666453918386, -104.83501971618085
000061.pid, bicycle, 11.990395105802095, -1.2437187158144438, -3.5340289886181178, 0.7874621748924255,159.62917411974362, -129.1051399651045
000062.pid, car, -32.43336423238118, 29.084824244181316, -2.7919116814931226, 0.34700942039489746,-30.81647034865019, -30.01617934796228
000062.pid, person, 12.047471714019775, -1.2696797847747825, -3.368651008605957, 0.8191477656364441,152.69610783031564, -171.8529202132521
000062.pid, bicycle, 12.047471714019775, -1.2696797847747825, -3.368651008605957, 0.7753465175628662,152.69610783031564, -171.8529202132521
000063.pid, car, -32.17029142379761, 29.28824520111084, -2.47202941775322, 0.34545451402664185,15.599487082152946, 170.36519144031544
000063.pid, person, 12.00208342075348, -1.2735885605216026, -3.5187147557735443, 0.8562023043632507,-21.316397085424438, 0.9705798908345115
000063.pid, bicycle, 12.00208342075348, -1.2735885605216026, -3.5187147557735443, 0.7662819027900696,-21.316397085424438, 0.9705798908345115
000064.pid, car, -32.44819768269857, 29.068281173706055, -2.79206649462382, 0.34618547558784485,-30.64677892023971, -32.80042266997489
000064.pid, person, 11.913108921051025, -1.278029441833496, -3.4567604541778563, 0.8179380893707275,-31.528561798975005, -31.742004513572613
000064.pid, bicycle, 11.919644567701551, -1.27468921078576, -3.514427953296238, 0.7546201348304749,-31.688290422484833, 142.2848302337485
000065.pid, car, -32.00860404968261, 29.283531188964844, -2.9771560668945316, 0.34489524364471436,173.8088992691343, -152.80511076964513
000065.pid, person, 11.851684136824174, -1.232405863024973, -3.568433089689775, 0.8720619678497314,-34.28413897251158, 137.43926442042817
000065.pid, bicycle, 11.851684136824174, -1.232405863024973, -3.568433089689775, 0.7955073714256287,-34.28413897251158, 137.43926442042817
000066.pid, car, -32.260789235432945, 29.00920295715332, -3.2763868967692065, 0.3440718650817871,-25.191165888086303, 133.91038269876134
000066.pid, person, 11.86417808532715, -1.1906066238880164, -3.660340905189514, 0.8853562474250793,125.40812886154296, -42.18813761786421
000066.pid, bicycle, 11.86417808532715, -1.1906066238880164, -3.660340905189514, 0.7880896925926208,125.40812886154296, -42.18813761786421
000067.pid, car, -31.866989771525052, 28.769440333048504, -3.3364657560984305, 0.3538780212402344,155.00542753115428, -24.046310977229265
000067.pid, person, 11.810313701629639, -1.1755940690636635, -3.7527177731196084, 0.8749794363975525,97.08501556027015, -35.59509749162276
000067.pid, bicycle, 11.810313701629639, -1.1755940690636635, -3.7527177731196084, 0.7635822892189026,97.08501556027015, -35.59509749162276
000068.pid, person, 11.703124227977936, -1.2126235550358175, -3.4856178079332625, 0.8791567087173462,67.2536402763273, -61.511357361224555
000068.pid, bicycle, 11.703124227977936, -1.2126235550358175, -3.4856178079332625, 0.7590533494949341,67.2536402763273, -61.511357361224555
000069.pid, car, -37.887695185343425, 25.806951268514, -1.945654618740081, 0.30127736926078796,-23.692374118739906, 137.6068137807333
000069.pid, person, 11.650726318359377, -1.2624099388718601, -3.4466483354568482, 0.8590463995933533,-168.49740497632806, 178.75493199994983
000069.pid, bicycle, 11.650726318359377, -1.2624099388718601, -3.4466483354568482, 0.7442189455032349,-168.49740497632806, 178.75493199994983
000070.pid, person, 22.543950934159128, -27.520392869648187, -3.023894454303541, 0.7384633421897888,-45.46233607914842, 149.88148538321303
000070.pid, bicycle, 11.549959421157837, -1.323615580797194, -3.550474837422371, 0.6880186200141907,170.35340874063664, 36.9837801549942
000071.pid, person, 11.497465814862933, -1.264478855899402, -3.5244033677237376, 0.7821784615516663,28.824105987964618, -157.3051567012047
000071.pid, bicycle, 11.497465814862933, -1.264478855899402, -3.5244033677237376, 0.7047147154808044,28.824105987964618, -157.3051567012047
000071.pid, car, -32.42565600077311, 29.065511067708332, -2.7907954057057682, 0.3688991069793701,-30.384057123375342, -29.772477393139354
000072.pid, person, 11.470229212443034, -1.2402031282583859, -3.676832675933838, 0.7395060658454895,37.60449904793944, -14.309149730874386
000072.pid, bicycle, 11.470229212443034, -1.2402031282583859, -3.676832675933838, 0.7071187496185303,37.60449904793944, -14.309149730874386
000072.pid, car, 20.100399017333984, 24.961602528889973, -4.536461671193441, 0.5131558775901794,-121.9593973465526, -167.18871267844932
000073.pid, car, -37.57223892211914, 25.774784905569895, -1.4729548054082051, 0.3176538646221161,-27.234838655282914, 108.70497187978951
000073.pid, person, 11.28170526944674, -1.392338422628549, -3.4556383169614353, 0.7676147818565369,-0.09053412383082397, 1.2605429055757131
000073.pid, bicycle, 11.28170526944674, -1.392338422628549, -3.4556383169614353, 0.7543137669563293,-0.09053412383082397, 1.2605429055757131
000074.pid, person, 11.287909507751465, -1.3235036475317823, -3.6726203816277647, 0.7781128883361816,41.047372874684, -9.062303218785685
000074.pid, bicycle, 11.287909507751465, -1.3235036475317823, -3.6726203816277647, 0.7492181062698364,41.047372874684, -9.062303218785685
000075.pid, car, -32.125403881073, 28.91226625442505, -3.0795459151268005, 0.35352832078933716,153.72319593962334, -171.90101789319502
000075.pid, person, 22.549413982190583, -27.514515023482478, -3.0246268322593286, 0.7608616948127747,-42.1112186442341, 151.27942417336078
000075.pid, bicycle, 11.102287219120909, -1.429834932088852, -3.415062977717473, 0.7144138216972351,39.32330011460347, 5.110769868596555
000076.pid, person, 22.563406510786578, -27.50093425403942, -3.003982300108129, 0.7641245126724243,130.25493521424443, 153.51884891926875
000076.pid, bicycle, 10.97297477722168, -1.4977288567102867, -3.3567812809577355, 0.7365394234657288,38.46411278771076, -25.27554187780073
000077.pid, bicycle, 10.7982128461202, -1.6287479897340156, -3.327809989452362, 0.6791994571685791,15.990424058443432, -164.0493620794406
000077.pid, car, -32.431958516438804, 29.082407633463543, -2.791718006134032, 0.3526255488395691,-30.880653751598643, -30.199210444052955
000077.pid, person, 22.5684934762808, -27.511328623845028, -3.011163075764974, 0.743155300617218,135.54431327341797, 152.65030287848094
000078.pid, bicycle, 10.875946998596191, -1.5728950968810484, -3.472352589879717, 0.739616870880127,39.256499338810286, 127.87175416667729
000078.pid, person, 22.566914953836584, -27.49918207308141, -2.9891846121811287, 0.749467134475708,131.33984904807028, 151.4442704167577
000079.pid, bicycle, 10.747102451324464, -1.633268773555757, -3.7874718427658083, 0.7463759183883667,-162.82275406109363, 50.88510283233743
000079.pid, person, 22.56013781849931, -27.477167036475212, -3.021193329880877, 0.7519161105155945,-50.849675027340346, 152.67403925351033
000080.pid, car, -32.430280685424805, 29.09026273091634, -2.79198145866394, 0.3643043637275696,-31.268613032694958, -32.40874066920386
000080.pid, person, 22.564975635425466, -27.492962038194815, -3.015443151061599, 0.7638822197914124,132.31430877333366, 152.25997660652072
000080.pid, bicycle, 10.650436673845563, -1.7317972012928533, -3.6991142886025563, 0.6973909735679626,32.16664178945888, 13.687148803554189
000081.pid, car, 12.632864832878111, -24.804589629173275, -2.6753992587327957, 0.3038690686225891,-42.028163717444045, -177.47308305588277
000081.pid, person, 12.632864832878115, -24.80458962917328, -2.6753992587327957, 0.7833142876625061,-42.02816371744412, -177.4730830558827
000081.pid, bicycle, 10.499636862013075, -1.7399227486716375, -3.7622541586558023, 0.6226418018341064,35.184906308911664, -146.030249963699
000082.pid, car, -0.9296854933102937, -20.790553410847973, -1.0101640621821086, 0.36020010709762573,-118.05034492992131, -165.0930657218661
000082.pid, person, 22.56347788297213, -27.483706449851017, -2.9964568492693777, 0.7410843968391418,-51.481096790336856, 143.47016631970556
000082.pid, bicycle, 9.935286955399947, -0.5592825196006056, -4.145519083196467, 0.6421647071838379,108.39695540435649, 71.91637154638524
000083.pid, car, -31.97905921936035, 29.13063621520996, -2.7667694807052614, 0.37215542793273926,162.67875851216274, 24.537571491802122
000083.pid, person, 22.56557337443034, -27.4856432960147, -3.0486741860707602, 0.7032677531242371,-45.642800322469405, 143.81040342016033
000083.pid, bicycle, 10.263803905910917, -1.8279992474450013, -3.8483180469936795, 0.6368563175201416,-141.92299123068554, -156.9005447840375
000084.pid, person, 22.583083023896087, -27.50698945328996, -3.0005317958625586, 0.697280764579773,131.4695268059524, 152.32252098744038
000084.pid, bicycle, 10.039243578910828, -1.917570784687995, -3.783085107803345, 0.628533661365509,27.779768229375303, 174.79610238069182
000085.pid, person, 22.570824158497345, -27.498936286339394, -3.0240658796750584, 0.6853421926498413,139.04281205701258, 157.09757317434708
000085.pid, bicycle, 8.974518342451615, 1.3228240013122572, -4.401708646254106, 0.5521320700645447,104.17419163928224, 62.89500315048657
000085.pid, car, -32.44527626037598, 29.077544530232746, -2.7921442985534655, 0.37005120515823364,-31.0211028432622, -30.146012925711847
000086.pid, person, 22.55983492907356, -27.50129935320686, -2.978640822803273, 0.6866537928581238,-50.5847646478439, 152.671457702536
000086.pid, bicycle, 9.370230078697205, -1.1709125488996524, -4.139095276594162, 0.7598589658737183,103.27004725356686, 62.26185235390657
000087.pid, car, -38.66117795308431, 25.83750120798747, -1.890891388058663, 0.3052370548248291,-33.28610230868949, 135.77632595195269
000087.pid, person, 22.580972766876222, -27.521080160140997, -2.9694947481155394, 0.724980354309082,130.65384761894987, 154.25536322507924
000087.pid, bicycle, 9.462945801871166, -2.3666679518563405, -3.8941708973475864, 0.7696484923362732,-160.34623031030523, -132.5425348524524
000088.pid, car, -37.86506046968347, 25.385567160213697, -2.116945240427466, 0.30322107672691345,-29.27651056533646, 109.69515645444635
000088.pid, person, 9.244646549224855, -2.455481290817259, -3.9756931364536285, 0.8498669862747192,-161.39872018713737, -112.53151986714988
000088.pid, bicycle, 9.244646549224855, -2.455481290817259, -3.9756931364536285, 0.7980575561523438,-161.39872018713737, -112.53151986714988
000089.pid, person, 22.592674936567033, -27.554640315827875, -2.971516047205244, 0.7433978319168091,128.91367392808354, 156.62535725172992
000089.pid, bicycle, 9.054940657182174, -2.5767687450755714, -4.023190455003218, 0.7546451091766357,19.830002638430283, -116.9618576666223
000090.pid, car, -1.2417156497637503, -21.370445887247712, -0.6919066707293196, 0.3438619375228882,-123.49800137901565, -74.03775626053942
000090.pid, person, 22.56652522087097, -27.53338007926941, -3.002445197105408, 0.7541718482971191,128.35328917261648, 151.82251782908745
000090.pid, bicycle, 8.626559766133626, 0.04554560979207357, -4.480689525604248, 0.7687923908233643,97.41451465078224, 56.48050717060186
000091.pid, person, 8.84983070080097, -2.7387436353243304, -4.143161718661968, 0.821956992149353,-145.31787627753533, -112.04829171863464
000091.pid, bicycle, 8.84983070080097, -2.7387436353243304, -4.143161718661968, 0.7868760228157043,-145.31787627753533, -112.04829171863464
000092.pid, person, 22.55773639678955, -27.53573999906841, -2.972538289270903, 0.7228088974952698,132.82749549514233, 158.44136284990756
000092.pid, bicycle, 8.475939803653295, -1.9602302710215262, -4.272892369164361, 0.7369411587715149,96.06810817356555, 53.225310031426474
000093.pid, person, 22.54920449128022, -27.507505004470413, -3.0154732433525293, 0.7588672637939453,-45.970769984966076, 155.88665565803842
000093.pid, bicycle, 8.446475369589669, -3.0079646451132622, -4.148728268487113, 0.7026646733283997,28.777052154909338, 163.17302027739055
000094.pid, person, 22.558567749826533, -27.520519858912422, -3.011117508536891, 0.7662796974182129,136.83303941479792, 160.8681595012908
000094.pid, bicycle, 8.189658641815186, -3.2263243993123356, -4.195999489890204, 0.8123685121536255,-143.58243222714856, -163.46122252976755
000095.pid, car, -32.311662673950195, 29.500516891479492, -2.465450127919514, 0.33949774503707886,25.71254984159152, -165.13218880466334
000095.pid, person, 22.54405415442682, -27.50222175352035, -3.0392916279454387, 0.7574875354766846,-49.837602461042515, 148.03348627300923
000095.pid, bicycle, 7.9558437787569485, -1.6842131706384507, -4.285633307236892, 0.7772929072380066,90.32641290898037, -47.73512102348049
000096.pid, car, 21.06210581461588, 25.68310546875001, -4.612509091695151, 0.6794108748435974,-22.5600100277148, 112.36220409589954
000096.pid, person, 8.006580511728924, -3.500005006790161, -4.05733601252238, 0.8751645684242249,-163.5334814928317, -163.99871371424985
000096.pid, bicycle, 7.833993487887914, -3.543678848831742, -4.064654933081733, 0.7804111242294312,23.380380632549628, 155.70245020534773
000097.pid, person, 7.87489528656006, -3.6459384679794313, -4.063822841644287, 0.8599262237548828,33.42266032695326, 17.631795030477637
000097.pid, bicycle, 7.714531635415965, -3.6966253313524966, -4.054561672539546, 0.8028433918952942,30.780999108405204, 165.9365370720799
000098.pid, person, 7.762293140093487, -3.8057444691658007, -4.1082642277081804, 0.8586586117744446,-143.26329947913896, 30.712614995343504
000098.pid, bicycle, 7.569198301860264, -3.8605459247316634, -4.029387133462088, 0.8225690126419067,31.945339574574355, 176.8615713715596
000099.pid, person, 7.578227837880454, -4.019316209687126, -4.139766163296169, 0.8533236384391785,58.68043356252759, 60.872978596648686
000099.pid, bicycle, 7.489737636164615, -4.085352094549881, -4.11201746840226, 0.8140210509300232,40.796270895632475, 46.62698534760574
000100.pid, person, 7.496971743447441, -4.214207155363901, -4.047048790114267, 0.8746802806854248,-124.1612526053225, 59.447361631254616
000100.pid, bicycle, 7.396171653971954, -4.282982587814332, -4.017206977395451, 0.8418636322021484,-139.34626475786933, 47.80487063405438
000101.pid, motorcycle, 7.245381978841926, -4.464411405416631, -3.9052757666661195, 0.4351106882095337,-136.10356416174744, 30.70825363547873
000101.pid, person, 7.331682551990857, -4.383731278506192, -3.906402999704534, 0.8695563077926636,-131.32104342274843, -124.65853417377308
000101.pid, bicycle, 7.2453819788419285, -4.4644114054166355, -3.905275766666119, 0.8162211775779724,-136.1035641617479, 30.708253635478407
000102.pid, bicycle, 7.15179786682129, -4.676257101694743, -3.781335147221883, 0.8406862616539001,-137.42376327296074, 62.79411950455659
000102.pid, motorcycle, 7.151797866821288, -4.67625710169474, -3.781335147221883, 0.3606453835964203,-137.42376327296117, 62.794119504555766
000102.pid, person, 7.170720497767131, -4.625590085983276, -3.8083309862348766, 0.8268012404441833,28.417724873699157, 59.78456072266405
000103.pid, bicycle, 7.111966451009116, -4.814979632695516, -3.814281721909841, 0.7063193917274475,-137.19972645627502, -4.29539248385846
000103.pid, person, 7.0753352642059335, -4.815806984901428, -3.8477362245321274, 0.8365806341171265,34.74533979235685, -1.2866620364486592
000104.pid, bicycle, 6.935594749450685, -5.1246417681376135, -3.8783913135528563, 0.8087682127952576,46.04625113554715, -119.94559949216641
000104.pid, person, 6.935594749450685, -5.1246417681376135, -3.8783913135528563, 0.8845275640487671,46.04625113554715, -119.94559949216641
000105.pid, bicycle, 6.872756140572685, -5.32941460609436, -3.8917337145124162, 0.8008854389190674,28.486066068142964, -135.4195612624184
000105.pid, person, 6.872756140572685, -5.32941460609436, -3.8917337145124162, 0.8324141502380371,28.486066068142964, -135.4195612624184
000106.pid, bicycle, 6.8140152522495825, -5.574429988861085, -3.877239499773298, 0.8232481479644775,33.22652435958869, -130.8927158182852
000106.pid, person, 6.8140152522495825, -5.574429988861085, -3.877239499773298, 0.8820051550865173,33.22652435958869, -130.8927158182852
000107.pid, bicycle, 6.688049316406251, -5.858733067145716, -4.01689494573153, 0.7921398282051086,48.24714991250835, -110.45855296168936
000107.pid, car, 19.988632202148438, 25.26178487141927, -4.4768535296122245, 0.46258386969566345,179.60082405834328, -136.16106738774067
000107.pid, truck, 19.988632202148438, 25.26178487141927, -4.4768535296122245, 0.30614158511161804,179.60082405834328, -136.16106738774067
000107.pid, person, 6.688049316406251, -5.858733067145716, -4.01689494573153, 0.87706458568573,48.24714991250835, -110.45855296168936
000108.pid, bicycle, 6.690328454971315, -6.0015409946441665, -4.024234437942505, 0.7325394749641418,-129.7869030580634, -112.88831779858302
000108.pid, person, 6.690328454971315, -6.0015409946441665, -4.024234437942505, 0.8215129375457764,-129.7869030580634, -112.88831779858302
000109.pid, car, -31.943588256835938, 29.496104558308918, -2.8735158840815225, 0.3163571357727051,38.64138861041555, -154.50859992273718
000109.pid, person, 6.549989847036509, -6.237855397737944, -4.017958512673011, 0.8848410248756409,-115.45538197639006, -95.31511778440623
000109.pid, bicycle, 6.549989847036509, -6.237855397737944, -4.017958512673011, 0.5629072189331055,-115.45538197639006, -95.31511778440623
000110.pid, person, 6.577031552791596, -6.354146838188171, -3.938219338655472, 0.8252511620521545,-118.12833469530457, -96.78116511466858
000110.pid, bicycle, 6.536325878567166, -6.443933222028944, -3.9918157524532742, 0.5006650686264038,-115.71702689451467, -88.87904223824701
000111.pid, bicycle, 6.517617130279542, -6.494940662384034, -3.9829528093338014, 0.6969969868659973,38.40569366183438, -125.8447068284526
000111.pid, person, 6.517617130279542, -6.494940662384034, -3.9829528093338014, 0.8711602687835693,38.40569366183438, -125.8447068284526
000112.pid, bicycle, 6.4109457456148595, -6.805698614854079, -4.116801335261418, 0.7348784804344177,-113.34848491339578, -88.79441436795437
000112.pid, car, 21.057037989298497, 25.699583689371753, -4.615243911743166, 0.6191396713256836,-21.07117196865863, 113.83149067671498
000112.pid, person, 6.4295668601989755, -6.743542830149333, -4.080497781435649, 0.8642967343330383,-117.26171037897294, -94.37424141754941
000113.pid, bicycle, 6.423603314619798, -6.842277196737436, -4.070686028553889, 0.7538750767707825,31.96539607137875, -122.16104928599414
000113.pid, person, 6.423603314619798, -6.842277196737436, -4.070686028553889, 0.855690062046051,31.96539607137875, -122.16104928599414
000114.pid, bicycle, 6.387253713607789, -7.102938270568847, -4.154563283920288, 0.7710708975791931,46.5200722686745, -113.83764621895101
000114.pid, person, 6.387253713607789, -7.102938270568847, -4.154563283920288, 0.8806529641151428,46.5200722686745, -113.83764621895101
000115.pid, bicycle, 6.427817662556968, -7.21818044450548, -4.218603849411011, 0.6457403898239136,58.08748520288261, 62.562857057843665
000115.pid, person, 6.427817662556968, -7.21818044450548, -4.218603849411011, 0.8615411520004272,58.08748520288261, 62.562857057843665
000116.pid, bicycle, 6.3889132976531995, -7.456585025787352, -4.181276869773865, 0.6082346439361572,-121.29729017499623, 39.58420806279234
000116.pid, car, -38.017047535289414, 25.996318990534004, -1.5338956713676446, 0.3050403892993927,-23.257603340687638, 113.82497910191539
000116.pid, person, 6.3889132976531995, -7.456585025787352, -4.181276869773865, 0.8937066197395325,-121.29729017499623, 39.58420806279234
000117.pid, bicycle, 6.38624069425795, -7.613157855139838, -4.162297010421753, 0.5931087732315063,-103.36141508554685, -113.21996392337286
000117.pid, car, -38.4679604939052, 25.32871437072754, -1.6695337061371127, 0.30333250761032104,168.22396596293277, 123.19480234414813
000117.pid, person, 6.38624069425795, -7.613157855139838, -4.162297010421753, 0.8449419140815735,-103.36141508554685, -113.21996392337286
000118.pid, bicycle, 6.388405799865723, -7.9965840975443525, -4.1152844826380415, 0.3123779594898224,-96.67887036983265, -34.34205589969243
000118.pid, car, -37.04279088973999, 25.577089190483093, -1.8096114955842495, 0.30589067935943604,164.3119115643212, 119.20804745481279
000118.pid, person, 6.388405799865723, -7.9965840975443525, -4.1152844826380415, 0.8129205703735352,-96.67887036983265, -34.34205589969243
000119.pid, bicycle, 6.403650283813478, -8.09376049041748, -4.1433148860931395, 0.4009307324886322,-94.98142527601173, -53.67217853423013
000119.pid, person, 22.324072647094727, -27.436452356974282, -3.0579382207658554, 0.8307228684425354,-48.592261333697195, -48.9755882758966
000120.pid, bicycle, 6.512624835968019, -8.218593978881838, -4.0141857147216795, 0.6800616383552551,-118.05706054374204, -164.87423581453822
000120.pid, person, 22.251765002375063, -27.397642508797027, -3.045885153438734, 0.8006174564361572,-58.591155833714566, 121.39722123521437
000121.pid, person, 22.16128331964666, -27.34894565235485, -2.9839636065743185, 0.7993168234825134,-66.04318151572718, 113.89421403725616
000122.pid, person, 22.126462231511656, -27.362254350081738, -3.0367197783096977, 0.838424801826477,-67.78857953804149, 111.71237621190066
000123.pid, bicycle, 6.3688075883047945, -8.7748658316476, -3.493539673941476, 0.4975881576538086,89.82773054304033, 115.75485522950503
000123.pid, person, 22.101562227521622, -27.347529586480594, -3.0687261600883637, 0.8120977878570557,-76.99401906582578, 103.00708525591654
000124.pid, bicycle, 6.374076684316001, -8.861186451382109, -3.755336496565077, 0.4605225622653961,99.99412434362907, 136.6563974591302
000124.pid, person, 22.069274054633247, -27.370411936442057, -3.062714311811659, 0.827030599117279,-84.37289152785952, 97.68219323141241
000125.pid, person, 22.014889102511937, -27.389277776082356, -3.0774526649051244, 0.8242219686508179,-90.96140273161228, 93.41297804119807
000126.pid, person, 21.945001291674238, -27.411064857660342, -3.074405093525731, 0.8049922585487366,-99.03969788103537, 86.73855884798131
000126.pid, bicycle, 6.5580776532491, -9.297322273254386, -4.10792859395345, 0.7242439389228821,-163.20681290597892, -116.91155403288474
000127.pid, person, 21.880379383380596, -27.421427836784954, -3.026679602953104, 0.7671444416046143,-102.85741038921066, 84.87303816911924
000127.pid, bicycle, 6.549126148223873, -9.604305505752553, -4.13997495174408, 0.7071515321731567,57.975298152023214, -168.4818536734249
000128.pid, person, 21.8294284028827, -27.443870508445883, -3.0040762019607254, 0.7271378040313721,-110.98500984305757, 74.35325719544281
000128.pid, bicycle, 6.432236862182615, -9.6985065460205, -4.181311988830567, 0.7284061908721924,31.057422991417848, 164.45204531326397
000129.pid, person, 21.79161748346293, -27.468947680491322, -3.0088663326119476, 0.6661139130592346,-107.76339659046992, 81.65037394767835
000129.pid, bicycle, 6.578061461448665, -9.797235488891594, -3.938499867916108, 0.6235911250114441,-124.52727943768643, 55.64992385857735
000130.pid, person, 21.75596293696651, -27.448358217875167, -3.047140695430614, 0.7138329744338989,-105.4645406403378, 78.15035646554969
000130.pid, bicycle, 6.526023101806636, -9.914285850524895, -4.008421182632448, 0.4104677438735962,-148.9543564544923, 30.263475029309475
000131.pid, person, 21.727725752468768, -27.456155481009645, -3.070702803545985, 0.679304301738739,-97.31555295263216, 83.70050238014677
000131.pid, bicycle, 6.375057816505433, -10.057011902332308, -3.5979884415864944, 0.5254671573638916,46.76038561000648, 89.66381883046128
000132.pid, person, 21.70047434638528, -27.40504941753313, -3.0491037883010566, 0.7419494390487671,-91.33392340284978, 90.85678398431416
000132.pid, bicycle, 6.408282796541847, -10.253595749537139, -3.6561536788940434, 0.6292449235916138,-160.06617238792654, 35.344870463226435
000133.pid, person, 21.682031145962803, -27.383104185624557, -3.0583821470087225, 0.7403441071510315,-81.99932276919785, 99.74488297725131
000133.pid, bicycle, 6.355049049153048, -10.465029996984144, -3.608937375685748, 0.6710439920425415,35.93524746296101, -155.5785601033719
000134.pid, person, 21.649548137889187, -27.38212656507305, -3.029369644090241, 0.7278788685798645,-67.5797987199753, 112.19338221395641
000134.pid, bicycle, 6.444711049397784, -10.674348301357682, -3.7309464083777533, 0.7640668749809265,-124.07595783639749, 60.83393804538012
000135.pid, person, 6.336099922657015, -10.785431742668154, -3.653018966317177, 0.6833195090293884,-120.33227805354262, 60.38497468608827
000135.pid, bicycle, 6.33609992265701, -10.785431742668145, -3.6530189663171773, 0.6850519180297852,-120.33227805354255, 60.384974686088384
000136.pid, person, 21.62543828670795, -27.384384155273438, -3.031711981846736, 0.7407936453819275,-58.84092851388882, 118.89803940638134
000136.pid, bicycle, 6.356966435909272, -10.998611450195312, -3.690386027097702, 0.7133487462997437,-107.64171501096091, 90.29612247285925
000137.pid, person, 21.63587698644521, -27.390406550193322, -3.0527475902012418, 0.7503969669342041,-59.17047477406714, 117.59358471861685
000137.pid, bicycle, 6.389358878135682, -11.20335578918457, -3.7245753407478337, 0.7163727879524231,-90.65783025619781, 77.54933272694548
000138.pid, person, 6.381534551319324, -11.241243713780454, -3.8128634753980135, 0.7357198596000671,79.7391767577955, 172.1789293528858
000138.pid, bicycle, 6.381534551319324, -11.241243713780454, -3.8128634753980135, 0.6836451888084412,79.7391767577955, 172.1789293528858
000139.pid, person, 6.410476605097454, -11.402975665198433, -3.8115484846962824, 0.79864501953125,-112.78416753132993, 88.47035956102893
000139.pid, bicycle, 6.428919235865276, -11.417492230733236, -3.845059553782145, 0.7271639108657837,-96.7377290216908, 82.62800169227444
000140.pid, person, 6.471135616302491, -11.57906076643202, -3.8746922545962863, 0.7673355937004089,-112.74619863006133, 75.53131964307751
000140.pid, bicycle, 6.486647493699018, -11.55033790363985, -3.879153209574082, 0.6912715435028076,-107.68131978956708, 76.20706971281291
000141.pid, person, 6.475804397038052, -11.710092135838101, -3.81865588256291, 0.8279381394386292,-144.5973286647154, 64.65277597403868
000141.pid, bicycle, 6.475804397038052, -11.710092135838101, -3.81865588256291, 0.7385932207107544,-144.5973286647154, 64.65277597403868
000142.pid, person, 6.425257873535157, -11.859686787923177, -3.858916425704956, 0.7319377064704895,-121.31398232150816, 9.969348744008613
000142.pid, bicycle, 6.470269539776972, -11.902993146110983, -3.9120621821459602, 0.7417529225349426,-52.50393781828119, 114.96209402921804
000143.pid, person, 21.619794498790394, -27.397629859230737, -3.0572488828138873, 0.7924983501434326,56.215526180145964, 83.33966643680898
000143.pid, bicycle, 6.440742194652558, -12.100950777530672, -3.900045618414879, 0.715706467628479,-121.02980640856532, 17.416791034233295
000144.pid, person, 6.500292682647706, -12.36199312210083, -3.9102445363998415, 0.7624584436416626,-111.626730392523, -155.21325263841985
000144.pid, bicycle, 6.523239076137544, -12.33762639760971, -4.052300080657005, 0.7720871567726135,81.60076312575923, 49.66007118343933
000145.pid, person, 6.52369480866652, -12.664311775794387, -4.066128950852614, 0.7920221090316772,-141.0413455148684, -79.8077232904029
000145.pid, bicycle, 6.523694808666524, -12.664311775794395, -4.066128950852614, 0.7943642735481262,-141.04134551487243, -79.8077232904031
000146.pid, person, 6.604021453857423, -12.621984481811529, -4.090116167068482, 0.7140154242515564,92.18183012902556, 105.67379931169062
000146.pid, bicycle, 6.604021453857425, -12.621984481811527, -4.090116167068482, 0.793753981590271,92.18183012902558, 105.67379931169084
000147.pid, person, 21.620421648025513, -27.40979507991246, -3.0294363498687744, 0.718276858329773,-129.61719277279258, 77.97899724739172
000148.pid, person, 21.627214661959943, -27.406077713801945, -3.041896261017898, 0.7467280626296997,-118.14782632069824, 86.58433295737734
000149.pid, person, 21.62169022653617, -27.42997431287579, -3.0570689322901705, 0.6928162574768066,78.01056361163062, 94.60211831773263
000150.pid, bicycle, 6.434794139862062, -13.63220157623291, -2.997801351547241, 0.826655387878418,-27.83158003401326, 108.47589200535738
000150.pid, person, 6.434794139862063, -13.63220157623291, -2.997801351547241, 0.7277454137802124,-27.831580034010102, 108.47589200536069
000151.pid, person, 6.429873466491701, -13.79248046875, -3.028815269470215, 0.7426052093505859,-35.938766481026846, 95.40698956598074
000151.pid, bicycle, 6.429873466491701, -13.79248046875, -3.028815269470215, 0.8111903071403503,-35.938766481026846, 95.40698956598074
000152.pid, bicycle, 6.424772500991824, -13.98069977760315, -3.0578134059906006, 0.7925992608070374,-0.16165986721142925, 130.23586844415908
000152.pid, person, 6.369987487792971, -13.990061569213868, -3.0645546436309816, 0.8400096893310547,-172.0264809917926, -130.99857166557854
000153.pid, bicycle, 6.44811002413432, -14.171141624450684, -3.0821595589319863, 0.8440183997154236,-28.289545686546504, 100.44643479585409
000153.pid, person, 6.44811002413432, -14.171141624450684, -3.0821595589319863, 0.8384443521499634,-28.289545686546504, 100.44643479585409
000154.pid, bicycle, 6.479305171966554, -14.34133071899414, -3.1030001640319824, 0.7814290523529053,-36.80706513467663, -161.17157156738955
000154.pid, person, 6.479305171966553, -14.341330718994143, -3.1030001640319824, 0.742457926273346,-36.80706513467559, -161.171571567388
000155.pid, person, 21.61453859622662, -27.408229717841515, -3.026694554548997, 0.7179656028747559,-47.5100386412932, 131.24507899397568
000156.pid, bicycle, 6.491469701131187, -14.599303404490152, -3.169065475463867, 0.7447378635406494,176.04591339335315, 125.22288664408131
000156.pid, person, 6.491469701131187, -14.599303404490152, -3.169065475463867, 0.7272850871086121,176.04591339335315, 125.22288664408131
000157.pid, person, 21.632310499224747, -27.450468498363833, -3.0774656513281036, 0.7145600914955139,-60.310737707849725, 121.38564041705962
000157.pid, bicycle, 6.49241570064, -14.755127498081757, -3.198523964200701, 0.7142027616500854,6.118726411578563, -136.9465486827072
000158.pid, person, 6.567272716098363, -14.929181098937988, -3.2173311710357666, 0.7277272939682007,-175.71864334762796, -139.76120688790604
000158.pid, bicycle, 6.567272716098362, -14.929181098937988, -3.2173311710357666, 0.5969069600105286,-175.71864334762623, -139.761206887904
000159.pid, person, 21.60439618428548, -27.445258776346844, -3.0632181117932, 0.7824986577033997,-83.55973177790752, 109.29015432384435
000159.pid, bicycle, 6.537030961778424, -15.03074773152668, -3.2782966560787625, 0.714094877243042,-156.61706456915866, 158.95561043813282
000160.pid, person, 21.58117060391408, -27.499091346308873, -3.0091184265208692, 0.8189881443977356,-90.9360785777708, -77.82555556729719
000160.pid, bicycle, 6.634930437261409, -15.219828172163533, -3.253921075300737, 0.7365686297416687,1.5980773883247366, -69.04744690220234
000161.pid, person, 21.5804719025234, -27.483521551456096, -3.1030764489803673, 0.7637323141098022,84.75915128119661, 94.63158727615792
000161.pid, bicycle, 6.705546021461488, -15.372270266215006, -3.284593323866526, 0.7525954246520996,-137.33928471596917, 75.63713518638336
000162.pid, person, 6.728299578030903, -15.545106410980218, -3.296558439731598, 0.7071298956871033,-132.5138625847539, 97.60495682972171
000162.pid, bicycle, 6.728299578030906, -15.545106410980226, -3.296558439731598, 0.6549726724624634,-132.5138625847541, 97.60495682972125
000163.pid, person, 21.45905866622925, -27.488001060485846, -3.0599589705467225, 0.7340916991233826,-104.50508460550809, 85.475160969665
000163.pid, bicycle, 6.838571190834046, -15.666136026382446, -3.3068160017331443, 0.6760232448577881,-84.60590861232338, 69.52363909349668
000164.pid, person, 21.387932419776917, -27.501020789146427, -3.017982929944992, 0.7724858522415161,-97.91996413041345, 84.39198301824936
000164.pid, bicycle, 6.946623888882725, -15.772236824035646, -3.313478946685791, 0.8077927827835083,-78.14220653067004, 45.85149642820763
000165.pid, bicycle, 7.010108384219084, -15.88147293437611, -3.325267466631802, 0.7330335378646851,160.8601400226545, 63.830665825802505
000165.pid, person, 21.318010208454538, -27.474951033896595, -3.0393136410003008, 0.7836923599243164,-104.20710034893379, 78.60863423254797
000166.pid, person, 21.24882251739502, -27.460240249633795, -3.006228084564209, 0.7706872820854187,-103.00520344710985, 79.1454821717589
000166.pid, bicycle, 7.051952708851209, -15.972797133705832, -3.372997197237882, 0.7723813056945801,-21.092135164444393, 80.60736997041954
000167.pid, person, 21.16425422827403, -27.45000056425731, -3.0243034412463508, 0.8035313487052917,-94.84931889461971, 84.61918489471333
000167.pid, bicycle, 7.217937772924251, -16.12998390197754, -3.3636777617714624, 0.599125325679779,-34.45027893187063, -90.6691782548493
000168.pid, person, 7.22602620124817, -16.195811653137206, -3.3465236902236937, 0.821994960308075,-67.15230893134282, 67.33697583552619
000168.pid, bicycle, 7.22602620124817, -16.195811653137206, -3.3465236902236937, 0.7901586890220642,-67.15230893134282, 67.33697583552619
000169.pid, person, 7.360576959756705, -16.322929235605095, -3.2284787618196926, 0.795717179775238,131.26139358036403, 72.86466275609018
000169.pid, bicycle, 7.360576959756705, -16.322929235605095, -3.2284787618196926, 0.8049224615097046,131.26139358036403, 72.86466275609018
000170.pid, person, 7.499133467674256, -16.408587614695232, -3.211774388949076, 0.8389703035354614,113.40028607782018, 64.1186751046214
000170.pid, bicycle, 7.499133467674256, -16.408587614695232, -3.211774388949076, 0.8034464716911316,113.40028607782018, 64.1186751046214
000171.pid, person, 7.59141360796415, -16.473966745229866, -3.2831065471355734, 0.8453726768493652,123.78524196395401, 43.894320505979145
000171.pid, bicycle, 7.59141360796415, -16.473966745229866, -3.2831065471355734, 0.8356520533561707,123.78524196395401, 43.894320505979145
000172.pid, person, 7.694595483633189, -16.549791776216946, -3.3068029330326962, 0.8466914296150208,-57.017486560011605, 61.723487969249945
000172.pid, bicycle, 7.694595483633189, -16.549791776216946, -3.3068029330326962, 0.838506281375885,-57.017486560011605, 61.723487969249945
000173.pid, person, 7.8345700777494, -16.638133855966423, -3.3137050591982327, 0.8228732943534851,125.97803699704252, 30.396030070105628
000173.pid, bicycle, 7.8345700777494, -16.638133855966423, -3.3137050591982327, 0.8376142382621765,125.97803699704252, 30.396030070105628
000174.pid, person, 20.623339850327064, -26.63953932400408, -3.2118197802839608, 0.8208340406417847,86.47620188036898, 73.22129449895886
000174.pid, bicycle, 7.971080984388081, -16.721058845520023, -3.3586635078702654, 0.8277783989906311,136.5038198244322, 17.010111058598664
000175.pid, person, 8.161548484455457, -16.874242955988105, -3.2238884188912134, 0.8499912023544312,127.6053587911877, 10.018490823574965
000175.pid, bicycle, 8.161548484455457, -16.874242955988105, -3.2238884188912134, 0.823461651802063,127.6053587911877, 10.018490823574965
000176.pid, person, 20.65594014813823, -25.81867728694793, -3.038670132237096, 0.8506219983100891,-101.7937312322807, -88.4933629141177
000176.pid, bicycle, 8.367178559303285, -17.029685735702515, -3.0485004782676697, 0.7950160503387451,-131.63986684447502, -139.9432226564189
000177.pid, person, 20.642324666507907, -26.025419454105567, -3.1641735639728483, 0.8860535025596619,75.94756798145852, -94.88715842589673
000177.pid, bicycle, 8.397476269648626, -17.01605987548828, -3.3247863879570594, 0.7988901138305664,136.05789500241985, 9.967736186240183
000178.pid, person, 20.63805731411638, -26.25617415329506, -3.1481426584309546, 0.8778842687606812,69.9126570766417, -100.11599346318705
000178.pid, bicycle, 8.588836383819581, -17.096353530883793, -3.290350008010864, 0.8104632496833801,134.41879131259228, -38.04635588842891
000179.pid, person, 8.690390162997778, -17.136483086480034, -3.2329040633307558, 0.8373574018478394,131.23314329141405, 32.856107706164025
000179.pid, bicycle, 8.747024250030519, -17.166661071777344, -3.304436993598938, 0.8025648593902588,141.88242866793516, -35.83108482847758
000180.pid, motorcycle, 8.85986375808716, -17.215262031555177, -3.334312915802002, 0.3454003930091858,139.1750094524775, -44.71349862849515
000180.pid, person, 20.56926490520609, -26.29753412049392, -3.0852984189987183, 0.801220178604126,62.02301728993311, -103.49568445474851
000180.pid, bicycle, 8.85986375808716, -17.215262031555177, -3.334312915802002, 0.8010162115097046,139.1750094524762, -44.71349862849619
000181.pid, person, 20.756539463996887, -26.04077672958374, -3.0204236855109534, 0.838976263999939,-123.21275952983467, -101.08924914923801
000181.pid, bicycle, 9.008692820866903, -17.33273935317993, -3.4109986424446106, 0.8210038542747498,-52.327524454394464, -47.369459731931144
000181.pid, motorcycle, 8.465565872192384, -5.9736933708190945, -4.439132404327393, 0.3811514973640442,92.8113731998749, 91.80481499645144
000182.pid, motorcycle, 9.226680682255672, -17.405754969670223, -3.6259630093207726, 0.40936845541000366,12.408989250967258, 25.267639047475814
000182.pid, person, 9.120993341718403, -17.351806640625, -2.9789109570639476, 0.7682589292526245,-162.9176782781944, -81.11188238703903
000182.pid, bicycle, 9.19234371185303, -17.393472989400227, -3.573142687479655, 0.8361670970916748,-155.0309912652929, 30.61991161456462
000183.pid, motorcycle, 9.36165627566251, -17.487728118896484, -3.4767626849087803, 0.38685211539268494,7.070381774720723, -172.62454976530583
000183.pid, person, 9.299556414286299, -17.420979817708332, -3.0155729055404663, 0.7298592329025269,20.65542160513885, -162.53099934571688
000183.pid, bicycle, 9.309403207567005, -17.46874936421712, -3.3510950406392417, 0.7870020866394043,46.81475237622391, 38.67464429213226
000184.pid, person, 9.329774175371444, -17.48574992588588, -3.249523537499564, 0.8045501708984375,24.410731500866778, 41.565443859095815
000184.pid, bicycle, 9.353716731071474, -17.502724170684814, -3.3527060449123383, 0.7474842667579651,27.66698435312152, 27.5637941913332
000185.pid, person, 20.08163227505154, -26.419150882297096, -3.234077008565267, 0.828144371509552,50.47039534190277, -119.95296649744246
000185.pid, bicycle, 9.600347280502321, -17.581430276234943, -3.484753370285034, 0.6949273943901062,46.984907436724974, -140.0374747473388
000186.pid, person, 9.728602218627932, -17.665004730224616, -3.137515735626221, 0.8217644095420837,-121.89919273465154, -166.39613416542886
000186.pid, bicycle, 9.855445421659029, -17.637700154231144, -3.4681405287522535, 0.6306813359260559,-152.21117859240218, -155.07378261885574
000187.pid, car, 21.489216240969572, -25.37098836898804, -2.9916787906126543, 0.3213294744491577,110.18378492516369, 156.78316183075586
000187.pid, person, 9.893300437927248, -17.723427963256842, -3.3380853652954094, 0.8363649249076843,42.46565511498942, -125.2229867256733
000187.pid, bicycle, 10.066801820482528, -17.728693417140416, -3.5734571048191617, 0.8403218388557434,-166.39871638202075, 27.07943344817847
000188.pid, car, 21.45125130244664, -25.33233887808664, -3.0156452712558566, 0.3681761622428894,116.75616146237327, 173.9340800539383
000188.pid, person, 19.555590947469074, -26.56971966136586, -3.253558433417118, 0.7769955396652222,53.21037575834363, -120.57540302446478
000188.pid, bicycle, 10.189250946044924, -17.80893915349787, -3.4718492898074063, 0.8546832203865051,16.238316572064804, 18.759738969973498
000189.pid, car, 21.464431112462822, -25.288192228837453, -2.9948216514153914, 0.36349430680274963,119.21433347157347, -178.02746329494752
000189.pid, person, 19.461947858333588, -26.501417458057407, -3.299792304635048, 0.7870983481407166,52.50974478280196, -130.2154004752595
000189.pid, bicycle, 10.359876892783426, -17.902800646695223, -3.484480944546786, 0.8139591813087463,6.211280118219648, -173.528434557139
000190.pid, car, 21.470935865890148, -25.269095043803375, -2.952055565146513, 0.32954469323158264,144.4342083509752, -29.857784568039474
000190.pid, motorcycle, 10.659904479980467, -18.012411435445145, -3.443724870681763, 0.3627420961856842,178.15590113048694, 18.622381932927098
000190.pid, person, 19.449057161808014, -26.405149996280674, -3.290268935263157, 0.8029653429985046,52.14013645308338, -131.03486372699643
000190.pid, bicycle, 10.534773230552675, -18.03802871704102, -3.3739707767963414, 0.7468075156211853,-21.629544749231464, 41.649574202085006
000191.pid, car, 21.49919447898865, -25.247191905975345, -2.969585806131363, 0.34796586632728577,133.36873799841658, 165.06360851510183
000191.pid, person, 10.612122217814127, -18.09728717803955, -3.263941248257955, 0.839145839214325,-148.8669441194644, 166.49178302114916
000191.pid, bicycle, 10.761824369430542, -18.135411739349365, -3.448890825112661, 0.7748785614967346,-175.48886689216815, 82.56673723150294
000192.pid, car, 21.441632979955433, -25.233697157639728, -3.0794300666222205, 0.3453920781612396,149.03147784911226, -36.27327528032933
000192.pid, person, 10.749852752685547, -18.186035919189454, -3.286692905426025, 0.8281294703483582,-151.06497409468847, 164.2575674633838
000192.pid, bicycle, 10.94257692190317, -18.267276177039513, -3.4924549873058615, 0.8132284879684448,-24.743885697654697, 91.87037781746282
000193.pid, car, 21.459689246283638, -25.14042658276028, -3.1680717600716486, 0.3124178946018219,111.30166959568099, -57.215588739599106
000193.pid, motorcycle, 11.140345180735865, -18.38510569404153, -3.4896708937252274, 0.42835649847984314,-27.828016040019012, 111.31088862541436
000193.pid, person, 10.914564291636152, -18.312589327494305, -3.316720962524414, 0.8343286514282227,26.229752064423025, 161.49164223139596
000193.pid, bicycle, 11.098327382405602, -18.368048477172856, -3.490531015396118, 0.8438412547111511,-31.740842198151533, -154.57180041502832
000194.pid, motorcycle, 11.316578796931674, -18.521371023995535, -3.4800353731427873, 0.44094550609588623,-26.049092368324857, 105.7491142941899
000194.pid, person, 11.061817741394046, -18.40959815979004, -3.3414198398590087, 0.8242197632789612,-148.68598207539057, 166.66843879322823
000194.pid, bicycle, 11.255777517954511, -18.505193551381428, -3.490122358004252, 0.8214451670646667,-38.39482971792643, 97.56496788622144
000195.pid, motorcycle, 11.445551172892248, -18.68780733744303, -3.458058214187623, 0.4314384460449219,-33.66703350747501, -159.52516158817255
000195.pid, person, 11.236249446868898, -18.586406707763675, -3.309961080551147, 0.8102638125419617,-84.05302250151037, 41.20515284424747
000195.pid, bicycle, 11.369489590326948, -18.662705898284916, -3.4447452227274575, 0.825563907623291,-63.19221164322865, 128.20282791347014
000196.pid, person, 11.475507327488492, -18.736876079014372, -3.2589890275682722, 0.8553049564361572,-63.71275440701976, 49.565493780123006
000196.pid, bicycle, 11.573007924216137, -18.821880885532924, -3.403180701392037, 0.7903525829315186,113.95458295459981, 154.93001631309775
000197.pid, person, 11.509190559387209, -18.863138675689697, -3.279527485370636, 0.8833729028701782,-79.53023346020288, 70.07574680853226
000197.pid, bicycle, 11.648480892181398, -18.93499412536621, -3.432288479804993, 0.777378261089325,-72.01012318222199, -137.30748728904976
000198.pid, person, 11.667170906066897, -18.978876495361327, -3.3384543895721435, 0.8680539131164551,-98.28080125502743, -121.19177402589408
000198.pid, bicycle, 11.817959351973103, -19.126489465886895, -3.431128566915339, 0.8200691342353821,-60.14908765022591, -79.9259939699343
000199.pid, person, 11.831469535827638, -19.181280408586776, -3.3163510390690396, 0.8784050941467285,-92.41829123614998, -14.802547090303053
000199.pid, bicycle, 11.894745922088624, -19.225803565979003, -3.370113658905029, 0.8117932081222534,-76.94734863070867, -165.31898533485526
000200.pid, person, 11.978384017944336, -19.324018001556396, -3.350950181484223, 0.8420400023460388,-106.4507896546553, -17.779435962454066
000200.pid, bicycle, 12.00301480293274, -19.332042455673218, -3.350325733423233, 0.8315097689628601,-117.28963944746965, -25.582125087733253
000201.pid, person, 12.119534810384115, -19.553273200988773, -3.2263726790746055, 0.857477068901062,101.82517622914114, 34.26209162132362
000201.pid, bicycle, 12.135765838623048, -19.58099994659424, -3.336336040496826, 0.8103077411651611,-78.84703652718746, 121.18491221247297
000202.pid, person, 12.184584426879885, -19.713237380981447, -3.209537696838378, 0.8603705763816833,103.44160062347558, 37.65021003567517
000202.pid, bicycle, 12.181330892774795, -19.777855767144096, -3.366542551252577, 0.7764952182769775,-76.16069607445861, 71.02071350909142
000203.pid, person, 12.288320541381838, -19.822868824005127, -3.3193588852882385, 0.8568782806396484,-102.4290801832858, -152.0982550514033
000203.pid, bicycle, 12.270619652488017, -19.975983706387606, -3.394871885126287, 0.6664711236953735,-76.48322489333755, -62.171096634734376
000204.pid, person, 12.405148246071558, -20.046420357444074, -3.285011139782992, 0.7635993957519531,-112.016612311314, -164.87407726307836
000204.pid, bicycle, 12.355624771118165, -20.168100357055668, -3.313056802749634, 0.7688659429550171,-81.17490581760823, 100.74900580666949
000205.pid, person, 12.516595363616945, -20.243375301361084, -3.2067918380101523, 0.8545836210250854,-139.2760239926356, 135.21332065884363
000205.pid, bicycle, 12.45795545578003, -20.350155448913576, -3.239584803581238, 0.6542523503303528,-91.66970804912117, 94.03189635844238
000205.pid, car, -32.15976858139038, 28.93977165222168, -3.0819010734558088, 0.3693574070930481,153.12959362927606, 173.6006098444875
000206.pid, person, 12.582558345794679, -20.399937629699707, -3.2143650531768797, 0.8650786280632019,-139.54047415491974, 134.90326371460728
000206.pid, bicycle, 12.52959728240967, -20.516690731048584, -3.2664291858673096, 0.7746742367744446,-71.74177817857141, 110.60699046354348
000207.pid, person, 12.647798278115012, -20.557748274369676, -3.2354897152293813, 0.8432705998420715,-132.16108885642112, 160.7653641084791
000207.pid, bicycle, 12.629462415521795, -20.635024851018734, -3.2789062803441826, 0.6518135070800781,-104.35210776006112, -31.614987209872975
000208.pid, car, 21.397578239440918, -24.888715575723086, -3.4667317025801716, 0.32182320952415466,-177.3688089073934, 163.80635257446187
000208.pid, person, 12.727921852698696, -20.795066980215218, -3.130974347774799, 0.8402848243713379,-124.46061512576578, -24.98096156372485
000208.pid, bicycle, 12.661112178455703, -20.972356102683328, -3.1315188841386274, 0.7219014763832092,-63.30371862437272, 115.3727439926344
000209.pid, car, 21.39069840402314, -24.89430502689246, -3.480516144723603, 0.3132421374320984,-174.8918830425128, -86.40151074389647
000209.pid, person, 12.812260974537242, -20.965316252274945, -3.164292335510254, 0.8590618371963501,58.15426513343363, -13.403502954891914
000209.pid, bicycle, 12.76790220087225, -21.100878975608136, -3.134918386285955, 0.8374346494674683,-71.07559794159832, 114.11305868473322
000210.pid, bicycle, 12.821566390991213, -21.248425102233888, -3.1260050535202026, 0.8015902042388916,81.39194972736455, 66.4231142224541
000210.pid, car, 21.427449081883285, -24.883648727879383, -3.482464616948908, 0.30375415086746216,169.95560416881193, -87.98560983476713
000210.pid, person, 12.883438507715864, -21.14272975921631, -3.1686283946037297, 0.8985915184020996,-121.8663918220665, -135.79814445894417
000211.pid, person, 12.97023439407349, -21.300094223022462, -3.157156229019165, 0.8416500091552734,62.51580338668222, -135.25858160578642
000211.pid, bicycle, 12.890604615211489, -21.43256163597107, -3.1083533465862274, 0.8168483972549438,101.84016456280112, 90.13042535990017
000212.pid, bicycle, 12.987650871276859, -21.632418632507324, -3.157299017906189, 0.8027961254119873,-87.41208972004944, 86.91327191852915
000212.pid, person, 13.045137193467882, -21.479483074612087, -3.1336053212483725, 0.8664373159408569,-113.92214150311766, -18.631589257179257
000213.pid, bicycle, 13.076806155118078, -21.85931465842507, -3.201596585187045, 0.7871597409248352,-82.7037814006883, 97.24665072810573
000213.pid, person, 13.145727157592775, -21.684294291904994, -3.027816261563982, 0.8476062417030334,93.60320531852702, 51.063503944992036
000214.pid, bicycle, 13.161154079437258, -21.960252571105958, -3.2393664598464964, 0.8159360885620117,-85.13587124371271, 102.49690172296637
000214.pid, person, 13.208031336466474, -21.82727813720703, -3.0919260183970128, 0.8438905477523804,91.97789484074649, 61.933744756029604
000215.pid, car, 21.515055876511795, -24.895606481111965, -3.5416270219362698, 0.32097041606903076,142.77953583221705, -70.4215126777355
000215.pid, person, 13.338855425516764, -21.955991744995117, -3.1123486757278442, 0.90118807554245,-92.46689315841523, -17.675018988167523
000215.pid, bicycle, 13.27241611480713, -22.221757715398613, -3.262156594883312, 0.8530652523040771,-82.02300684845727, 105.42836133669287
000216.pid, car, 21.471704973493303, -24.906755556379046, -3.523777518953596, 0.3668806552886963,148.1464168977595, -74.79784179945264
000216.pid, person, 13.396645784378055, -22.063611984252933, -3.1608980298042293, 0.9064696431159973,-87.5317671559821, 61.57331651419472
000216.pid, bicycle, 13.321768488202778, -22.23870931352888, -3.30554393359593, 0.7415738701820374,-84.89979147616113, 50.21098347077003
000217.pid, car, 21.453648623298196, -24.858670346877158, -3.535379472900839, 0.37182366847991943,133.9881772438562, -74.08801662194652
000217.pid, person, 13.549541791280115, -22.3169485727946, -2.968184153238932, 0.8327129483222961,88.80302684126389, -122.83810035663706
000217.pid, bicycle, 13.442639827728273, -22.34693241119385, -3.2208227713902784, 0.7514562010765076,102.61048868079138, -135.28354112484107
000218.pid, car, 21.475005520714657, -24.834610303243004, -3.528926412264506, 0.3685147762298584,122.21592897726524, -4.867148340677666
000218.pid, person, 13.58950773874919, -22.648223241170246, -2.8450687726338706, 0.8603205680847168,-128.4630055372607, -173.22347281625062
000218.pid, bicycle, 13.55156707763672, -22.51240130833217, -3.1720990794045583, 0.8493591547012329,95.30020318664589, 114.05785711149709
000219.pid, car, 21.54161377840264, -24.89152713154638, -3.5299983523612797, 0.39969390630722046,132.595647338639, -102.32187327626683
000219.pid, person, 13.745220184326175, -22.64251470565796, -2.9503929018974304, 0.8866905570030212,82.52283667253107, -128.30554874783095
000219.pid, bicycle, 13.684083175659183, -22.64693946838379, -3.132333469390869, 0.8150819540023804,102.55183164557616, 113.50172744121112
000220.pid, car, 21.571493089199066, -24.903895974159244, -3.5312652364373207, 0.3966648578643799,124.24660312070114, -85.08981553089221
000220.pid, person, 13.83065700531006, -22.90071741739909, -2.8817673524220786, 0.8661947846412659,-117.20345753598971, -161.96190865326616
000220.pid, bicycle, 13.83065700531006, -22.90071741739909, -2.8817673524220786, 0.8133227825164795,-117.20345753598971, -161.96190865326616
000221.pid, car, 21.58901304357192, -24.855260905097513, -3.5885767936706543, 0.37726905941963196,116.2973811239858, -100.64846255607921
000221.pid, person, 16.202773502894807, -26.2009717850458, -3.2602886585962203, 0.7626231908798218,-104.25089977657574, 73.45627507172676
000221.pid, bicycle, 14.128027796745299, -22.904496192932125, -3.298597604036331, 0.5305978059768677,-88.8680363973523, 91.14449601777442
000222.pid, car, 21.583958625793457, -24.937318742275238, -3.5565875619649887, 0.38915735483169556,121.05906500025762, -82.04596546967146
000222.pid, person, 16.09662447477642, -26.154001637508998, -3.252320314708509, 0.7989957928657532,-109.53511124875358, 74.04598520735728
000222.pid, bicycle, 14.138327598571783, -23.118617375691738, -2.919037103652954, 0.8286135196685791,-123.35478439144829, -168.11565477280837
000223.pid, car, 21.59666554681186, -24.9705731622104, -3.5536650789195092, 0.3859007954597473,126.84085675088838, -73.28303866938344
000223.pid, person, 14.232780729021346, -23.10175323486328, -3.149094888142177, 0.7557995915412903,125.5875146859004, -158.29581822082326
000223.pid, bicycle, 14.349650326897118, -23.186353907865637, -3.328938189674826, 0.6089147925376892,167.7810899449319, -51.40534496864989
000224.pid, car, 21.596341371536255, -24.949892377853395, -3.5050091087818145, 0.3233366906642914,124.81592285742839, 115.18304774113476
000224.pid, person, 14.335352420806885, -23.22274367014567, -3.205595294634501, 0.8156478404998779,106.38485827811661, -142.72963212022253
000224.pid, bicycle, 14.532863521575928, -23.29429187774658, -3.261015701293945, 0.5910168886184692,152.67928119993826, -52.61425444495523
000225.pid, car, 21.568112546747383, -24.903425910256132, -3.4719644459811123, 0.3226523995399475,114.2990989785002, 123.13478455194105
000225.pid, motorcycle, 14.670974922180175, -23.44332752227783, -3.3126171827316284, 0.5039412379264832,121.33637743324672, 118.00932201726299
000225.pid, person, 14.5161067114936, -23.381096098158096, -3.2084489928351507, 0.8351637125015259,-75.35358387096447, -148.21872893079396
000225.pid, bicycle, 14.661390622456869, -23.42757951645624, -3.2971333889734176, 0.5488485097885132,107.74419480194655, 84.36232799566143
000226.pid, motorcycle, 14.809039735794064, -23.5334939956665, -3.3016186118125916, 0.602451503276825,-65.673379718326, 105.26584923925436
000226.pid, person, 15.67970357622419, -25.852927525838215, -3.277896597271874, 0.8257582187652588,101.49202787122657, -86.37973992756085
000226.pid, bicycle, 14.809039735794068, -23.533493995666504, -3.3016186118125916, 0.5729540586471558,-65.67337971832538, 105.26584923925508
000226.pid, car, 21.518165913033993, -24.827871850196352, -3.338958263397217, 0.3526007831096649,114.6147217747657, 121.58875993674395
000227.pid, car, 21.44480003194606, -24.783042217822786, -3.195596608709782, 0.3516383767127991,116.87980937050942, 106.40411710683087
000227.pid, person, 15.54390345121685, -25.577855461522155, -3.304868873796965, 0.8128472566604614,100.467067679159, -88.19002770552153
000227.pid, bicycle, 15.32530846962562, -25.006023260263298, -3.3069741909320536, 0.47759509086608887,106.36879930671942, 114.24337249855007
000228.pid, car, 21.455896774927776, -24.794371883074444, -3.1527220706144967, 0.3468281924724579,121.01112888675962, 116.41463813454433
000228.pid, person, 15.334914712344899, -24.980417475980875, -3.172901518204633, 0.816464900970459,97.08717585053509, -91.88299762672845
000228.pid, bicycle, 15.256544916253338, -24.807198976215563, -3.224296695307682, 0.5868659019470215,-80.26210440912948, -87.94706896700654
000229.pid, car, 21.377681552239185, -24.75704308275907, -3.0240931106063553, 0.3143070340156555,117.15011002364822, 106.72176389317596
000229.pid, motorcycle, 15.229227270398823, -23.85534163883754, -3.230513879231044, 0.3223828375339508,-57.573848702225284, 102.94924449797759
000229.pid, person, 15.31831184387207, -24.971373367309575, -3.220769567489624, 0.8255922794342041,93.86492781941304, -89.5029259011659
000229.pid, bicycle, 15.31831184387207, -24.97137336730957, -3.2207695674896244, 0.6118177175521851,93.864927819413, -89.50292590116588
000230.pid, car, 21.420651155359604, -24.755224003511316, -2.9320416357003007, 0.3120315968990326,96.24569399450294, -88.80885772854221
000230.pid, motorcycle, 15.357868909835815, -24.31284046173096, -3.1805985271930695, 0.361727774143219,-98.46596794641634, -86.43048569439084
000230.pid, person, 15.37830212002709, -24.982781273978098, -3.186083498455229, 0.8518354296684265,86.2244435655864, 84.8133999035789
000230.pid, bicycle, 15.378302120027085, -24.982781273978098, -3.18608349845523, 0.6257686018943787,86.22444356558637, 84.81339990357833
000231.pid, person, 15.50337560971578, -24.858371522691513, -3.2862872547573514, 0.8356482982635498,-101.24345588503046, 69.12871251989215
000231.pid, bicycle, 15.50337560971578, -24.858371522691513, -3.2862872547573514, 0.569017231464386,-101.24345588503051, 69.12871251989208
000232.pid, person, 15.613253320966448, -24.627950600215367, -3.1705401710101535, 0.822941243648529,-114.31337681887328, -98.87912154272462
000232.pid, bicycle, 15.613253320966448, -24.627950600215364, -3.170540171010154, 0.49267664551734924,-114.31337681887341, -98.87912154272546
000233.pid, person, 21.298553660764533, -24.74434383844925, -2.717929827964912, 0.687767744064331,110.53090389505932, 109.73375574880953
000233.pid, bicycle, 15.707277994889479, -24.6619695516733, -3.163029661545387, 0.6147856712341309,-125.35179732695578, -116.22437272071635
000234.pid, person, 15.31560325622559, -25.158880415416906, -3.125502597718012, 0.5981337428092957,51.502212559388745, -171.11176952784658
000234.pid, bicycle, 15.701907539367678, -24.775165328979494, -3.1206654262542726, 0.6344858407974243,-133.49509187507266, -118.16706216924035
000235.pid, car, 21.403844172159832, -24.810764363606776, -2.707188091278076, 0.32177969813346863,97.63547969824418, 96.27436205854836
000235.pid, motorcycle, 15.777151536941528, -24.934177207946775, -3.1657248497009283, 0.3899947702884674,-145.16936253283495, -176.65114574756942
000235.pid, person, 21.393714116414387, -24.81615646362305, -2.7153200022379558, 0.5572986602783203,100.41912275847312, 99.4851943327678
000235.pid, bicycle, 15.59492015838623, -24.999018500832953, -3.095667979296516, 0.7038180232048035,-141.9567263417809, -141.79690443054622
000236.pid, car, 21.435039285111102, -24.759970259993047, -2.698053003990487, 0.3025127649307251,100.65431178309655, 96.23439224242314
000236.pid, motorcycle, 15.809683276760962, -24.967992167319018, -3.2280328889046945, 0.46072185039520264,-150.96382850607625, 164.63956684593674
000236.pid, person, 14.845314434596471, -25.482016563415524, -3.103715607098171, 0.6262397766113281,35.90285519275578, 172.23128539364419
000236.pid, bicycle, 15.657775666978626, -24.988247977362743, -3.189173769067835, 0.7526033520698547,-147.90170789633947, -164.33507075300545
000237.pid, car, 21.501833410824048, -24.846138140734507, -2.720658838748932, 0.30982646346092224,103.99183780350441, 102.38393952541179
000237.pid, motorcycle, 15.983065287272135, -24.93933912913004, -3.230282473564148, 0.5555841326713562,-156.18910932005357, 158.63739836548157
000237.pid, person, 14.667975425720217, -25.500491937001545, -3.111492375532786, 0.8602160811424255,-145.25678019764183, 167.41730126769843
000237.pid, bicycle, 15.825019983144907, -24.948665105379543, -3.2136340783192563, 0.6382571458816528,-153.52511608711936, 177.4260181110727
000238.pid, motorcycle, 15.90005367452448, -24.96388591419566, -3.1517336043444555, 0.4077114760875702,-158.3963991962603, -167.91852724199032
000238.pid, person, 14.603760560353598, -25.455879052480068, -3.1151437163352966, 0.8086773753166199,-143.85833167787155, 170.14958024358185
000238.pid, bicycle, 16.185263280515315, -24.945908934981734, -3.213216022208885, 0.5723775625228882,-161.735024252237, -123.51548621245888
000239.pid, car, 21.590699505496335, -24.81048046458851, -2.6782647975079423, 0.3083854913711548,98.88195596905537, 97.97562667089879
000239.pid, person, 14.510964155197145, -25.40593755245209, -3.126210078597069, 0.8380944728851318,-148.4794891603992, 166.7530491454134
000239.pid, bicycle, 16.39546627044678, -24.841747589111332, -3.224788045883179, 0.6170740723609924,-162.25695343248242, 174.52452677534743
000240.pid, motorcycle, 17.416563448698625, -24.622191138889473, -3.1616558406663984, 0.5600141882896423,-98.22528289451915, -79.03880439110871
000240.pid, person, 14.450622749328613, -25.33853391011556, -3.135067510604858, 0.8716445565223694,-145.12057766114597, 170.7311559828144
000240.pid, bicycle, 16.69029812379317, -24.772049643776633, -3.1257772662422876, 0.6164253950119019,-165.30195193174123, 176.8928925215657
000241.pid, motorcycle, 17.60665052587336, -24.620877526023165, -3.2064420851794164, 0.6318646669387817,-108.00858553210716, -177.6041156204143
000241.pid, person, 14.363777365003314, -25.283752986363, -3.1430794852120534, 0.8896981477737427,-156.12544360977338, 159.99313981406308
000241.pid, bicycle, 17.552906739084346, -24.586151022660104, -3.188022939782394, 0.5343520045280457,-116.74581565712204, -80.16102645995711
000242.pid, person, 14.326161793300084, -25.22865390777588, -3.14926769052233, 0.8855916261672974,-152.2383985039783, 164.7986540174607
000242.pid, bicycle, 17.80379731314523, -24.552624566214426, -3.2384693707738603, 0.5782034993171692,-113.98537809698806, 60.81269947833469
000243.pid, motorcycle, 18.081022922809307, -24.529471103961647, -3.2443036391184887, 0.47610920667648315,-98.13010555389477, 76.9481897142775
000243.pid, person, 14.331569064747207, -25.15432739257813, -3.1584991975264116, 0.8736357092857361,-142.9076188222018, 177.19853361653057
000243.pid, bicycle, 18.14763491494315, -24.526589325496133, -3.2761348400797163, 0.44934511184692383,163.70824281964147, 80.63228696013373
000244.pid, person, 14.28055589849299, -25.070178118619058, -3.163884227926081, 0.7966046929359436,-149.7670397845458, 170.55246252315538
000244.pid, bicycle, 18.34772922374584, -24.470507515801323, -3.252912821593108, 0.6012663841247559,178.1310933739594, 114.67587431221659
000245.pid, car, 18.57740960802351, -24.376946994236533, -3.2127488454182944, 0.37622958421707153,151.69687365693855, 58.37760473984357
000245.pid, motorcycle, 18.57740960802351, -24.376946994236537, -3.2127488454182944, 0.3263510763645172,151.6968736569359, 58.37760473984695
000245.pid, person, 14.254706001281738, -24.99566745758057, -3.183007097244263, 0.7987626791000366,-127.87889504218874, -168.71171545383882
000245.pid, bicycle, 18.57740960802351, -24.37694699423654, -3.2127488454182944, 0.5921390652656555,151.6968736569385, 58.37760473984471
000246.pid, person, 14.23407256603241, -24.908059358596805, -3.199992567300796, 0.776050865650177,-125.90050380857886, -171.7802704699305
000246.pid, bicycle, 18.732020559765044, -24.294306346348357, -3.1967721098945256, 0.5114871263504028,84.07154669279025, 28.084096722152694
000246.pid, motorcycle, 18.740231181299965, -24.296494683554002, -3.197922113329865, 0.3621661365032196,91.28038144165761, 18.327069477146477
000247.pid, bicycle, 18.93074388215036, -24.162215435143676, -3.1100391619133227, 0.5594448447227478,-121.8284393743729, 61.83415430354622
000247.pid, person, 14.233416716257734, -24.782654444376632, -3.1963473558425903, 0.8170769810676575,-121.15770254377858, -166.8787598859396
000247.pid, motorcycle, 18.955334745134625, -24.164758464268274, -3.1224720409938267, 0.3901370167732239,-135.6570141668463, 177.42546220696948
000248.pid, car, 22.279509130513894, -24.535355981790794, -2.512725663634966, 0.3106110394001007,85.74645599491095, 84.93309886998654
000248.pid, motorcycle, 19.1217278616769, -24.09743843078613, -3.119336223602295, 0.475142240524292,-128.5870915866393, -99.22344504912078
000248.pid, person, 14.159093720572338, -24.651813779558456, -3.2383500167301724, 0.8248181343078613,-114.73419474825062, 64.89934974924442
000248.pid, bicycle, 19.12936160143684, -24.103816986083984, -3.115817967583151, 0.59770268201828,-144.33559507476542, 170.6056742342489
000249.pid, car, 22.252142611416904, -24.440352942726832, -2.401913473822854, 0.3039086163043976,132.75936004266094, 149.61173094509545
000249.pid, motorcycle, 19.335963347862506, -23.9885626825793, -3.086084045212844, 0.3388191759586334,-137.1169274888313, -97.14628695231754
000249.pid, person, 19.179451397487096, -23.853148324148997, -3.19931469644819, 0.48835882544517517,-125.0530749679037, -116.25649258033165
000249.pid, bicycle, 19.335963347862506, -23.988562682579303, -3.086084045212844, 0.6113525629043579,-137.11692748883146, -97.14628695231823
000250.pid, motorcycle, 19.581507402307846, -23.847897922291473, -3.015798968427322, 0.39028292894363403,65.3140551125719, 70.29457126965247
000250.pid, person, 22.349573135375977, -24.39614140192668, -2.4117695887883506, 0.6447856426239014,171.4516126081092, -94.72963200065914
000250.pid, bicycle, 19.581507402307846, -23.847897922291477, -3.0157989684273216, 0.6053074598312378,65.31405511257192, 70.29457126965272
000251.pid, motorcycle, 19.717575073242188, -23.68319858204234, -3.032239556312561, 0.3768414258956909,79.61475880042909, 52.73046031209799
000251.pid, person, 19.681297429402672, -23.6323725382487, -3.117280880610148, 0.7507361769676208,65.4178888459566, -97.7266628014375
000251.pid, bicycle, 19.808931010110037, -23.68350035803659, -2.926305592060089, 0.5578229427337646,61.94722361287846, 64.92475595532251
000252.pid, motorcycle, 20.027013460795086, -23.542420641581213, -2.9130065123240154, 0.7201851606369019,77.81304909298065, 55.656123651686045
000252.pid, person, 19.882968341603, -23.508455164292283, -3.1174045029808495, 0.7244452238082886,63.556387279641626, -90.49221795231927
000252.pid, bicycle, 20.04090666001843, -23.53404346589119, -2.912872152943765, 0.5933547019958496,64.03662460850792, 49.03227352000054
000253.pid, motorcycle, 20.188182317293606, -23.428481395427994, -2.9616272266094508, 0.7067802548408508,68.99465627482502, 44.002629417946835
000253.pid, person, 19.908563995361327, -23.48481559753417, -3.255725049972535, 0.7339164614677429,-81.8311323891091, 70.61268176249206
000253.pid, bicycle, 20.22274836787471, -23.38999903643573, -2.9322741473162615, 0.5308693647384644,-129.12647108983546, 43.05558988052125
000254.pid, motorcycle, 20.433138566858627, -23.28747726889217, -2.9339207621181718, 0.36463025212287903,114.94234044018881, -136.2870447911053
000254.pid, person, 20.361945238980383, -23.1366906599565, -3.061737212267789, 0.804650068283081,-147.433561390433, -143.1776864845223
000254.pid, bicycle, 20.504308202992316, -23.215197604635488, -2.9079750206159507, 0.6119927763938904,-126.66548615436132, -120.12486983759464
000255.pid, motorcycle, 20.623299008324032, -23.112616130283897, -2.964180060795375, 0.6259592771530151,76.55963722834171, 36.60635347187647
000255.pid, person, 20.603008015950525, -22.99802970886231, -3.1214646816253664, 0.8029499053955078,-131.6880965120504, 64.95093867037464
000255.pid, bicycle, 20.708789628127526, -23.072883803268958, -2.9545835708749704, 0.6321061849594116,-127.69585499202611, 16.85925268619015
000256.pid, bicycle, 20.918017167311447, -22.95345629178561, -2.891663221212534, 0.599049985408783,-138.10478466906582, -114.10291320200962
000256.pid, person, 20.870771809628135, -22.856478239360612, -3.157825620550858, 0.8422315716743469,-138.72990405937753, 17.462189810384356
000256.pid, motorcycle, 20.92175161838531, -22.924322903156277, -2.948195651173592, 0.423509806394577,-127.59272847395565, -112.85925891184513
000257.pid, motorcycle, 21.143752574920654, -22.793761670589443, -3.012326791882515, 0.49715501070022583,-124.67774609990526, -117.20344449780514
000257.pid, person, 21.084863874647354, -22.739894337124294, -3.186468071407742, 0.8565711975097656,-141.76656535322488, 45.49007425212484
000257.pid, bicycle, 21.152037874857584, -22.79520060221354, -3.00329004128774, 0.6056145429611206,-130.0365307010439, -123.06958604854066
000258.pid, person, 13.498172402381897, -23.660449981689457, -3.2243610620498657, 0.8809424638748169,-171.04219709673163, -172.93190381028035
000258.pid, bicycle, 21.402090564850837, -22.672126770019535, -2.9652916769827566, 0.6406258940696716,-126.4778338164541, -119.87061533825099
000259.pid, motorcycle, 21.628604973687064, -22.5943049536811, -3.0479245397779677, 0.5105254650115967,81.77438951760199, 81.54094402645941
000259.pid, person, 13.547165473302206, -23.63895495732626, -3.1786389549573264, 0.8623980283737183,-12.43983478554184, -19.795381511012028
000259.pid, bicycle, 21.589138701155377, -22.588357255265517, -2.989448695569425, 0.48212286829948425,75.02752836540677, 76.0361645293711
000260.pid, person, 21.76147780418396, -22.45585446357727, -3.014057916402817, 0.879323422908783,62.706564947000544, 63.81379656214364
000260.pid, bicycle, 21.812099846926603, -22.494185967878863, -3.0492026426575403, 0.5422856211662292,65.3594353027054, -157.30730855374478
000261.pid, person, 22.004053751627605, -22.31741954118778, -3.0314784966982327, 0.8738340139389038,61.6012055528124, 63.026013105312906
000261.pid, bicycle, 21.998932618361252, -22.328393838344475, -3.03106959660848, 0.7206642627716064,64.60727978416566, 69.75133411174689
000262.pid, person, 22.181824254989625, -22.146611785888673, -3.0302075028419493, 0.8798072934150696,57.816532189146166, 64.45171521133204
000262.pid, bicycle, 22.176798720108835, -22.16187100661428, -3.047937430833515, 0.6994410157203674,57.63526368335183, 64.14713951202596
