000023.pid, car, 23.153272565205892, -25.13184064229329, -2.8945980310440063, 0.6395469307899475,82.89473613941732, 92.04017594212002
000024.pid, car, 23.249126434326172, -25.01857829093933, -3.1278253942728043, 0.6015980243682861,89.93532070431543, 42.751007028169354
000025.pid, car, 23.146247182573592, -25.148261342729842, -2.9440348318644936, 0.5735020637512207,81.80049233093412, 80.99956111253556
000026.pid, car, 23.149326145648956, -25.15433943271637, -2.882139183580876, 0.6215487718582153,83.43404925670319, 88.72382221153737
000027.pid, car, 23.21672228762978, -25.081912090903835, -3.061523475145039, 0.6266313791275024,89.32349543190504, 73.18969056829833
000028.pid, car, 23.24226240678267, -25.067386973987926, -3.067672935399142, 0.6024087071418762,89.91527204218347, 41.60866902337778
000029.pid, car, 23.209024810791014, -25.039598751068116, -3.052952325344086, 0.5754026770591736,87.4618158864769, 93.09070438434222
000030.pid, car, 23.093804976519415, -25.19691478504854, -2.959342185188742, 0.35042041540145874,73.40115602627941, 65.38230093738227
000031.pid, car, 23.29634909196333, -24.986194437200368, -3.114809361371128, 0.5210016965866089,95.22860788133113, -177.282296905459
000032.pid, car, 23.30341167449951, -24.93000869750976, -3.127890133857727, 0.42463260889053345,94.17306676217775, 169.3961442339452
000033.pid, car, 23.275432933460582, -24.881586941805754, -3.2228257222609087, 0.5190771818161011,93.9953220672516, -168.5051940430422
000034.pid, car, 23.282805956327, -24.894821166992188, -3.1912357623760528, 0.4989701211452484,97.09782236385662, 179.70176695189707
000035.pid, car, 23.213289260864258, -25.071967697143553, -3.035362660884857, 0.5735635757446289,85.09336190137452, 85.99041279728505
000036.pid, car, 23.300952564586293, -24.954716769131743, -3.1126517599279238, 0.4904358983039856,93.8881963075337, 168.52164384667412
000037.pid, car, 23.160593430201214, -25.157992204030354, -2.8159728248914084, 0.4132048189640045,81.68700278234108, 93.10882193589129
000038.pid, car, 23.160890825333134, -25.160556485576013, -2.9262405441653345, 0.48004820942878723,80.84148593901568, 84.91561631409553
000039.pid, car, 23.079257534396262, -25.210147857666016, -2.950734669162381, 0.4361179769039154,73.24669418194257, 65.5526036294308
000040.pid, car, 23.13081539038456, -25.136853767163824, -2.905785567832716, 0.665334165096283,83.32101418256393, 87.87772663007307
000041.pid, truck, 22.981108983357746, -24.94929313659669, -3.654917081197103, 0.3111094534397125,65.9398056312947, -158.59073066469844
000041.pid, car, 23.149703434535436, -25.166504383087158, -2.842036145074027, 0.5893771052360535,81.10800417778431, 86.0876514932578
000042.pid, car, 23.067578379313147, -25.114885711669917, -3.399934800465902, 0.4259134829044342,72.04839639965401, -95.94888398128197
000043.pid, car, 22.89610399518694, -25.02070099966867, -3.1806956359318326, 0.33734118938446045,66.36519680774506, 61.05038911564697
000044.pid, car, 23.094854961742055, -25.13383700630881, -3.248655330051075, 0.4592077136039734,71.91113128446925, 54.10400115630457
000045.pid, car, 23.243598651885982, -25.07480669021606, -3.046091651916504, 0.4569392204284668,89.30518686052477, 42.11023851392456
000046.pid, car, 23.285704135894775, -24.612250804901123, -3.417048692703247, 0.38326898217201233,-84.8579204472718, 57.49075255855328
000047.pid, car, 23.204744439376025, -25.07674749274003, -3.0417129366021407, 0.5115175247192383,87.27104675101106, 87.63708573841363
000048.pid, car, 23.095125456114072, -25.209747829952754, -2.9850504656095764, 0.39123138785362244,74.15412012793085, 61.154963829609414
000049.pid, car, 23.239507293701173, -25.077276039123532, -3.0456255793571474, 0.4260980188846588,88.77375813694907, 43.7952147096807
000050.pid, car, 23.115298871640807, -25.164316036083076, -3.166836040991324, 0.4746941924095154,72.5230204475467, 51.28918971752847
000051.pid, car, 23.0778075187437, -25.184579849243164, -3.002737145270071, 0.43276098370552063,75.58531547689917, 67.63088872429337
000052.pid, car, 23.15178346633911, -25.168363639286586, -2.851512372493744, 0.42858242988586426,79.0072883743575, 82.92693066170877
000053.pid, car, 23.075537109375, -25.24154210771833, -2.9546941552843364, 0.33131882548332214,69.6313533623275, 63.04398526983573
000054.pid, car, 23.270147919654846, -24.89836525917053, -3.1932996362447743, 0.34233352541923523,97.15870089389833, -173.1299889901453
000055.pid, car, 23.23417730331421, -25.125733280181883, -3.0036441683769226, 0.5607902407646179,88.61430311899062, 54.79075410045681
000056.pid, car, 23.281713192279522, -24.896704306969273, -3.1916467043069696, 0.4483494758605957,96.94431335145617, 179.50648962824243
000057.pid, car, 23.268277327219646, -24.934241453806553, -3.1552247405052185, 0.517780065536499,95.20623728852468, -159.42047579981445
000058.pid, car, 23.209895724341983, -25.052093505859375, -3.0487268425169454, 0.558804452419281,87.14223815589854, 86.46108983148622
000059.pid, car, 23.072962134225026, -25.2237979888916, -2.9087697642190116, 0.37221336364746094,74.40732503183312, 69.78632683759302
000060.pid, car, 23.085144551595054, -25.221164004007974, -2.9584480285644528, 0.4007396101951599,69.36962637547106, 64.30609467183275
000061.pid, car, 23.169872990360968, -25.144787541142218, -2.876342870570995, 0.5094889998435974,83.73316143449277, 94.85615828497109
000062.pid, car, 23.198683102925617, -25.051550759209526, -3.079677714241876, 0.6093894839286804,86.69870988890176, 83.90746072586971
000063.pid, car, 23.295283057472922, -24.986773577603426, -3.11537562717091, 0.33823347091674805,94.71178437992958, -177.643462065384
000064.pid, car, 23.272193670272827, -24.89686512947082, -3.1920645236968994, 0.35976743698120117,97.13781812017773, -173.00820012855613
000065.pid, car, 23.262309392293293, -24.88145112991333, -3.2095717787742615, 0.4951382279396057,94.0748668095165, -161.99854085847272
000066.pid, car, 23.155039860652042, -25.16817855834961, -2.88609634912931, 0.49007776379585266,83.86977417100101, 89.84925574199599
000067.pid, car, 23.07719191382913, -25.238256117876833, -2.9575311646741977, 0.35585543513298035,72.27880624112204, 68.22699801185371
000068.pid, car, 23.110228571398505, -25.194472806207067, -2.9184428741191994, 0.3467029333114624,78.46797683437744, 75.35914999417042
000069.pid, car, 23.081966111154266, -25.2005088112571, -3.0031762050859854, 0.33572444319725037,71.45328244547517, 65.90781574758587
000070.pid, car, 23.273850123087566, -24.450326919555664, -3.578210989634196, 0.4668058156967163,-161.1138345786593, -115.98384646268948
000071.pid, car, 23.289965629577637, -24.903392314910885, -3.1577734549840293, 0.5051975846290588,95.17354230964035, 64.78812607522222
000072.pid, car, 23.2430627822876, -25.07832202911377, -3.0462671399116514, 0.4245730936527252,89.06899190248086, 41.87679813935238
000073.pid, car, 23.27468358553373, -24.932028697087215, -3.1953676480513353, 0.5751436948776245,97.52446989282917, -171.57865923262042
000074.pid, car, 23.12319803237915, -25.158258140087128, -2.910451509058476, 0.6177625060081482,83.99913449875947, 86.71909597288959
000075.pid, car, 23.166925366719564, -25.139799118041992, -2.8989282925923665, 0.5478643774986267,86.81559053656639, -84.70345824939545
000076.pid, car, 23.145303443626123, -25.169114995885778, -2.863320200531571, 0.58319491147995,81.58924052405395, 79.91461049493712
000077.pid, car, 23.165922393798827, -25.17559394836426, -2.8061585521697996, 0.5351514220237732,81.50573293156555, 94.68079290695798
000078.pid, car, 23.12327083464592, -25.149469498665102, -2.8847754309254308, 0.5900992751121521,81.93000798180869, 85.96484147795555
000079.pid, car, 23.091876098087855, -25.22175564084734, -2.927292994090489, 0.6502400636672974,77.45503926213273, 72.8063492353743
000080.pid, car, 23.079697777243222, -25.235349767348346, -2.923329710960388, 0.7197721004486084,73.22763324345566, 70.95979279046922
000081.pid, car, 23.10886001586914, -25.167041969299316, -2.9564542611440023, 0.6239421963691711,87.40097903934529, 91.68299055677782
000082.pid, car, 23.146528046706628, -25.171352518015894, -2.9064498852039207, 0.6030483245849609,80.44728594685317, 79.49826188585824
000083.pid, car, 23.30339527130127, -24.869175672531128, -3.174184888601303, 0.561166524887085,94.69940014980784, 169.6576896661212
000084.pid, car, 23.27296761104039, -24.86882400512695, -3.2267910752977644, 0.447328120470047,97.72525440683798, -176.72134811832447
000085.pid, car, 23.247675471835667, -25.07116773393419, -3.051766991615296, 0.5060151815414429,92.01528219764647, -135.29204307337125
000086.pid, car, 23.126537203788757, -25.153997659683224, -2.8952978104352955, 0.5964062809944153,81.67115604305484, 85.08859376796076
000087.pid, car, 23.102340519428253, -25.212928652763367, -2.9312313571572304, 0.6281611323356628,77.36234570430176, 70.57699057076539
000088.pid, car, 24.603077336361533, -28.56778456035413, -2.789880445128992, 0.648223340511322,-65.70823712518879, 120.18202668251465
000089.pid, car, 23.149323496325263, -25.129005629440833, -2.8910569980226715, 0.6411661505699158,82.75872049309571, 87.69167330264686
000090.pid, car, 23.302157878875732, -24.862367868423462, -3.1751910746097565, 0.5589050650596619,94.32520787583799, 60.62976222222719
000091.pid, car, 24.593481757424094, -27.922345941716973, -2.9901491295207636, 0.5488816499710083,-66.58437819185313, 129.41777169028381
000092.pid, car, 23.066205361310175, -25.213322302874396, -2.993191761129043, 0.3978394865989685,70.79266064362525, 66.43469096301996
000093.pid, car, 23.084495039547193, -25.14809513092041, -2.988641444374533, 0.3815501630306244,76.6128496798194, 69.97057392516602
000094.pid, car, 23.217060543241956, -25.05440820966448, -3.0926112674531483, 0.5071712732315063,87.86260708635861, 77.37226676298948
000095.pid, car, 23.273527438823994, -24.92726208613469, -3.1955416019146266, 0.47953832149505615,98.97388970278219, -168.9190133631512
000096.pid, car, 23.280704498291016, -24.955130683051216, -3.1402460469139957, 0.5353896617889404,93.0311221640262, -171.46959570158586
000097.pid, car, 25.836912155151367, -30.796986748190488, -2.8962081811007336, 0.42319831252098083,-65.5595295613248, 132.7688187310025
000098.pid, car, 23.12485412071491, -25.182976229437465, -2.899005256850144, 0.5072070360183716,80.64043003054942, 76.69172999271613
000099.pid, car, 23.23706636428833, -25.0338397026062, -3.0881190657615663, 0.45039278268814087,90.210128961421, -142.4549447690313
000100.pid, car, 23.15146698270525, -25.171040058135986, -2.8908061214855745, 0.5500872135162354,80.81096791107711, 82.59627638215959
000101.pid, car, 23.151834079197474, -25.159402097974503, -2.8875551990100314, 0.49510398507118225,84.1305382112105, 85.01350561656015
000102.pid, car, 23.131151735782623, -25.130122423171997, -2.9870298206806183, 0.6332374811172485,81.74360484577174, 78.18539214496892
000103.pid, car, 23.113529137202672, -25.21345826557704, -3.0973031520843506, 0.30101725459098816,71.81046164877067, 45.412537691991545
000104.pid, car, 23.092254275367374, -25.09185028076171, -3.271120502835229, 0.33318892121315,74.21807393893967, 71.82341579490168
000105.pid, car, 23.051403834902008, -25.080777332700528, -3.1344641817027123, 0.3463164269924164,73.25227489213489, 76.88503110970127
000106.pid, car, 23.225304794311523, -25.097819900512697, -3.0246439615885423, 0.5019627809524536,87.47622961027528, 80.23555913270036
000107.pid, car, 23.09681579044887, -25.20444331850324, -3.0792659180504933, 0.3592240810394287,69.14836672584396, 48.958869118253645
000108.pid, car, 23.1250859774076, -25.15888830331655, -3.148441057938796, 0.35332033038139343,75.62365638146079, 36.29425338170849
000109.pid, car, 23.2871036529541, -24.867620027982273, -3.19092240700355, 0.5067166686058044,95.63753076996763, 63.48273444071582
000110.pid, car, 23.086998490726245, -25.211487994474524, -2.9378775498446297, 0.3624940514564514,71.9888724767204, 67.8784807291754
000111.pid, car, 23.081127222846536, -25.219983156989603, -2.9415922936271217, 0.3606301546096802,72.29035913620471, 65.34513018653365
000112.pid, car, 23.213822415000514, -25.079162095722396, -2.98778193875363, 0.6185755729675293,89.05555523576267, -84.83636336426757
000113.pid, car, 23.25332892568488, -25.047856280678193, -3.08498551971034, 0.49262744188308716,90.31149563025303, -139.6717288343735
000114.pid, car, 23.254955592908356, -25.027987028423105, -3.0844846148239937, 0.3576933741569519,90.898375978034, -147.78068303664247
000115.pid, car, 23.263483047485348, -24.917447831895615, -3.21971066792806, 0.5374253392219543,95.01184885260659, -164.0623013101063
000116.pid, car, 23.10269947052002, -25.183411598205566, -2.934593391418457, 0.6280717253684998,76.74001110118768, 72.03163277284496
000117.pid, car, 23.73590053211559, -26.55924276872115, -2.786217711188577, 0.65985506772995,-66.25493484441203, 124.8241744737357
000118.pid, car, 23.151853758713294, -25.15181403324522, -2.857210923885477, 0.5674415826797485,81.41053416579105, 87.23162550251523
000119.pid, car, 23.23769535737879, -25.052939471076513, -3.1075774361105526, 0.5042986869812012,91.49856413605055, -129.32487101399465
000120.pid, car, 23.212842238576787, -25.093055022390264, -3.0376804376903332, 0.4770147502422333,89.3580524197894, 88.73076680758207
000121.pid, car, 23.14631885290146, -25.15448671579361, -2.8724378049373627, 0.5716596245765686,82.77955605422797, 88.59623177186263
000122.pid, car, 23.243683576583862, -25.031746029853817, -3.119572937488556, 0.5480220913887024,89.60030845749121, 47.604128368377104
000123.pid, car, 23.266267776489254, -24.459285736083984, -3.583245595296224, 0.6212580800056458,-152.4433276971258, -109.86059246787478
000124.pid, car, 23.256998847512637, -25.007714215446917, -3.079591288286098, 0.47757425904273987,91.59793128395286, -166.1033661000628
000125.pid, car, 23.144834123808764, -25.185204144181874, -2.8609799269972176, 0.6857622265815735,79.65792130945505, 82.58343097003744
000126.pid, car, 23.18088307587997, -25.1431304268215, -2.924601699994958, 0.5077983736991882,87.41265951581231, -84.31351814930386
000127.pid, car, 23.119407290504093, -25.090950284685402, -3.34928754397801, 0.3177189230918884,71.92499403671398, 42.15124959173944
000128.pid, car, 23.288168589274086, -24.940195083618157, -3.139672729704116, 0.519069492816925,94.88858972367336, 179.00516370809297
000129.pid, car, 23.158600206728334, -25.155716790093315, -2.878836852532846, 0.6223779320716858,83.84302867620092, 91.52132333379694
000130.pid, car, 23.1537230355399, -25.15369953427996, -2.830394523484366, 0.6972765922546387,83.43982803774668, -78.25359881193772
000132.pid, car, 23.243991374969482, -25.070704555511476, -3.0462433695793156, 0.6289529204368591,89.04747399755027, 41.00906837455559
000133.pid, car, 24.366652647654217, -27.69197718302409, -2.9746242562929788, 0.640576958656311,-66.41461920264953, 124.84153998350769
000134.pid, car, 23.14315543636199, -25.165968679612682, -2.8622535351784, 0.5404384732246399,83.47623540562262, 90.69519749004975
000135.pid, car, 23.081296348571776, -25.176369603474935, -2.9561250289281205, 0.3440662622451782,75.4779122540729, 73.35155226580933
000136.pid, car, 24.480277856190998, -27.719269116719563, -2.9912072022755942, 0.41788405179977417,-66.55481857088179, 125.70112809761955
000137.pid, car, 23.237893867492676, -25.10577630996704, -3.057004392147064, 0.5503789186477661,89.898775659564, 54.60698139646799
000138.pid, car, 23.292922019958496, -24.91989135742187, -3.1552818020184836, 0.6011762022972107,95.47673283240721, 175.11796090701495
000139.pid, car, 23.182709058125813, -25.092556476593018, -2.9421275357405343, 0.5950404405593872,84.95174885430286, -83.54217756055209
000140.pid, car, 23.11434751941312, -25.210370771346554, -2.891559831557735, 0.6498081684112549,79.81775745751682, 79.18711111290216
000141.pid, car, 23.104207932949066, -25.209655344486237, -2.919328846037388, 0.6622315049171448,77.36075062484323, 73.50708865441246
000142.pid, car, 23.758237491954457, -26.585299838672984, -2.7098270925608547, 0.5204908847808838,-66.24914613049016, 128.82227591984443
000143.pid, car, 23.155060327970066, -25.13923879770132, -2.8359231673754177, 0.6358799338340759,86.72200957372263, -77.52920877760049
000144.pid, car, 23.07113540172577, -25.205575108528137, -2.94315218180418, 0.3623460531234741,76.34316798975468, 72.48348373397714
000145.pid, car, 23.081650488717216, -25.223048618861608, -2.915203809738159, 0.387622207403183,71.72295284243627, 67.87834747479785
000146.pid, car, 23.097703187362004, -25.130478319914438, -3.211248594781627, 0.32645362615585327,67.24727175005057, 59.550684090004985
000147.pid, car, 23.04853936604091, -25.060982567923407, -3.172989479133061, 0.4084268808364868,75.08462710450843, 81.94247333072789
000148.pid, car, 23.28767204284668, -24.965125189887154, -3.1401407983567995, 0.6396922469139099,93.74059751825531, -176.3102697110419
000149.pid, car, 23.11139816045761, -25.19182550907135, -2.9447644874453545, 0.3916522264480591,75.6320019036625, 68.01992126884221
000150.pid, car, 23.07466596364975, -25.19094204902649, -2.9851895719766617, 0.42490723729133606,75.90881165644082, 67.75620883675887
000151.pid, car, 23.075965227399553, -25.220810971941265, -2.958917726789202, 0.4468325972557068,70.32921350096495, 63.33183633930745
000152.pid, car, 23.074403578235255, -25.21119443831905, -2.9412759965465916, 0.41492095589637756,73.47149495000804, 67.44071743380835
000153.pid, car, 23.077068056379044, -25.23012755257743, -2.96642427444458, 0.3958117961883545,74.26371196428566, 69.53863621703515
000154.pid, car, 23.093821887312263, -25.222649607165106, -2.942303723302381, 0.32458049058914185,70.76111825969403, 64.90092144239605
000155.pid, car, 23.093640168507893, -25.15211200714111, -3.269739329814911, 0.32270312309265137,69.91492698503411, 61.53145076592992
000156.pid, car, 23.274846522013345, -24.841507085164388, -3.248986895879111, 0.48451143503189087,96.45453242543562, 178.62231819352303
000157.pid, car, 23.302555951205168, -24.957690152254973, -3.1113883148540156, 0.4781530499458313,93.45333239974123, 168.3634576074469
000158.pid, car, 23.240036617625844, -25.083502769470215, -3.0671476125717163, 0.4852915406227112,88.62235720938604, 50.80145951239729
000159.pid, car, 23.14577465057373, -25.152858225504556, -2.8430164655049643, 0.5511150360107422,81.23951516834686, 87.85781496746712
000160.pid, car, 23.248421907424927, -25.120209336280823, -3.0413310676813126, 0.6574103236198425,88.94811208994928, 47.72226256532527
000161.pid, car, 23.290762583414715, -24.66634051005045, -3.3622846603393572, 0.5093295574188232,-84.93773300624629, 59.45847837383877
000162.pid, car, 23.236797679554332, -25.09520504691384, -3.0686251466924492, 0.4264008700847626,89.05123689147233, 52.65757725836312
000163.pid, car, 23.2439229628619, -24.98433898476993, -3.1572568977580353, 0.5184001326560974,91.6465366181362, -143.44142612929264
000164.pid, car, 23.09041167750503, -25.188988887902457, -2.940107887441462, 0.3457415997982025,70.03365133062111, 64.81950207510934
000165.pid, car, 23.138396399361746, -25.176335743495397, -2.8333424414907182, 0.5891155004501343,83.78657194066159, 86.89454749752703
000166.pid, car, 23.243072986602783, -25.111922979354855, -3.04205445945263, 0.5036255717277527,88.85313084205073, 49.740127939849906
000167.pid, car, 23.13407141821725, -25.17023617880685, -2.847369279180254, 0.5991384387016296,80.4454920777513, 85.37069696706476
000168.pid, car, 23.03617682280364, -25.088160974008062, -3.1833568325749155, 0.35555779933929443,71.52367883141002, 72.38179086595504
000169.pid, car, 23.233468808625872, -25.084437520880446, -3.112103211252313, 0.44042447209358215,90.26075939178989, -126.45984922774714
000170.pid, car, 23.184327239990235, -25.070983810424806, -2.977705707550049, 0.48137205839157104,86.20739783295241, -82.90378783167638
000171.pid, car, 23.239539623260498, -25.08017807006836, -3.045627653598786, 0.5173014402389526,88.64175092235314, 44.22625408087749
000172.pid, car, 23.127417656683154, -25.1931333849507, -2.88195453920672, 0.6128057241439819,80.44275458820779, 86.85086608767774
000173.pid, car, 23.115881979465485, -25.215392291545868, -2.8915479481220245, 0.6190027594566345,82.12112346493022, 83.17945656939413
000174.pid, car, 23.104089941297257, -25.18941252572196, -2.933996064322335, 0.3517162799835205,76.11080883542398, 69.84507872077114
000175.pid, car, 23.302801404680526, -24.833899089268268, -3.2079011372157504, 0.38259512186050415,94.30176403880178, 62.35352713431699
000176.pid, car, 23.099721908569336, -25.19109219142369, -2.9825627940041675, 0.43925178050994873,76.17655878336473, 67.48878743892872
000177.pid, car, 23.23614874340239, -25.07308660234723, -3.075181972412836, 0.4457601010799408,89.38512606594126, 48.67234252600035
000178.pid, car, 23.273181915283203, -24.46297709147135, -3.5779597759246826, 0.39248883724212646,36.6540318892374, -102.62428617725145
000179.pid, car, 23.144072356047452, -25.154247142650462, -2.907226147475066, 0.3184182941913605,81.04710817990541, 85.2783048946044
000180.pid, car, 23.211130905151368, -25.125480842590328, -3.0201723098754885, 0.5079048275947571,87.30594818287986, 87.71113990990091
000181.pid, car, 24.118282826741538, -27.15705897013346, -2.9376824378967283, 0.5660647749900818,-66.40220006082173, 127.47425130713769
000182.pid, car, 23.204715274629137, -25.034514926728747, -3.0702324367704845, 0.6423742771148682,86.40222065361228, 91.46538379156777
000183.pid, car, 23.113751649856567, -25.175962507724762, -2.9191056191921234, 0.6230883002281189,82.29927133490558, 77.96148452191039
000184.pid, car, 23.161877993879646, -25.15800055142106, -2.8409339559489286, 0.6239739060401917,80.41187066878447, 87.33569816988735
000185.pid, car, 23.099993260701492, -25.19045753479004, -3.0116217295328775, 0.6278564929962158,76.54492978784202, 70.02268340143478
000186.pid, car, 23.143279774983725, -25.181495221455894, -2.841053851445516, 0.6022287011146545,84.3785983291794, 88.85735190406754
000187.pid, car, 23.235646963119507, -25.073664665222168, -3.0833746492862706, 0.5361961126327515,90.86951045357438, -135.0885178416649
000188.pid, car, 23.85376110076904, -26.781684589385986, -2.7407037615776066, 0.5152034163475037,-65.35037203549147, 125.46792720935824
000189.pid, car, 23.059507261003766, -25.223247037615096, -2.949528530665806, 0.4232919216156006,69.6982713882103, 64.45940749879333
000190.pid, car, 23.072532653808594, -25.21677356296115, -3.1510751247406006, 0.36007964611053467,70.66241350082147, 57.82195635648907
000191.pid, car, 23.098231236139934, -25.1538762251536, -3.171532948811849, 0.3957863748073578,75.23573534968148, 51.46596951936324
000192.pid, car, 23.159237494835487, -25.124120712280273, -2.9193609219331007, 0.5049769282341003,81.51523140684124, 86.59849015483285
000193.pid, car, 23.145662988935197, -25.172205243791854, -2.9060903106416975, 0.5310785174369812,81.95587134274429, 82.78949702281761
000194.pid, car, 23.086915749769943, -25.18319856203519, -3.1954331948206973, 0.4993549585342407,69.77376823243162, 59.80157055098321
000195.pid, car, 23.090365179653826, -25.215999800583408, -3.1381904010115, 0.4731423854827881,73.0957911631548, 57.22673118779599
000196.pid, car, 23.28577756881714, -24.973542531331375, -3.158470213413239, 0.47589993476867676,96.6697937470557, -168.04391999151616
000197.pid, truck, 22.947652339935303, -25.124840577443447, -3.419411857922872, 0.36906278133392334,67.03747278748764, 72.13005639241942
000197.pid, car, 24.477304935455322, -27.71966393788655, -2.9910897513230643, 0.520339846611023,-66.56707955894444, 125.03146946059772
000198.pid, truck, 23.02995385064019, -25.024761941697864, -3.3013851245244346, 0.356083482503891,68.5746173593815, 103.28470396289943
000198.pid, car, 23.098702788352966, -25.161772966384888, -2.9867976382374763, 0.6133658289909363,74.30046077255201, 70.58702392866014
000199.pid, car, 23.086613741787996, -25.221366362138227, -2.949220744046298, 0.3858431279659271,72.11841871139771, 66.99146203236745
000199.pid, truck, 22.97470515114921, -25.025851249694828, -3.3067563261304582, 0.3665352463722229,67.13459067411388, 75.27293679426181
000200.pid, car, 23.099045515060425, -25.213690876960754, -2.9525523111224174, 0.5651000738143921,77.71625019334779, 71.72356062717981
000201.pid, truck, 22.953399930681506, -25.066803387233193, -3.330673864909581, 0.3523634672164917,67.85356033549121, 70.29393264861137
000201.pid, car, 23.15264346681792, -25.144844186717062, -2.9131232541182945, 0.547412097454071,82.27640312141565, 82.86818358665656
000202.pid, car, 23.071285574776784, -25.202039991106307, -2.9633755002702986, 0.6328324675559998,75.38308808660922, 70.7847543596247
000203.pid, car, 23.082100203543, -25.215243021647137, -2.9318379561106362, 0.6770280003547668,73.06054614501319, 67.34717133843242
000204.pid, car, 35.67828712463379, -11.358008003234866, -3.8735279083251952, 0.42910754680633545,23.935038045595665, 178.83461737015725
000205.pid, car, 23.051651000976562, -25.139876712452278, -3.2657781730998647, 0.4434548318386078,73.90612638612228, 73.51325491173577
000206.pid, car, 23.038815116882326, -25.083691533406572, -3.234666426976522, 0.5863316655158997,75.08606829331555, 78.42975397165159
000207.pid, car, 24.28823811667306, -27.255485534667965, -3.0827504822186067, 0.5078851580619812,-66.5791871947298, 123.53739959845782
000208.pid, car, 23.070274353027344, -25.195556131998696, -3.0068602720896402, 0.36403751373291016,71.17275791192743, 64.94877264921804
000209.pid, car, 23.26258897781372, -25.03142714500427, -3.0822625905275345, 0.48347944021224976,91.61004630613483, -158.8854476095441
000210.pid, car, 23.304715156555172, -24.93032760620117, -3.1270263671875, 0.5932876467704773,94.22816753969035, 169.23891894235288
000211.pid, car, 23.114401601975963, -25.21760792886057, -2.8468408584594727, 0.6575446724891663,79.93626962200773, 80.24957549340334
000212.pid, car, 23.151568511436725, -25.177223139795764, -2.8714837041394463, 0.48662087321281433,81.87200728156381, 84.31783407769181
000213.pid, car, 23.22811568410773, -25.117774762605364, -3.0503110760136654, 0.4914228618144989,88.77816944492197, 55.03373909363724
000214.pid, car, 16.731148646428036, -61.41135699932392, -3.5066530887897196, 0.60835862159729,-163.24095551796034, 159.24682524582065
000215.pid, car, 16.58305319150289, -60.45852025349935, -3.354390283425649, 0.5904621481895447,-142.8694893291224, 172.7026489206771
000216.pid, truck, 23.010655459235696, -24.98900200338925, -3.3037545540753532, 0.311360239982605,68.14484127796034, 91.67068536125743
000216.pid, car, 16.62508667839898, -59.97575547960069, -3.3240902953677716, 0.5663473010063171,67.94648592010239, -156.47961360820074
000217.pid, car, 16.562804924814326, -59.31603582281815, -3.36066672676488, 0.516737163066864,-106.81558199510692, -152.00706605742744
000218.pid, truck, 16.839073514938356, -57.788794898986815, -3.4238786101341248, 0.32964804768562317,-105.0323462566459, -150.0985938793638
000218.pid, car, 23.244216357960422, -25.048871208639707, -3.1214240018059227, 0.549412190914154,91.18888482311993, -129.4801683882225
000219.pid, car, 16.88433771133423, -56.65376224517822, -3.2544533967971803, 0.4085727334022522,-102.97089094166385, -133.5989907003655
000220.pid, car, 23.291260083516438, -24.916211605072018, -3.1538738012313847, 0.5208077430725098,95.74012172382106, 62.90744096775223
000221.pid, car, 23.300658702850342, -24.86575198173523, -3.176246166229248, 0.5071655511856079,95.16050914813832, 62.84710940987222
000222.pid, car, 23.301523035222832, -24.948512857610528, -3.112571261145852, 0.505713939666748,94.16635271441946, 66.74170376064131
000223.pid, car, 18.031310319900513, -51.26962814331055, -3.389900928735733, 0.5292530655860901,-110.66802440997411, -155.95960940256043
000224.pid, truck, 18.167381903704474, -50.43517482981962, -3.2976009915856754, 0.6047996282577515,-105.5660450834668, -150.97122678472897
000224.pid, car, 23.30483055114746, -24.87290620803833, -3.173025757074357, 0.3601982295513153,94.43576191673907, 71.4144054249256
000225.pid, truck, 18.312718677520753, -49.0560341835022, -3.3321329951286316, 0.6012418270111084,-100.05897378683792, -145.84455952660545
000225.pid, car, 23.147321503737878, -25.14721574454472, -2.8675480299982534, 0.5000027418136597,80.73441010464998, 78.48825063732008
000226.pid, truck, 18.244396672104344, -48.35418377500592, -3.272596807190866, 0.5317809581756592,-95.10859427861081, -140.18054819675626
000226.pid, car, 33.89090220133463, -12.074457804361984, -3.2179999351501465, 0.336838036775589,-82.94097753297474, 98.66806493145394
000227.pid, person, 23.15596803029378, -25.145495096842453, -3.6366716623306274, 0.3100191652774811,-118.65035633040216, -81.98936521228464
000227.pid, car, 18.40707339662494, -47.36371473832564, -3.2399292064435556, 0.45477327704429626,-98.71227176913696, -143.83836586812873
000228.pid, car, 18.478550164595895, -46.47562789916992, -3.26980940155361, 0.5155933499336243,-93.70852162017572, -139.02492396963268
000229.pid, car, 18.685612222422723, -45.296388045601226, -3.22961235564688, 0.6942893266677856,-96.04621430804055, -141.5647009086097
000230.pid, car, 18.64894299280076, -44.43689164661226, -3.273552031744094, 0.6896296143531799,-100.48805507334899, -145.70236057427252
000231.pid, car, 18.736458631662224, -43.16919414813702, -3.263049529148982, 0.6809844970703125,-89.73469145254676, -45.11057894190576
000232.pid, car, 18.643024863266362, -42.89107699510528, -3.1969748357447183, 0.4166693687438965,-85.87437243274637, 49.03741486192333
000233.pid, car, 23.30119800567627, -24.867446660995483, -3.1757842004299164, 0.507464587688446,94.94687389920031, 168.64316464623226
000234.pid, car, 18.48491328695546, -40.27478723940642, -3.1099908559218696, 0.6284597516059875,-81.90079812450614, 53.08279631916959
000235.pid, car, 18.28822101246227, -39.53964337435636, -3.052418448708274, 0.6108207702636719,-77.85409881814482, 58.17978024280071
000236.pid, car, 18.422300974527996, -38.940432993570965, -3.0457468509674075, 0.5980175137519836,-82.82562202428707, 52.65743264566583
000237.pid, car, 18.0839353288923, -36.7006950378418, -3.2733013459614346, 0.5314552783966064,-86.85445314292713, -89.69697640591227
000238.pid, car, 18.080769482780905, -35.01051330566406, -3.329969237832462, 0.5696221590042114,-94.89140124320058, -138.6956622240219
000239.pid, car, 23.302440123124555, -24.95504240556196, -3.1116742220791904, 0.5865591764450073,93.91586973053015, 168.19561259986364
000240.pid, car, 19.300308626751566, -33.742969069370005, -3.221180477807688, 0.6564435362815857,-108.5135733973961, -151.84289807500085
000241.pid, car, 19.39146139356825, -32.893911107381186, -3.255205398135715, 0.6789584755897522,-104.16931671300617, -149.3134817972654
000242.pid, car, 19.376651565233868, -32.42239061991374, -3.121876075863838, 0.7236492037773132,-97.38163479310256, -142.55762386758522
000243.pid, car, 18.619662284851074, -31.008521715799972, -3.079918454090754, 0.7169827818870544,66.2057037179552, -158.86506027797287
000244.pid, car, 19.81701543854504, -30.154599399101443, -3.041802854072757, 0.6987429857254028,59.697610482141485, -165.3191193823146
000245.pid, car, 19.074096552530925, -28.892938571506082, -3.1726369169023303, 0.7088013291358948,-105.3744275217746, -149.64705136616882
000246.pid, car, 20.94417295001802, -27.255415371486123, -3.0205830732981362, 0.6817525625228882,-135.1104611195765, 179.89568201850832
000247.pid, car, 19.012709895769756, -27.75711687405904, -3.1441456427176795, 0.6100224852561951,-96.92183757953443, -142.17218798649523
000248.pid, car, 19.156190063993808, -27.1164347438489, -3.1139815823506503, 0.5298261046409607,-92.44286202828395, -137.6924724759597
000249.pid, car, 19.084713628736594, -26.51929425385039, -3.0614988520994024, 0.7648870348930359,-90.77312960273684, 43.99685814786996
000250.pid, car, 19.108189125061035, -25.807546272277836, -3.0096108055114748, 0.7865798473358154,93.20554766989265, 48.19705020688919
000251.pid, car, 19.136230094092234, -24.897731712886266, -3.034935329641615, 0.6527094841003418,94.29558651612211, 49.36575772255747
000252.pid, car, 19.11221007581027, -23.88395097120753, -3.0023285083050997, 0.721301794052124,91.56939856597802, 46.62014450390767
000253.pid, car, 19.05318075326773, -22.982257754986104, -3.030759782057542, 0.67145836353302,91.8492453432515, 46.8091624356913
000254.pid, car, 18.917620944976807, -22.702904129028322, -3.103521692752838, 0.3805198073387146,94.32037130880016, 49.2129184289626
000255.pid, car, 19.107204009075556, -22.35121462296467, -3.1584170837791596, 0.5594614148139954,-148.91288864767535, 166.21925677206923
000256.pid, car, 33.2948600769043, -12.02105388641358, -3.304421901702881, 0.46853816509246826,-87.55987654584195, 47.62173386151651
000257.pid, car, 19.030302800630267, -20.51019081316496, -3.293835847001327, 0.5447738170623779,-169.2196618105506, 145.98668274327622
000258.pid, car, 19.4555017834618, -18.812069325220016, -3.035904254232134, 0.37076085805892944,-66.43654246468678, 68.52408260605058
000259.pid, car, 23.10100530541461, -25.195164390232247, -3.080668325009554, 0.4059326648712158,-114.58298981184815, 75.89262896153217
000260.pid, car, 23.06084915443703, -25.12861506144205, -3.045877792217113, 0.38682520389556885,-52.97903563444151, -90.84012461348466
000261.pid, car, 33.13900057474773, -11.929843107859298, -3.2878654400507608, 0.4624604880809784,-101.60411682208041, -146.43608126320385
000262.pid, person, 18.86939109166463, -14.67095464070638, -3.2583187739054362, 0.3217909634113312,89.17499566118315, 44.1461534287011
000262.pid, car, 23.13174109025435, -25.20136856310295, -3.033063628456809, 0.4801362454891205,74.44986506239815, 26.803870569753325
000263.pid, car, 18.721335528189677, -13.50634287114729, -3.1689640806432355, 0.3954409062862396,86.90822687488155, -138.14850651298858
000264.pid, car, 18.85333251953125, -12.345602869987488, -3.2404047889368877, 0.4406581223011017,85.98693087924745, -138.9132614637285
000265.pid, car, 32.98583330426897, -12.033721106393, -3.4941014562334334, 0.3437376916408539,87.09661585562233, 88.71235237986893
000266.pid, person, 10.474012851715083, 24.884102344512947, -4.200756192207336, 0.4558570086956024,99.34949148935353, 53.88307955487305
000266.pid, car, 18.730263212452765, -10.497976655545441, -3.1673478199088057, 0.4328214228153229,79.21829369607784, -145.80909889945127
000267.pid, car, 22.000791598588993, -20.197699057750214, -3.0519072642693152, 0.44135579466819763,102.34911746492308, 109.14851348069475
000268.pid, car, 18.404088713906027, -8.193820389834316, -3.225247800350189, 0.44014304876327515,95.32256052013368, 50.00848975073042
000269.pid, car, 32.876269022623696, -12.038301467895508, -3.3523898124694824, 0.4420939087867737,94.09854168134144, -88.70099825413334
000270.pid, person, 11.68042869567871, 19.886566925048832, -3.711944007873536, 0.3852848708629608,106.903282624177, 62.80128457255199
000270.pid, car, 23.094373789700594, -25.058332876725625, -3.1734205809506504, 0.4367992877960205,77.69813224882601, -56.769811108214775
000271.pid, person, 11.63475563412621, 19.2506654830206, -3.614351499648322, 0.34787219762802124,102.99702771721844, 62.69601310007781
000271.pid, car, 18.17930263583943, -5.203864849219888, -3.3266471927448853, 0.48335012793540955,99.48109993163109, 54.49536869408547
000272.pid, truck, 18.140970357259114, -4.26912948290507, -3.245603413052029, 0.35543665289878845,102.18783545840654, 57.404382878122625
000272.pid, car, 18.140970357259114, -4.26912948290507, -3.245603413052029, 0.4430502951145172,102.18783545840654, 57.404382878122625
000273.pid, car, 17.992027759552002, -3.326088052405976, -3.2514124393463133, 0.5938860177993774,103.22915640957194, 58.56572191971092
000274.pid, truck, 17.87349741386645, -2.481094092910291, -3.238958351539843, 0.36223334074020386,98.93225073426346, 54.077358305203994
000274.pid, car, 17.87349741386645, -2.481094092910291, -3.238958351539843, 0.5094534754753113,98.93225073426346, 54.077358305203994
000275.pid, car, 17.67802556355794, -1.3388476527973332, -3.259070194128788, 0.40193983912467957,100.5635838056368, 56.689730343478374
000276.pid, person, 17.479704363592738, -0.08363501549345127, -3.2700858527216417, 0.3024558126926422,96.65942536056404, 53.08651705051171
000276.pid, car, 23.07330006566541, -25.039867532664328, -3.1266933885113946, 0.304923951625824,79.85278273549208, -47.503585300366204
000277.pid, car, 17.53903704881668, 1.0123410162923394, -3.277430087327957, 0.4310363531112671,100.7097485388856, 59.02247290825093
000278.pid, car, 17.37684502321131, 1.8682147404726823, -3.244865929379183, 0.33677563071250916,100.51214596728425, 58.74182071827618
000280.pid, car, 15.144608698393165, 7.5258305072784495, -3.5512019333086515, 0.30564165115356445,-62.16081545058364, 72.82097781045836
000281.pid, car, 23.007413546244305, -24.968042055765792, -3.2436280647913613, 0.3220643699169159,63.20811875907066, 94.45777666843581
000283.pid, car, 17.261482092050407, 7.18747643324045, -3.379271938250615, 0.3655657172203064,97.84244388155604, 52.69569458669412
000284.pid, car, 17.17764088601777, 8.388324997641826, -3.4832423600283535, 0.3285798132419586,104.54829212005451, 59.78522965500632
000285.pid, car, 16.79058651697068, 8.723373265493484, -3.4942375932421004, 0.5806359648704529,-98.53387246860123, -143.10236583205418
000286.pid, car, 16.27873954066524, 7.799123463807284, -3.524298244052463, 0.3823561668395996,-99.4105872448179, -144.15662759609978
000287.pid, car, 16.545724153518673, 11.199143934249884, -3.89522180557251, 0.35132578015327454,99.11904547352782, 54.40654330058271
000288.pid, car, 23.054738851693962, -25.073962064889756, -3.0966772207847013, 0.414506733417511,82.43151427618014, 101.00927830805931
000289.pid, car, 16.070774961400915, 8.550421893044755, -3.4746278127034507, 0.3837279975414276,-96.48269034147968, -141.3419877524117
000290.pid, car, 16.077640633834037, 8.95712669723128, -3.628911808917397, 0.36649176478385925,-94.66371039441523, -138.948933734669
000291.pid, car, 23.151618162790935, -24.924266894658402, -3.1302348176638284, 0.40924400091171265,65.71298460958124, 51.28850370668554
000292.pid, car, 15.75603836774826, 15.669474557973444, -3.512732356786728, 0.38685697317123413,-89.03223699061985, 46.082749258953044
000293.pid, bus, 18.791454973674956, -8.956106367565335, -3.0822430224645707, 0.32267990708351135,102.64120878328666, 57.66447407013138
000293.pid, car, 23.289903727444734, -24.656720681623973, -3.0136831998825073, 0.3426172137260437,-112.48609142180058, 53.36916806731661
000294.pid, car, 31.629705974033904, -11.637909889221195, -3.3535192012786865, 0.42963138222694397,-80.8184951930652, 94.85989332267118
000295.pid, car, 15.363432418468387, -4.346187075903248, -3.482072103855222, 0.36779963970184326,-86.33363663362547, -41.3979748618788
000296.pid, car, 15.906139681416173, -5.448769930870302, -3.6329045141896894, 0.3774570822715759,92.28454273887654, -111.59732330017721
000297.pid, car, 14.233698209126786, -5.572704315185542, -3.0620320638020835, 0.5450845956802368,-80.54105384115023, 54.76461012991179
000298.pid, car, 31.39773178100586, -11.48187530040741, -3.301038295030594, 0.45172804594039917,80.30075425664599, 80.23763451720255
000299.pid, car, 14.61600844065348, -7.920211633046463, -3.1867583592732753, 0.5822051763534546,98.32376915448769, 54.796041023737665
000300.pid, car, 31.305793126424152, -11.437353610992432, -3.350913882255554, 0.46108752489089966,53.4576495949187, 64.62928312184516
000301.pid, car, 31.162269047328405, -11.44537012917655, -3.555778878075736, 0.42504894733428955,-55.24477592770058, 80.38895398508552
000302.pid, car, 15.485227857317241, -8.481183256421762, -3.3416191169193814, 0.5041673183441162,-93.55147734992431, -139.10538199274626
000303.pid, car, 15.610616403467516, -8.848008913152348, -3.203672773697797, 0.5781334638595581,-97.46678166210238, -53.668982564917386
000304.pid, car, 24.207875145806206, -21.784163369072804, -3.0212726593017583, 0.5742573142051697,-122.3961605085953, 60.998378410235176
000305.pid, car, 16.163025945425034, -10.352007091045374, -3.289528109133244, 0.5434403419494629,-86.07812654644667, 51.64715807476998
000306.pid, car, 16.34332851930098, -10.785426746715192, -3.395618763836948, 0.5390802621841431,-84.78797205767542, 52.521590350816034
000307.pid, bus, 19.80555007571266, -15.45494556427002, -3.1764586312430247, 0.30306220054626465,-51.55282144189348, 85.92559691682673
000307.pid, car, 24.425875091552733, -21.137590694427487, -3.0703899145126345, 0.475981742143631,-113.96230975539733, 65.8114105390218
000308.pid, bus, 19.668792843818665, -15.524234145879744, -3.1735794991254807, 0.3694716989994049,-60.75964050727766, 74.24247886455937
000308.pid, car, 24.551423645019533, -20.872204875946043, -2.9930303454399114, 0.4487667679786682,-123.01118318256712, -151.3471433861261
000309.pid, car, 24.61164559258355, -20.55482567681206, -2.999258504973518, 0.4643057882785797,-126.54058813228419, 56.15585929078589
000310.pid, car, 22.90783343595617, -17.940517004798437, -3.1788859016755047, 0.5001397132873535,129.0111477003926, 126.79222868558348
000311.pid, car, 18.3195904563455, -13.689982750836537, -3.0860279447892136, 0.46302345395088196,-61.83626843552477, 76.1518345982695
000312.pid, car, 22.897109765272873, -17.42483326104971, -3.0865580302018385, 0.5193580985069275,129.08264432396206, 92.98289204434468
000313.pid, car, 19.52929736406375, -14.50693507072253, -3.075083769284762, 0.3986377716064453,-41.63233330438785, 95.14893376057238
000314.pid, car, 21.754493713378906, -16.027611854228564, -2.9747032409018663, 0.4550369381904602,-44.43208236585443, 90.66325060778077
000315.pid, truck, 20.05278861813429, -14.986272230380916, -2.9926473222127776, 0.3060263991355896,-44.51784713954236, 90.85361705035558
000315.pid, car, 22.036129483309658, -16.23407958637584, -2.9212736606597907, 0.5642748475074768,-41.938881633732784, 93.58713720046184
000316.pid, car, 22.47832751803928, -16.39099718729655, -3.0180075963338218, 0.4573441445827484,-39.41164563460732, 96.64437312082191
000317.pid, car, 22.986905565448836, -16.658438121571262, -2.9526116894740686, 0.3656497597694397,-40.34297915731604, 98.40833824547445
000318.pid, car, 23.347287607192992, -16.681579494476317, -2.9712235927581787, 0.4130599796772003,-37.24158725871831, 97.88618194437639
000319.pid, car, 21.170587876263788, -15.518042153003169, -2.971240838368734, 0.4703960120677948,-33.9271711042897, 101.6376890766497
000320.pid, car, 20.71661070890205, -15.467516810394994, -3.0020135724267294, 0.37449008226394653,122.52640681358601, 76.13558872411907
000321.pid, car, 22.189257004681757, -16.573089767904843, -3.533232983420877, 0.37392592430114746,163.04521737104926, 118.0441199408433
000322.pid, car, 23.207776641845705, -17.221664047241212, -3.737852668762207, 0.44972148537635803,171.3595576256182, 132.85045728604018
000323.pid, car, 22.630237177798623, -15.940241612886124, -3.0654202072243946, 0.49358561635017395,-20.959793461607084, 114.24925239094989
000324.pid, car, 22.837983942031858, -16.047133350372313, -3.0278950452804567, 0.5162769556045532,-16.64985793926863, 118.60289903815814
000325.pid, car, 23.27641067504883, -17.265855407714845, -3.8058863639831544, 0.4884941875934601,-152.69516140548936, -112.6228149208534
000326.pid, car, 22.66316556930542, -15.91969577471415, -3.135693490505219, 0.3979414105415344,-15.683293791384674, 119.59916697167833
000327.pid, car, 22.731047330583845, -15.7368627003261, -3.0890124252864295, 0.4875253140926361,-10.926249403786056, 124.43832522768705
000328.pid, car, 22.41534204483032, -15.81442184448242, -3.0992396116256717, 0.5524531602859497,-8.667091476301644, 126.70643274701382
000329.pid, car, 22.940945307413738, -15.866403526730004, -3.152268773979611, 0.5283752679824829,-4.283222476603617, 130.85065461499283
000330.pid, car, 22.71747092044715, -15.95092417977073, -3.103222514643814, 0.5316770672798157,0.7502574092049079, 135.56723171885108
000331.pid, car, 22.39941093656752, -15.739688290490042, -3.082794831858741, 0.456503301858902,2.167455568947117, 137.93662717793393
000332.pid, car, 23.296950817108154, -17.349151134490974, -3.7817786931991577, 0.5117315053939819,138.45309796786162, 94.71716873168012
000333.pid, car, 22.529851962358524, -15.567161755684092, -3.105854786359347, 0.5052127242088318,1.939864192110033, 136.76516386699183
000334.pid, car, 22.228105872017995, -15.65098667144775, -3.115964228766305, 0.4974985122680664,-1.0792680142536273, -136.4477579265663
000335.pid, car, 22.26944148540497, -15.911745578050613, -2.9951101541519165, 0.5516740083694458,-29.16809240139949, 102.89213430625021
000336.pid, car, 22.42540521621704, -16.03111777305603, -3.0523407757282253, 0.6290976405143738,-39.45433382940331, 94.20740399008302
000337.pid, car, 21.703908746892754, -15.93137938326055, -3.0852976766499607, 0.4803304374217987,-26.51693675375917, 107.70971604799172
000338.pid, car, 22.330223170193758, -15.92617240819064, -2.977423597465862, 0.6213606595993042,-44.03352480373246, 90.21279707268593
000339.pid, car, 23.41860042918812, -17.291134747591887, -3.7273781299591064, 0.4121520519256592,176.4643319472493, 125.68756613843426
000340.pid, car, 22.456005149417454, -15.95363646083408, -3.023719456460741, 0.43145185708999634,-51.525912669493145, 82.69689505953369
000341.pid, car, 22.989687347412108, -17.02892932891846, -3.633044719696045, 0.5631906390190125,160.91122457479923, 115.91725917808482
000342.pid, car, 23.253515243530273, -17.23959795633952, -3.8221861521403, 0.4587758481502533,175.23728628714744, 124.89477196869287
000343.pid, car, 21.600755400576833, -15.612822177046434, -3.0084140300750737, 0.5045968294143677,-30.4568111173239, 104.14779058288484
000344.pid, car, 21.807832823859318, -15.698111074942128, -3.0628633764055047, 0.5000401735305786,-34.02224235833551, 100.6629458815283
000345.pid, car, 21.964927558898925, -15.862457122802732, -3.067349772453308, 0.4964485764503479,-30.65955626569793, 103.75290101073348
000346.pid, car, 22.36982168153275, -15.924143835555675, -3.0344423194264256, 0.5385006070137024,-42.05350591449286, 92.18559857103412
000347.pid, car, 22.57255091667175, -16.00343108177185, -3.085318273305893, 0.5295616984367371,-44.30602105493167, 92.31585030498115
000348.pid, car, 22.361514645953513, -16.002221040947493, -3.0042564924373183, 0.4102630019187927,-45.75910231351193, 88.18190751301718
000349.pid, car, 21.66861193787818, -15.747775881898168, -3.0876154852848425, 0.4193563759326935,-31.19673269869448, 103.24717420364807
000350.pid, car, 21.94563488526778, -15.716703544963487, -3.0993981090458957, 0.5314982533454895,-32.06566832189184, 102.14778844215013
000351.pid, car, 21.871187821874077, -15.73427151733974, -3.0558946582506286, 0.6093370914459229,-32.606790449522705, 101.70282075716446
000352.pid, car, 21.876250403267996, -15.640019394102548, -3.0617668685458956, 0.5986447930335999,-31.77330441283863, 102.80223298513764
000353.pid, car, 21.982200659238377, -15.765989065170286, -3.077890932559967, 0.5699182152748108,-30.4057169387283, 103.71392656246982
000354.pid, car, 22.28086306254069, -15.980085966322154, -3.0204122702280682, 0.5092666149139404,-46.616505902998604, 88.58450698108922
000355.pid, car, 21.806224161264847, -15.707104507757691, -3.0347068990979875, 0.43305134773254395,-32.079639185563146, 102.08087322649034
000356.pid, car, 22.587358243537672, -16.003066958803117, -3.043155691840432, 0.4565831124782562,-37.63402060712493, 97.55157829556505
000357.pid, car, 22.452474740835335, -15.948084782331415, -3.111176839241615, 0.5006481409072876,-44.49675470440846, 89.29128321555103
000358.pid, car, 21.6596286561754, -15.646168567516183, -3.0164372567777287, 0.5452379584312439,-34.683724612957704, 99.47354925848204
000359.pid, car, 21.729795058568318, -15.703209380308785, -3.0791577100753784, 0.5537611246109009,-31.853867659563438, 102.42838565474878
000360.pid, car, 21.89137832791197, -15.692684098785996, -3.0542695288564645, 0.5764462351799011,-30.29279639916344, 103.88465212767937
000361.pid, car, 22.297249412536623, -15.975169677734373, -2.9905930280685427, 0.5944989323616028,-42.391615667732424, 91.60957344930006
000362.pid, car, 21.750169001127546, -15.587916524786696, -3.044141487071389, 0.4772254526615143,-28.431204292069772, 106.16375250278783
000363.pid, truck, 22.79612592061361, -16.599487749735513, -3.561508576075236, 0.3033824563026428,169.8195791731186, 124.82438225649058
000363.pid, car, 21.887445636824065, -15.77255972693948, -3.081893013972862, 0.481831431388855,-29.066904012661592, 105.48243001637684
000364.pid, car, 21.735675562982973, -15.535283814305842, -3.0307772211406543, 0.5813798904418945,-27.710831444177966, 106.89153309505191
000365.pid, car, 21.727753540565228, -15.684292711060621, -3.034719606925701, 0.5801163911819458,-30.272534914395457, 104.2935584917479
000366.pid, car, 22.17650563666161, -15.720768725618402, -3.0674276960656996, 0.5992113947868347,-41.49011854411886, 93.33750141207885
000367.pid, car, 22.416364548054148, -15.92275335433635, -3.0324993488636425, 0.5268004536628723,-42.16411610696213, 92.21858528375917
000368.pid, car, 22.418208543644393, -15.944720490034236, -3.0103518851967745, 0.5874450206756592,-44.89175289114661, 90.97869629860696
000369.pid, car, 22.556444258916947, -15.930204346066429, -3.047159785316104, 0.5779155492782593,-37.89531629082266, 96.51004846835677
000370.pid, car, 23.15207576751709, -17.21280002593995, -3.8797967433929443, 0.5296629071235657,169.3931020813087, 119.83968275205835
000371.pid, car, 23.109637578328456, -17.17945512135824, -3.9075198570887246, 0.5344244837760925,-8.809774322131316, 121.45583707681558
000372.pid, car, 22.11790215735342, -15.763977293874701, -2.9358993605071424, 0.47654715180397034,-31.57042589848852, 102.95754552552833
000373.pid, car, 21.91769853071733, -15.747396278381345, -3.0074598052284935, 0.5091295838356018,-18.92393288653482, 116.24636186420126
000374.pid, car, 22.196439215477476, -15.871843540922121, -3.048580286350657, 0.5205122828483582,-23.69825542399598, 111.0814171753157
000375.pid, car, 22.066341256195646, -15.802039020466353, -3.0048609859538526, 0.5868749022483826,-13.739810663777, 121.15130423917724
000376.pid, car, 22.438346752753624, -16.082671880722042, -3.1354731229635386, 0.4195927679538727,-16.526015847522903, 118.05830788613443
000377.pid, car, 22.28776184393435, -16.102070282916632, -3.101093058683434, 0.4388086795806885,143.9732445054869, 99.4646802821883
000378.pid, car, 22.237803828959564, -15.925392754223882, -3.005367167141973, 0.3738676607608795,-35.77464011492133, 98.72462006501745
000379.pid, car, 22.9264513529264, -16.10688917453472, -3.0612073815785927, 0.4380064606666565,-19.80336780044592, 114.86553598299321
000380.pid, car, 23.45600311279297, -16.191001377105714, -3.0825517177581787, 0.4866832196712494,-17.29400021879435, 117.6745934528415
000381.pid, car, 23.615307665885762, -16.350356852754633, -3.198140230584652, 0.6097947955131531,-19.017551860640744, 117.05867096319588
000382.pid, car, 23.858536206758938, -16.369861994034203, -3.173016627629598, 0.5184456706047058,-15.054937268082412, 121.31573332150218
000383.pid, car, 24.265735448792924, -16.45696207534435, -3.155224628226702, 0.4209825098514557,-13.698371912906547, 122.83859728335024
000384.pid, car, 24.719066354963516, -16.450455506642655, -3.1604865193367004, 0.5558860301971436,-4.998404975535802, 130.4742526440664
000385.pid, car, 23.621305465698242, -16.750946680704747, -3.383641163508098, 0.46667811274528503,101.11537240183983, 101.26497751889514
000386.pid, car, 27.28386846081964, -15.16366300911739, -3.137325541726474, 0.4255949854850769,74.55106932215986, -148.64227191131806
000387.pid, car, 25.84090054419733, -16.53663109194848, -3.0236213053426435, 0.4839034676551819,-0.8666964783407183, 132.0439449223819
000388.pid, car, 25.927325820922853, -16.559658622741697, -3.150209967295329, 0.6081253886222839,-28.244069578063208, 103.64075047941374
000389.pid, car, 27.830720468000933, -15.197159203616053, -3.1766623800451104, 0.5650297999382019,79.68005240734489, -145.28348925105533
000390.pid, car, 28.09135603135632, -15.408200971541865, -3.306213632706673, 0.4977821111679077,81.726608310879, -143.24565796882504
000391.pid, car, 26.99144172668457, -17.170894276012064, -3.195037429982966, 0.5326217412948608,-102.11907100539689, -94.33426598312101
000392.pid, person, 28.83972965587269, -17.10123934890285, -3.1571189923719927, 0.34327882528305054,-0.05346153973093044, 135.24519482088667
000392.pid, car, 28.565092086791992, -15.525356818889748, -3.2581292678569924, 0.34706851840019226,93.80030171076292, 49.03035200439582
000393.pid, car, 28.861499706904095, -15.178924242655434, -3.2071122527122498, 0.37058934569358826,99.85788057563691, 57.58086776631754
000394.pid, car, 30.42201279148911, -17.28494678844105, -3.056133096868342, 0.38127028942108154,3.608883257995864, -139.65362665936246
000395.pid, car, 30.96085619043421, -17.274483080263494, -3.1244086424509683, 0.42331311106681824,11.332823422359487, -132.8133378436128
000396.pid, car, 31.32440136324975, -17.40951427336662, -3.107280715819328, 0.3564385771751404,23.77434626738523, -128.61802301797582
000399.pid, car, 27.90731184823172, -10.958840506417408, -3.2981745856148854, 0.3367502987384796,-117.83945454682079, 61.71170661860218
000400.pid, car, 28.105172793070476, -10.796659469604487, -3.2533628145853677, 0.5091285109519958,36.2437738270374, -142.79019826388878
000401.pid, car, 27.820208930969233, -10.888791179656975, -2.9768811464309697, 0.38677895069122314,-123.90079630528058, -72.79848118445561
000402.pid, car, 27.783381598336355, -10.876675060817167, -3.0462672710418706, 0.4624735414981842,-129.27616456098988, -151.2086275791003
000403.pid, person, 28.544810295104988, -10.509387493133548, -3.870931529998779, 0.34382882714271545,-156.96489584690022, 161.1679974951296
000404.pid, car, 30.108525276184082, -19.631242656707762, -3.0757730960845953, 0.3463805019855499,-74.94245919742818, 69.72473041057876
000406.pid, car, 30.634253311157227, -45.79661102294922, -1.0206964254379276, 0.6092129349708557,-60.20023912749935, 75.35724246361231
000407.pid, car, 45.14004364013672, -44.39488143920899, -1.4730877280235297, 0.4320947527885437,133.19157843535973, 141.92041933071306
000408.pid, car, 42.16920967102051, -36.00782165527344, -1.501283860206604, 0.3194921910762787,108.83714941754877, 105.2034868960067
000409.pid, car, 43.45813200208876, -41.225898742675774, -0.9961364169915518, 0.46810054779052734,113.74976548936064, 92.80126075140102
000410.pid, car, 45.00339444478353, -44.50173886617025, -1.4745117823282878, 0.42546001076698303,-89.86615108066613, 93.3669548031116
000412.pid, car, 31.84606409072876, -1.3584987372159887, -1.2994818091392517, 0.3780837655067444,-118.21448801472135, -159.016887971945
000421.pid, car, 38.307450430733816, -10.184177262442448, -4.2549084935869494, 0.3916856348514557,17.42613122677795, 154.32679604843617
000424.pid, car, 38.324248504638675, -10.178959274291994, -4.253968334197998, 0.32674655318260193,15.308955718020751, -122.78475655358325
000428.pid, car, 38.32549514770508, -10.181332015991213, -4.252812194824219, 0.3178931176662445,16.10206907843108, -121.953789097288
000435.pid, car, 25.776746456439678, -9.806898483863238, -3.2229714393615727, 0.30036184191703796,-24.06986779074687, 114.50168026899121
000436.pid, car, 25.541966915130615, -9.600290894508358, -3.2063172161579137, 0.30458641052246094,-113.20713903338148, 68.15382255725687
000437.pid, car, 25.38619899749756, -9.763780117034912, -3.0625337958335876, 0.4375322461128235,-79.62390777077903, 82.60012607302038
000438.pid, car, 25.43488205803765, -9.510494338141541, -3.161154799991185, 0.5963026285171509,-120.51205974090124, 49.98223461197608
000439.pid, car, 25.318138360977173, -9.558000683784476, -3.1797839403152475, 0.6833848357200623,64.15332457790427, 61.61989517030695
000440.pid, car, 26.470783233642578, -13.210977554321282, -3.0382131470574283, 0.31236568093299866,-72.70485374549753, 114.2693489327869
000441.pid, car, 25.273176193237305, -9.402698410881884, -3.08024099138048, 0.3154940605163574,41.34054464094904, -126.65699949656766
000442.pid, car, 25.027307987213135, -9.808569908142083, -3.0272452831268315, 0.6074916124343872,-104.60998459305304, -96.771650052453
000443.pid, car, 27.143790245056152, -17.48983446756998, -2.847804685433706, 0.657682478427887,-75.62568201797708, 103.29421916937385
000444.pid, car, 24.93680604298909, -9.626991907755523, -3.2652663389841723, 0.44278520345687866,-96.64012763374654, -36.93299002818928
000445.pid, car, 24.96969000498454, -9.358479658762612, -3.133211096127829, 0.3514418601989746,-99.13896062890917, 80.90361724073227
000446.pid, person, 24.96400278264826, -9.221598798578427, -3.10302810235457, 0.31927940249443054,52.72665020839491, 30.824417229966578
000446.pid, car, 24.90826988220215, -9.264391157362187, -3.0935368537902836, 0.3711273968219757,78.69089857556962, 67.44568175109818
000447.pid, car, 24.84152204340154, -9.331490343267264, -3.1622804511677134, 0.36011505126953125,-94.3158875955402, -85.307089699022
000448.pid, car, 24.800227695041233, -9.146245426601832, -3.217623896068997, 0.5440406799316406,61.59020002814816, 58.76415505938531
000449.pid, car, 26.157984415690105, -14.51908959282769, -3.0726393461227417, 0.45449164509773254,-75.3287973062919, 110.19418420673894
000450.pid, car, 24.682634527033027, -9.065357294949612, -3.2947816632010727, 0.44450247287750244,61.31602308176148, 47.57223822119067
000451.pid, car, 24.64303954442342, -9.157002687454215, -3.3166073759396877, 0.41261762380599976,-84.98057775609776, -35.07060223287908
000452.pid, car, 24.573611895243328, -8.985338846842442, -3.2396245996157336, 0.43094268441200256,-110.00418442030693, 50.01572976271876
000453.pid, car, 24.526257881751427, -8.970666958735533, -3.29822485263531, 0.5588066577911377,-93.03917507412999, 90.92288570846135
000454.pid, car, 24.49029643719013, -8.921350699204659, -3.2920515720660877, 0.4889303743839264,-88.72549980249867, 92.07919296295036
000455.pid, car, 24.490843500409806, -8.886496407645087, -3.309057661465236, 0.47894352674484253,-96.75299585013305, 81.21398666010145
000456.pid, car, 24.358474254608154, -8.974555730819693, -3.0498045086860657, 0.3527213931083679,-75.82089488629902, -108.70077291208119
000457.pid, car, 24.333575929914197, -8.834799630301331, -3.0777359349387035, 0.32119181752204895,85.85103883624836, 71.55816242679639
000458.pid, car, 38.31193828582764, -10.183030605316167, -4.254449248313904, 0.40416061878204346,15.074271074671234, -123.04207751302741
000459.pid, car, 24.299954674460672, -8.698257186196065, -3.188418648459695, 0.5061643719673157,-96.02082867113477, 84.11707059397793
000460.pid, car, 24.273463909442608, -8.646961432236884, -3.2549725679250865, 0.35516151785850525,-77.47156391017658, 96.42038042385094
000461.pid, car, 26.230622564043312, -15.625527177538183, -3.1257757118770066, 0.5128662586212158,-73.91271358668104, 102.63419012310322
000462.pid, car, 24.143436113993328, -8.514168659845982, -3.2121999859809875, 0.6496245265007019,49.4040432992773, -129.09001850260762
000463.pid, car, 24.09696324666341, -8.515587064954966, -3.3838248782687725, 0.5597691535949707,56.13434617111876, 67.36010569818109
000464.pid, car, 24.061172008514404, -8.444404284159337, -3.320298810799917, 0.5123615264892578,-116.96910245080112, 67.19988960951551
000465.pid, car, 24.014631791548297, -8.39936724576083, -3.3644483522935347, 0.612862229347229,-97.19503602972827, 83.4291422863076
000466.pid, car, 23.9637975692749, -8.355964756011957, -3.368897986412049, 0.6943737268447876,92.77592573705913, 91.84903763026846
000467.pid, car, 24.42108268737793, -11.854639911651606, -3.056805384159089, 0.5499857664108276,-81.77654131753553, 97.34526054554573
000468.pid, car, 23.873381181196734, -8.253765539689493, -3.340740312229504, 0.674800455570221,87.46886193900013, 85.8221183446006
000469.pid, car, 23.829073299061168, -8.205879428169943, -3.2684657140211626, 0.7042291760444641,-91.7336383713403, 87.06583492862876
000470.pid, car, 25.327455944485134, -13.483376661936434, -3.091917475064596, 0.5725634694099426,-74.6533503807246, 100.90196282694076
000471.pid, car, 23.711454772949217, -8.118968248367302, -3.2554441690444955, 0.5969522595405579,-123.45694203158878, 57.274781581545135
000472.pid, car, 23.7130225499471, -7.774405558904007, -3.133021831512451, 0.606951892375946,83.7024432611504, 78.40367625887333
000473.pid, person, 23.56331729888916, -8.06512510776519, -3.3457729816436768, 0.355000376701355,-77.68931927548307, 85.04658770037051
000473.pid, car, 23.64832814534505, -7.83078257242838, -3.2442430920071073, 0.7229066491127014,82.42537638357861, 82.131588040182
000474.pid, car, 23.581747245788574, -7.9471638202667165, -3.232874035835267, 0.6721326112747192,-83.25192744141098, 97.80741282703852
000475.pid, car, 23.541362762451172, -7.883399486541746, -3.2255351305007935, 0.6249308586120605,73.55690252749459, 76.50937894254284
000476.pid, car, 23.48558849758572, -7.805023988087969, -3.2766303221384687, 0.5727515816688538,-119.40664887861233, 68.23163166143419
000477.pid, car, 23.497514009475704, -7.555184125900263, -3.1967583894729614, 0.6885834336280823,73.15736778509559, 70.07510466461387
000478.pid, car, 23.39643878936767, -7.722458362579343, -3.319162368774415, 0.6130428910255432,-112.77758468215228, 73.52454156043999
000479.pid, car, 23.403321266174316, -7.540407943725583, -3.3127570390701293, 0.570834755897522,69.22103687621971, 67.58846821996103
000480.pid, car, 23.31061134338379, -7.660237073898314, -3.4229566574096686, 0.6781676411628723,79.99076240264415, 81.13229415076113
000481.pid, car, 23.254283731633965, -7.591996496373953, -3.235203331167048, 0.7044959664344788,-99.05375553197831, 79.6909112734421
000482.pid, car, 23.27461798985799, -7.4220091899236005, -3.220989624659221, 0.6803228259086609,62.967981825915636, 62.99343484370165
000483.pid, car, 23.16696701049805, -7.453764486312861, -3.209149622917176, 0.5303399562835693,52.48775684046488, 53.50172783621572
000484.pid, car, 23.150552368164064, -7.355480289459227, -3.250692272186279, 0.3334057629108429,57.43315584201648, 58.3313201597234
000485.pid, car, 23.052839625965465, -7.3817331574179885, -3.2439201094887475, 0.7155929803848267,54.23416148727537, -127.47795871447772
000486.pid, car, 23.150555350563742, -7.172499266537748, -3.3120553493499756, 0.5588998794555664,51.72782848575777, 44.61049661420499
000487.pid, car, 22.935512022538617, -7.319383491169315, -3.1646818681196733, 0.5785977840423584,58.87627332056728, 59.828836517798074
000488.pid, car, 24.324526353315875, -11.798741600730203, -3.1393907286904077, 0.6151930689811707,-73.3269361739129, 115.40765502563269
000489.pid, car, 22.816748879172582, -7.201340848749325, -3.1451949206265537, 0.5015671253204346,50.03976793227713, 52.039676332545426
000490.pid, car, 22.749634170532225, -7.170201253890985, -3.2596807956695555, 0.51890629529953,56.81663382821688, 59.34781890744165
000491.pid, car, 22.70417213439941, -7.15528592196377, -3.2328461083498867, 0.5364287495613098,58.09978685686061, 60.13116023726135
000492.pid, car, 23.989466190338135, -11.229844729105624, -3.1544467707475032, 0.30212607979774475,-73.86658426241335, 64.30435524167164
000493.pid, car, 22.625681495666505, -7.064361906051633, -3.239332127571106, 0.3743334710597992,68.00342701719228, 71.93806928015478
000494.pid, car, 25.24293343226115, -15.403586784998572, -3.0736176570256557, 0.4421679973602295,-73.48640813643156, 74.8357543975543
000495.pid, car, 22.574918400157582, -6.879191788760091, -3.2046289010481406, 0.361044704914093,52.966409518604756, -125.75565077695583
000496.pid, car, 22.612818204439602, -6.782355601970957, -3.225827253781832, 0.33960193395614624,26.28357362309318, -155.58227694594672
000497.pid, car, 22.60986868540446, -6.710127830505368, -3.1850483814875283, 0.3705444037914276,22.99206304203712, 24.104899536054567
000498.pid, car, 22.563582333651457, -6.666089361364187, -3.194242325696078, 0.3505038917064667,20.68684539652408, 19.723034071483404
000499.pid, car, 22.374875450134276, -6.699492216110224, -3.0794127702713014, 0.3022066652774811,-124.58533064313494, -119.99812495880617
000501.pid, car, 22.548851013183594, -6.498467087745663, -3.2343961894512177, 0.4463281035423279,13.159959265722376, -167.7666359627737
000502.pid, car, 22.24875030517578, -6.507489299774164, -3.2128939628601074, 0.42259201407432556,-122.13839109067197, 57.36749602668253
000503.pid, car, 22.153051853179928, -6.559332847595211, -3.2677308917045598, 0.36893442273139954,-100.07166832376313, -76.36922368672795
000504.pid, car, 22.117711067199707, -6.49352407455444, -3.2605719566345215, 0.3661831319332123,56.904373764858704, 91.7260328753644
000505.pid, car, 22.148472309112545, -6.358093917369839, -3.1780248284339905, 0.41128402948379517,-132.1189095375102, 55.73458738893053
000506.pid, car, 22.29846019744873, -6.318393325805658, -3.210906100273133, 0.47780629992485046,5.106273054588128, -175.66478979542143
000507.pid, car, 22.08196089002821, -6.281498432159416, -3.211245483822293, 0.49008050560951233,51.87199486380905, 56.25368197958077
000508.pid, car, 22.00346483503069, -6.286082267761226, -3.190396206719536, 0.544141948223114,59.733874443971274, 60.242934439302935
000509.pid, car, 22.236013836330837, -6.160297446780727, -3.152502430809869, 0.5572905540466309,0.36327984984515393, 173.35119245271534
000510.pid, car, 21.956081867218018, -6.125975012779232, -3.2239554822444907, 0.33082935214042664,-123.51243110223187, 57.2025472471209
000511.pid, car, 21.913083485194612, -6.070307459150039, -3.169860124588013, 0.4602729082107544,-129.80826976179705, -128.110579208673
000514.pid, car, 21.83784508705139, -5.891361236572262, -3.1985690593719487, 0.3051924407482147,-142.45567078307832, 37.77891914243467
000515.pid, car, 21.835517065865652, -5.824267796107697, -3.2414417607443684, 0.3737993538379669,-140.90019090179754, 38.05851872780704
000516.pid, car, 21.776252746582028, -5.7872615541730505, -3.2321431296212344, 0.519753098487854,-148.7895864706869, 31.9327199320434
000517.pid, car, 21.740417957305908, -5.730184733867638, -3.1797463595867157, 0.5020031929016113,33.813209528977175, 32.75017523231421
000518.pid, car, 21.66350528172084, -5.705153669629774, -3.122811589922224, 0.34467658400535583,-139.45506030301968, -136.13461821890397
000519.pid, car, 21.61200141906738, -5.651339610417672, -3.158918579419455, 0.31606027483940125,-141.79069561427568, 38.418750136263746
000521.pid, car, 21.573160648345947, -5.5448569655418325, -3.2290938794612885, 0.42780986428260803,-140.35788944345447, 39.97495372510907
000522.pid, car, 21.52160994211832, -5.472932100296011, -3.2453141609827685, 0.4597463011741638,-141.1563613676264, 37.80185548923077
000523.pid, car, 21.509783850775825, -5.398301707373722, -3.1710087988111706, 0.433885782957077,-141.35629994392977, -141.16358881185639
000524.pid, car, 21.445315551757812, -5.340437316894531, -3.4383296012878417, 0.4818827509880066,-147.85394379214011, 166.80200575075426
000525.pid, car, 21.4617919921875, -5.306855583190919, -3.4395594596862793, 0.420428067445755,-24.45102076695327, 110.66222083261015
000526.pid, car, 21.500734090805054, -5.161197721958155, -3.1270137429237366, 0.40219613909721375,-130.14784060663322, -136.16422407915843
000527.pid, car, 21.47638429914202, -5.132808140345974, -3.1675760064806258, 0.4972819685935974,-34.52069190091324, -4.777987069806533
000528.pid, car, 21.474884578159877, -5.085183620452868, -3.1660200527736118, 0.5885385274887085,-53.82919363932411, -19.94845236470019
000529.pid, car, 21.478528764512802, -4.997112327151822, -3.153918875588312, 0.5612433552742004,-51.07119764570223, 9.215079151854283
000530.pid, car, 21.38635190327962, -4.906609429253469, -3.137489769193862, 0.4852536618709564,-139.3011692686711, 39.047628009566125
000531.pid, car, 23.340811014175415, -11.450817525386809, -2.9437682479619975, 0.44122812151908875,-73.00387585317405, 95.14856625939483
000532.pid, person, 21.306815677218967, -4.776334391699894, -3.122090525097317, 0.30784621834754944,28.12907866036567, 27.894763889248853
000532.pid, car, 21.306815677218967, -4.776334391699894, -3.122090525097317, 0.39883074164390564,28.12907866036567, 27.894763889248853
000533.pid, car, 21.273518668280705, -4.725225501590297, -3.1160099506378174, 0.6274874210357666,-169.25245405264246, 165.00249833887753
000534.pid, car, 21.254058074951168, -4.683663797378531, -3.139334988594056, 0.5632797479629517,-37.28120152677441, 132.26112183415083
000535.pid, car, 21.174427413940432, -4.627641963958741, -3.3720423221588134, 0.45861342549324036,18.334055481483492, 61.46608599543017
