000027.pid, car, 10.44577369689941, -2.816692209243766, -3.159544277191162, 0.37695568799972534,-170.21931126227773, -108.06420107863521
000032.pid, person, -0.7751711368560791, -6.1524086952209505, -3.6726009845733643, 0.32881128787994385,89.02867232168295, -47.20590803576667
000047.pid, car, 10.528177897135416, -2.7853686809539746, -3.048717657725017, 0.4878665506839752,-80.16953576587198, 57.118110884682
000048.pid, car, 10.440476226806636, -2.8199172973632756, -3.1600444316864014, 0.31585052609443665,-164.58927735056002, -108.15734423583805
000054.pid, person, -0.8402844786643971, -6.242144107818605, -3.69832558631897, 0.4187030792236328,-131.89952165062397, -178.96557168882075
000056.pid, car, 10.51343193054199, -2.7759481430053627, -3.044044971466064, 0.3624702990055084,83.1764043089295, -140.4278085568371
000057.pid, car, 10.534061050415035, -2.754820919036857, -3.048142528533936, 0.40717706084251404,-79.69715482294889, 57.04735692940819
000080.pid, person, -0.7738136768341054, -6.167926502227784, -3.674244213104248, 0.34010571241378784,89.52375117571091, -46.70872558729644
000082.pid, person, -0.8036352038383466, -6.258581638336182, -3.692228174209595, 0.30074813961982727,67.28960185217012, -159.04795121188587
000095.pid, car, 10.53646668520841, -2.7572559876875444, -3.212563623081554, 0.30329060554504395,-170.0830056835692, -171.2004702999513
000096.pid, car, 10.513259781731497, -2.7799347241719516, -3.156397581100464, 0.304137647151947,-163.75220804122785, -167.93958508737683
000117.pid, person, -0.7798149228096001, -6.180184745788571, -3.677118682861328, 0.3143564760684967,85.55560040284107, -140.02668163070237
000127.pid, person, -0.7765732884407033, -6.169298648834231, -3.67502875328064, 0.31724032759666443,89.14721281464647, -47.09550083633104
000130.pid, person, -0.7874954223632802, -6.198046588897705, -3.681063747406006, 0.31536099314689636,84.69430704018187, -140.92388548282173
000185.pid, car, 10.616484642028809, -2.759380817413329, -3.210392270769392, 0.32320284843444824,15.255344979911374, 94.68509631390913
000189.pid, car, 10.484669804573056, -2.7878752648830325, -3.1223819255828857, 0.4061804711818695,-153.2013872457049, -101.60848414750775
000193.pid, car, 10.628439903259281, -2.785709202289585, -3.4771255254745483, 0.3254129886627197,-166.3746584726396, -119.71256516784935
000196.pid, car, 10.478589799669054, -2.769719282786045, -3.16547711690267, 0.3263588547706604,-165.22336100136695, -123.31143518660593
000198.pid, person, -0.8436349928379047, -6.201060056686404, -3.6938973665237427, 0.3508589267730713,58.732358078563564, -168.22537604457284
000217.pid, person, -0.7481737256050109, -6.219121837615967, -3.6749547958374023, 0.31534165143966675,95.12411473991672, 49.989146704962856
000234.pid, person, -0.7872348308563222, -6.202039146423344, -3.6815071582794188, 0.32608792185783386,83.70757924766953, -141.95555320851213
000242.pid, car, 10.456762313842772, -2.791138251622513, -3.142076253890991, 0.3761952519416809,-151.21156117668014, -121.9706400435543
000246.pid, person, -0.7893260359764092, -6.212683868408203, -3.6833024501800535, 0.3103249669075012,83.18422868502783, -142.492764899124
000250.pid, person, -0.8099911093711846, -6.252301311492917, -3.692856693267822, 0.3524401783943176,67.06464930790769, -159.22279016834244
000251.pid, person, -0.788305032253264, -6.18164691925049, -3.679191160202026, 0.3042239844799042,84.50127078215071, -141.12861604998693
000261.pid, person, -0.7873789191246026, -6.184612464904786, -3.6793568611145018, 0.31518977880477905,84.88271066742722, -140.72474739892402
000262.pid, car, 10.5423397064209, -2.771359753608702, -3.181044340133667, 0.3338961899280548,-164.20505472464924, 18.737167575245874
000263.pid, person, -0.7826688528060896, -6.167022418975831, -3.676101016998291, 0.3392707109451294,86.21021950109954, -139.32751625612462
000268.pid, car, 10.570574124654135, -2.7605762746598987, -3.132466342714098, 0.3096727132797241,3.525547627458092, 100.1137073971262
000287.pid, car, 10.433351516723627, -2.8149886131286537, -3.160974884033203, 0.3378188908100128,-155.64432907883486, -111.43508475935957
000288.pid, car, 10.463815927505491, -2.741751313209525, -3.1804603934288025, 0.3089999854564667,-152.83976761730605, -129.31166093680886
000289.pid, car, 10.540851116180418, -2.7785446643829275, -3.1818758726119993, 0.38256675004959106,-166.60411599081388, 15.12286681241529
000290.pid, car, 10.534504413604736, -2.7725837230682395, -3.182182788848877, 0.34770527482032776,-163.9179536666087, 18.51340511221958
000291.pid, car, 10.522422122955323, -2.7420160055160516, -3.226576733589172, 0.3049790859222412,-175.66182564643927, -177.25940071754283
000304.pid, person, -0.7745161652564996, -6.15285997390747, -3.672511672973633, 0.3061375021934509,88.52279828774473, -47.689195352945276
000314.pid, person, 10.52426200442844, -2.7677721182505284, -3.1528729597727456, 0.32341575622558594,-159.45554485082275, -159.82661237271378
000319.pid, person, 10.543285179138184, -2.7725353479385397, -3.1810220241546636, 0.3722502291202545,-164.0608568252541, 19.17461011174437
000321.pid, person, 10.54771718978882, -2.7811182737350464, -3.1807495832443236, 0.43375784158706665,-166.3234498604466, 15.679247851244947
000325.pid, person, 10.296347141265867, 25.556054353713996, -4.390780985355377, 0.3192176818847656,-63.889955184651065, 73.63916492448595
000326.pid, person, 10.256798471723283, 25.19807965414865, -4.3814220769064764, 0.36361801624298096,-72.7531909894463, 63.08048081102059
000332.pid, person, 12.184394200642899, 16.81557718912761, -4.146905581156413, 0.31874313950538635,-48.11832513317806, 86.96587446049294
000333.pid, person, 12.964125633239746, 15.793931007385261, -4.084484895070394, 0.30818790197372437,129.02458080624342, 83.97637326776088
000333.pid, truck, 13.444674355643134, 16.59332765851702, -3.7378791400364473, 0.36935675144195557,-90.81236012895741, 83.53285292656545
000334.pid, car, 12.917585992813107, 15.382244396209723, -3.960522198677063, 0.34635668992996216,104.30160871183753, 59.22688766738056
000334.pid, truck, 13.5263734181722, 15.536825497945152, -3.7693937301635745, 0.3641982078552246,90.2402969576493, 90.80640484217687
000334.pid, person, 11.97893955396569, 15.928886703822926, -3.9999320092408555, 0.305313378572464,105.85044739811957, 61.986204986754764
000335.pid, person, 12.768856525421137, 14.882346312205003, -4.082221984863281, 0.3216935396194458,113.23110596835586, 68.40000341864256
000336.pid, person, 12.241367596846358, 14.661829544947702, -3.8545259053890524, 0.3263586461544037,-74.13079553081222, 61.38256777449213
000336.pid, car, 13.667145681381225, 13.320617198944092, -3.5463535547256475, 0.3256015479564667,-94.71725426731645, 129.56568647146412
000337.pid, person, 12.720225197928288, 13.022219930376334, -4.007768767220633, 0.3238212764263153,104.17052808199486, 59.04489244813678
000337.pid, car, 15.887847232818604, 15.736789989471442, -3.497346138954163, 0.5602201223373413,-98.92110026035222, -142.18072803225945
000338.pid, car, 13.501090159782994, 11.676589635702284, -3.6600811573175287, 0.34391525387763977,106.2552311181536, 61.383117497203855
000339.pid, person, 13.22077884674072, 10.659530019760137, -3.7639444828033453, 0.34564393758773804,109.3405727816929, 64.15920322091729
000339.pid, car, 13.779922103881834, 10.577744579315189, -3.752760322888692, 0.37736377120018005,104.57332678614638, 60.18856270025213
000340.pid, person, 13.716377377510069, 8.262962102890022, -3.8775763213634495, 0.3308340013027191,173.98126677568231, 145.2258420751572
000341.pid, car, 14.137140274047852, 8.526767699949202, -3.5475666292252077, 0.3152383267879486,101.9302481185022, 57.89568283463977
000343.pid, car, 14.188328164996523, 6.0733159383138045, -3.6595530076460405, 0.32937857508659363,86.79977158971596, -137.91594843694116
000344.pid, car, 14.368715196847914, 5.080605566501621, -3.615203894674778, 0.4816129803657532,85.43289230935949, -138.8712780583792
000345.pid, car, 14.666018622262134, 4.10042101996286, -3.641235487801688, 0.3106725215911865,88.05113274366069, 43.92969124514481
000346.pid, car, 14.646058984704917, 3.1550591491364215, -3.5801803550204716, 0.3211691379547119,90.50136193762832, 45.76356753298549
000347.pid, car, 14.64061916896275, 2.201901727063321, -3.587490715299334, 0.43597549200057983,90.53827104788775, 45.513767968291724
000348.pid, car, 14.99645021010418, 1.0904117080630158, -3.5955647205819887, 0.49526479840278625,93.07453637635341, 48.09687547248248
000349.pid, car, 14.977586559627365, -0.0162955990830437, -3.648069018902986, 0.5976284146308899,97.57034729516151, 52.73031550621567
000350.pid, car, 15.231471526913527, -1.0431583534653535, -3.6485613962499106, 0.5628769397735596,102.96044205465435, 57.85717092228582
000351.pid, car, 15.449018319447836, -2.147337839473033, -3.661452899376551, 0.4775673449039459,102.82597234628251, 57.74855563267535
000352.pid, car, 15.70182357295867, -3.3151954547051408, -3.496001720428467, 0.5265511870384216,97.63434956352896, 54.029655329513304
000353.pid, car, 15.781212661577309, -4.322035633999364, -3.4552330504293027, 0.44979122281074524,96.09127655549786, 52.71313871378371
000354.pid, car, 15.814994714698013, -5.468019456279517, -3.4393185547419955, 0.5082010626792908,92.47912153536603, -41.64601519776711
000356.pid, car, 16.060806585817918, -7.475848353638939, -3.409859837317953, 0.30503684282302856,95.34699200352145, 50.94828949496586
000357.pid, car, 10.545558166503904, -2.784938168525689, -3.1822587966918947, 0.3178198039531708,-164.42240135654725, 19.61212386188639
000358.pid, car, 16.265102435802593, -9.64514011350171, -3.4268533854648986, 0.32866474986076355,92.34748640585231, -42.28899546944996
000359.pid, car, 16.268130536664998, -10.656175328974136, -3.4226416579464027, 0.3578221797943115,95.56703851715376, 50.621719678053026
000360.pid, car, 16.406353061482058, -11.782862356153583, -3.4655328079805536, 0.3994312286376953,97.20337355222544, 52.29814654083355
000362.pid, car, 10.541358375549313, -2.7688030004501285, -3.180082178115845, 0.32295656204223633,-161.33046748484398, 22.8649123561024
000363.pid, car, 10.55977847359397, -2.757367437536061, -3.203419186852195, 0.41567981243133545,-166.0854313319763, 19.72686877068479
000364.pid, car, 10.53784484863281, -2.766119170188895, -3.18065550327301, 0.4238957166671753,-162.05239728281077, 21.299463059264003
000365.pid, car, 16.66519357264042, -16.962274059653282, -3.3633927330374718, 0.37651824951171875,-87.91171631499388, -42.70919839406458
000366.pid, car, 16.23177361488342, -15.864299058914176, -3.5312732458114633, 0.7247267961502075,-0.7699348239898297, -136.12477932478473
000367.pid, person, 16.792864465221918, -18.7744202761306, -3.3018083326595344, 0.6126512885093689,-85.79985632308671, -42.48162181470826
000367.pid, bicycle, 10.570852915445963, -2.8152425289154004, -3.4986559549967446, 0.31987032294273376,-166.57074707683614, -119.90503771424204
000367.pid, car, 15.930710315704346, -17.349152374267568, -3.639462542533875, 0.8884473443031311,24.926841067243487, 160.0763403339142
000368.pid, person, 16.85772794292819, -20.09929017097719, -3.3363552439597344, 0.4541516602039337,-92.26988765192498, 44.37472785157856
000368.pid, car, 16.94307659290455, -18.566029937179, -3.4160115630538375, 0.862748384475708,177.20003283987543, -138.5285275266029
000369.pid, person, 16.815431442813598, -21.254859703174535, -3.3897100807963936, 0.3954044282436371,-91.52381132940577, 45.10660061078733
000369.pid, car, 16.892904788889783, -20.52445147899871, -3.4711087713850306, 0.8042768836021423,-97.68852250846273, -141.4348729054404
000370.pid, person, 16.890220756530763, -22.37124936421712, -3.374323714574178, 0.3076704144477844,-91.03196846146325, 46.21067112963433
000370.pid, car, 16.98282108306885, -22.380258042471745, -3.4314404828207836, 0.7919873595237732,-91.79424834831332, 44.09505893367555
000371.pid, person, 16.970665844119324, -23.254046868304815, -3.3543931343117537, 0.3611135482788086,-91.8890310367164, 46.794565330952146
000371.pid, car, 16.95430347172901, -23.258089643536188, -3.35543591807587, 0.7384294867515564,-92.14036145930507, 45.886069471506566
000372.pid, car, 16.9148733820234, -24.229797363281246, -3.408783980778286, 0.7309290766716003,-93.6073926858345, 44.82672659984269
000373.pid, person, 16.89936868909379, -25.28347305512764, -3.3838828818898805, 0.34563058614730835,-94.93966062497769, 41.61252838688397
000373.pid, car, 16.896660092850805, -25.291504470395367, -3.3848718824520923, 0.7599713802337646,-95.2796220634536, 41.14266298169836
000374.pid, person, 16.872496649483654, -26.387953660198463, -3.447700199679794, 0.3120900094509125,-94.86293186152692, 41.97619289782958
000374.pid, car, 16.92490563809293, -26.382006135959067, -3.4462272333867348, 0.8130718469619751,-94.52511205248797, 43.622724579682234
000375.pid, car, 16.811075078524077, -27.17895842332106, -3.3257652832911564, 0.6516885757446289,-97.55338265792165, -140.70744761695522
000376.pid, car, 16.778066599007808, -28.826172481883653, -3.3858692736336677, 0.7365729212760925,-92.55137771448368, 46.19511895440532
000377.pid, car, 16.633376385792193, -30.657257493719992, -3.442935254200396, 0.6639689207077026,92.34695024288446, -43.42444150934438
000378.pid, car, 16.52323946168151, -31.97092613992811, -3.480809930004651, 0.5780696272850037,99.53175709913948, 55.430864702334205
000379.pid, car, 16.504290920414338, -32.519664659892044, -3.474258024398595, 0.7310640811920166,-86.43265207441381, -42.90167167813339
000380.pid, car, 16.418465808946255, -33.301909076924225, -3.4600785897702586, 0.6817438006401062,-88.99019049215399, -45.270344303877074
000381.pid, car, 16.141007622083027, -34.48413213094076, -3.2916536529858913, 0.6514613032341003,-91.91258522388814, 43.8726051613251
000382.pid, car, 16.04689967875578, -36.394111633300774, -3.2845562623471634, 0.6595599055290222,100.60971506925249, 56.25717760215531
000383.pid, car, 15.813510234539326, -36.875544914832474, -3.287362117033739, 0.7461947798728943,-84.48189577319373, 51.329177885651184
000384.pid, car, 15.632055366740508, -37.4850720798268, -3.170792081776787, 0.6632240414619446,-81.7361508117233, 53.515603938503034
000385.pid, car, 16.006610304117203, -39.076963603496544, -3.3648846745491032, 0.5457180738449097,-80.45551568227393, 55.23290922207926
000386.pid, car, 17.514209300279617, -41.728309750556946, -3.102552831172943, 0.3789190948009491,-59.37458268460228, 76.04871624324575
000387.pid, person, 17.345843963623043, -41.70912170410156, -3.0775046062469484, 0.3957462012767792,-53.59416083632916, 81.54349430681776
000387.pid, car, 19.028104882491263, -42.38825968692177, -3.220284524716829, 0.5003436803817749,-87.92281796677493, -43.6765093657845
000388.pid, person, 17.681723721822102, -41.27373695373535, -3.222562710444132, 0.33003830909729004,-116.58931887738565, -160.57896579806777
000388.pid, car, 19.010811285539106, -41.51664785905318, -3.159042163328691, 0.5316370725631714,-88.25964503830083, -43.620261010390976
000389.pid, car, 18.98250863990005, -40.53687340872628, -3.19011706722026, 0.4862595796585083,96.39752588322916, 51.482540215944844
000390.pid, car, 19.236763864755634, -40.55532896518708, -3.1683037132024765, 0.4667206406593323,-119.28232146610392, -163.09012708977286
000391.pid, bus, 18.903216098916943, -40.16530517051961, -3.0014130904756744, 0.4596598148345947,-119.65137530552389, -162.35396500566742
000392.pid, car, 19.254996386441317, -37.66518445448442, -3.1520429524508398, 0.3413209021091461,91.45791601523835, -43.81234780295774
000393.pid, car, 19.290753746032713, -36.47321109771728, -3.120804733037949, 0.32569772005081177,96.91747699828147, 52.03617085862544
000394.pid, car, 19.39145278930664, -35.25050364313899, -3.1607659378567257, 0.31356969475746155,-89.80080796995269, -44.9410509536753
000395.pid, car, 19.401148529052733, -34.09907745361328, -3.130052061080933, 0.37104278802871704,-87.23699262241507, 47.47290392010728
000396.pid, car, 19.33060730828179, -33.22541597154405, -3.1697894679175476, 0.3386947214603424,91.28479897590474, -43.84291002953182
000397.pid, car, 14.83331693013509, -52.10799077351887, -3.1732389132181806, 0.3702813386917114,-83.19340169979425, 52.36624387713657
000398.pid, car, 14.699486083984375, -53.00703338623046, -3.1049003791809087, 0.46283671259880066,-73.03355487366115, 62.69424868396946
000399.pid, car, 14.42125529050827, -53.94871830940246, -2.984693840146065, 0.46230876445770264,-75.35486631229281, 59.22177531280185
000400.pid, car, 19.60928926235292, -29.612232766500338, -3.0546529176758557, 0.4981691837310791,92.21724970798262, -43.04319153760259
000401.pid, car, 19.73185716975819, -28.812589732083413, -3.114848543297161, 0.6571683287620544,-83.07682785096718, 51.857609893362756
000402.pid, car, 19.77106507619222, -28.226798931757614, -3.116171012322108, 0.4565645158290863,97.50106156704277, 52.532710980899544
000403.pid, car, 19.664567629496258, -27.59880259831747, -3.031162989139557, 0.5177586674690247,95.04952687537906, 49.75119062244176
000404.pid, car, 19.654452367262408, -26.392724904147062, -2.9897286621007053, 0.505691647529602,-90.80818225839896, 43.77591383375689
000405.pid, person, 13.680967330932614, -60.10286865234374, -2.823249197006226, 0.30496811866760254,-87.5106109286187, 48.03563004929657
000405.pid, car, 19.70778293235629, -26.344702066159712, -2.9383875061483944, 0.4880204498767853,91.74546196866785, -43.481878462856564
000406.pid, truck, 10.398384809494015, -20.956723213195787, -6.4305131435394305, 0.45134562253952026,-102.48600864794355, -66.32734655821099
000406.pid, car, 19.657197380065917, -25.407901611328125, -2.9336924314498902, 0.44479450583457947,85.34666612998717, -139.67891364423068
000407.pid, car, 19.723282795326384, -24.906912672753425, -2.870281588797476, 0.3676755726337433,87.29227544991038, -137.69620121243972
000409.pid, car, 19.645858976576065, -23.02891448692039, -3.041539518921464, 0.5716555714607239,90.76075914800754, -44.30336904976776
000410.pid, car, 19.485733912541317, -22.166160400097183, -2.9890972375869755, 0.4398125410079956,89.77712810926037, 44.821794647497654
000411.pid, car, 19.43084982037544, -21.513322860002514, -3.064028613269329, 0.6102426648139954,92.26251711489579, 47.25048873929403
000412.pid, person, 18.44431348947378, -19.72456609285795, -3.016499849466177, 0.316537082195282,-100.5542887642281, -126.91364515625101
000412.pid, car, 19.325135661709695, -20.660397406547297, -3.022142940951932, 0.5379741787910461,97.72020908496911, 52.86221293329049
000413.pid, car, 19.198834569830645, -20.127986205251588, -3.0299664171118486, 0.5337457656860352,96.50547891611087, 51.447212209541476
000414.pid, car, 18.960491396346182, -19.21713634706893, -3.0803533590064864, 0.6105674505233765,97.06525231727372, 52.46449991122753
000415.pid, person, 18.51130591047571, -18.219482097219913, -3.0564558455284607, 0.348028302192688,83.65909030083014, -140.96423461475794
000415.pid, bus, 18.126587305750167, -17.220558013234818, -3.1619801734175, 0.30869606137275696,116.5898352310445, 71.78192184351946
000415.pid, car, 18.871222813924152, -18.76699705123901, -3.1170324722925824, 0.5330909490585327,94.94843876920727, 50.34484348002256
000416.pid, car, 18.686894768162777, -18.44518090967546, -3.1579939900783076, 0.5295502543449402,99.15069791245199, 54.74238738031828
000417.pid, car, 18.569951607630802, -17.796364105664765, -3.1306743713525624, 0.537143349647522,102.2655597804216, 58.680315217915435
000418.pid, bus, 17.09366123043761, -15.067197249860179, -3.1924441298659967, 0.31330403685569763,117.81829433666107, 72.90867675453285
000418.pid, car, 18.22486698150635, -17.124595985412597, -3.191084370613098, 0.5266109704971313,102.04591046474584, 57.21492349578275
000419.pid, person, 17.894962352255117, -16.47265384508216, -3.264399424843166, 0.32008373737335205,106.47350432154357, 61.49502004865771
000419.pid, bus, 16.89870707933293, -14.662567072136454, -3.25529953490856, 0.3659919202327728,117.66671391630275, 72.66591003437695
000419.pid, car, 17.918214595064203, -16.478366892388525, -3.2643257709259683, 0.6083847284317017,105.66143667290079, 60.66434944493936
000420.pid, bus, 16.183709849481996, -13.113398697065268, -3.227451158606488, 0.38708561658859253,-60.19775776671247, 75.09471010809048
000420.pid, car, 17.605333918616886, -16.005508036840528, -3.2653944265274775, 0.551952600479126,104.54627131460916, 59.76496150511523
000421.pid, car, 17.41761609010918, -15.633048079734623, -3.283888090488523, 0.6136966347694397,114.24416723779919, 69.98472750286061
000422.pid, car, 17.215587368011473, -15.14236337661743, -3.293415050506592, 0.6342788934707642,113.71932359408936, 69.15414791697653
000423.pid, person, 15.960828220143037, -13.73378787321203, -3.2166228154126335, 0.32935813069343567,-100.0988733219549, -146.3448275005642
000423.pid, truck, 14.38392295837402, -12.508423233032214, -3.812520074844361, 0.3997897803783417,85.41542490637873, -138.7981916332733
000423.pid, car, 16.903801004937353, -14.83341466619613, -3.2992556450214794, 0.7631301879882812,121.34981876520614, 77.41814328341052
000424.pid, truck, 14.199569628788872, -12.17465349344106, -3.741435124323919, 0.47854867577552795,-108.554124546624, -152.68618307378327
000424.pid, car, 16.647982901715217, -14.60596662886599, -3.254843615471049, 0.7700830101966858,118.11203408597002, 74.31779256212256
000425.pid, car, 16.512745082378387, -14.295075575510658, -3.4068780243396763, 0.7986328601837158,117.4619207160029, 73.46801545323221
000425.pid, truck, 14.014409337724956, -12.448098727634965, -3.6539123739515036, 0.5233262777328491,-82.9267615164852, 52.51296498699999
000426.pid, person, 10.33847459157308, -3.1634294986724867, -3.605548620223999, 0.3020843267440796,-175.225707850364, -128.19650656383394
000426.pid, truck, 13.614126920700071, -12.5804042816162, -3.455218076705933, 0.47411292791366577,112.94008245344389, 153.50251894139038
000426.pid, car, 16.12001477970796, -14.04898996914134, -3.3343169058070465, 0.8393851518630981,115.48568567955228, 70.33161022419674
000427.pid, truck, 13.913995538439067, -12.571501186915798, -3.212481072970799, 0.3992195129394531,165.7601799170918, 116.39440785974114
000427.pid, car, 15.855318871411407, -13.67984104156494, -3.3084509101780983, 0.7309662103652954,133.0459787665705, 87.66691722266542
000428.pid, truck, 14.031002478166057, -12.437914111397477, -3.071719613942233, 0.3677651882171631,130.63455810429542, -85.75118259593428
000428.pid, car, 15.555129489383182, -13.486087876397207, -3.3752058003399825, 0.8019587993621826,134.78505510135267, 90.79901926972157
000429.pid, truck, 13.757495069503785, -12.184600687026974, -3.1375900983810427, 0.42148810625076294,92.26496965133974, 91.09369691409324
000429.pid, car, 15.193340894338244, -13.142579259099184, -3.437648624987216, 0.7466301918029785,137.0490622038813, 92.51472627292455
000430.pid, person, 13.54907021522522, -12.041655731201171, -3.139377224445343, 0.3363029658794403,-74.93122730387971, 65.56790453287911
000430.pid, truck, 13.76564706166585, -12.085680993398027, -3.067413091659546, 0.3864961266517639,-71.59716197649253, 69.50710943569665
000430.pid, car, 14.83304256551406, -12.771228874430934, -3.415550070650437, 0.42665407061576843,138.08336885405933, 93.43041935582566
000431.pid, person, 9.898517417907712, -4.405830669403066, -3.85631709098816, 0.40132808685302734,-131.45977633904448, -178.53748536916544
000431.pid, car, 14.639690531624687, -12.604925791422524, -3.44557269414266, 0.7031649351119995,135.15591129980817, 89.88351541618192
000432.pid, person, 9.758763313293452, -4.676837563514701, -3.9247228503227243, 0.354247510433197,-132.25608880879085, -179.31689487147185
000432.pid, bicycle, 9.758763313293452, -4.676837563514701, -3.9247228503227243, 0.530051589012146,-132.25608880879085, -179.31689487147185
000432.pid, truck, 13.767085680147494, -12.272180487469926, -3.1629483990552947, 0.4146248996257782,138.26525956771795, 6.732437228670604
000432.pid, car, 14.466292407777575, -12.562219407823347, -3.469336675273048, 0.6332932114601135,158.6650156589527, 111.88285823181481
000433.pid, person, 12.058649301528932, -11.794304609298706, -3.558452755212784, 0.31306833028793335,102.28436798185525, 118.47941837064619
000433.pid, bicycle, 9.541696866353348, -4.950316429138176, -4.018121878306071, 0.3200584053993225,-129.17056012589157, -176.16886023627367
000433.pid, car, 13.986879475911458, -12.238426399230955, -3.226118988460965, 0.5169126987457275,158.717447799571, 113.10368782375568
000434.pid, person, 9.23206043243408, -5.4513290723164785, -4.15958325068156, 0.32432955503463745,52.82712159852162, -174.11905115080071
000434.pid, truck, 13.673777804655186, -12.229519984301396, -3.2005886049831616, 0.3444634675979614,139.16619521051982, 94.52667218673618
000434.pid, car, 13.673777804655186, -12.229519984301396, -3.2005886049831616, 0.42229023575782776,139.16619521051982, 94.52667218673618
000435.pid, person, 9.211820125579832, -5.517827431360871, -4.171609004338583, 0.3099570870399475,-122.28493399516474, -168.9995104816009
000435.pid, truck, 13.720957233792257, -12.22232948030744, -3.2692687795275734, 0.3963695466518402,161.39603959390226, 117.13186390842064
000435.pid, car, 13.861058276632555, -12.179115875907565, -3.331055138422095, 0.5433435440063477,168.31580877396644, 121.41486842843486
000436.pid, truck, 13.706069607204858, -12.15219425625271, -3.351459428999159, 0.38582348823547363,148.20936846048815, 101.38842485757169
000436.pid, car, 13.6682839040403, -12.02570182305795, -3.4555485116110907, 0.4785986840724945,149.42254921306733, 105.85096404097722
000437.pid, person, 11.521988741556804, -11.066205024719238, -3.6258733749389647, 0.3040127754211426,-54.026150143093105, 83.60899964863303
000437.pid, truck, 13.384312397724871, -12.058807424596836, -3.4111601597553975, 0.3662421405315399,156.8774799191329, 108.50655739714033
000437.pid, car, 13.19738096179384, -11.825049862717133, -3.4294510754671963, 0.41134166717529297,163.0285589655238, 118.11609927618558
000438.pid, car, 12.438322934237393, -11.864773837002842, -3.7434885501861572, 0.4627200961112976,122.98258402631912, 77.06064868160968
000438.pid, truck, 13.34319669550115, -12.032004811547017, -3.482219278812409, 0.46718376874923706,154.5160403256919, 106.70259469844588
000439.pid, truck, 13.170226937248591, -11.891140869685579, -3.46898867402758, 0.35992124676704407,154.2560264491278, 107.45952450771546
000439.pid, car, 13.05851481681646, -11.859091381693993, -3.500568096027818, 0.4276500940322876,160.07712237237135, 115.18577538186004
000440.pid, truck, 13.057647851797249, -11.892061526958756, -3.5075900554656982, 0.38583362102508545,169.2685832072125, 121.21976206902963
000440.pid, car, 12.608268408939754, -11.601783916868008, -3.469888045870025, 0.44523119926452637,156.89754639585854, 112.44626417682234
000441.pid, truck, 12.828730294198701, -11.840059222597061, -3.5114830045989067, 0.39386075735092163,159.43799794243085, 112.22825244578047
000441.pid, car, 12.909948348999022, -11.7697169329669, -3.5373686390954093, 0.4440574645996094,164.81995516316135, 117.8062724026592
000442.pid, person, 13.422885438670283, -11.988921206930405, -3.669619912686555, 0.3594284951686859,71.77545912230231, -68.4249678862258
000442.pid, truck, 12.420653164386747, -11.779715359210961, -3.34586375951767, 0.38812392950057983,149.33368053839519, 102.4614740804067
000442.pid, car, 12.685067534446716, -11.522044491767879, -3.640980863571167, 0.44088214635849,151.05623042791566, 106.05565834885385
000443.pid, person, 11.199544143676755, -11.196520900726307, -3.2826453685760506, 0.400936484336853,53.03274982039042, -171.18452225039636
000443.pid, truck, 12.552788663793491, -11.709242467527032, -3.24852305871469, 0.32830125093460083,162.8667449844611, 117.12044036002533
000443.pid, car, 12.873448232325112, -11.807857094741447, -3.5912437264512227, 0.5091401934623718,164.1939386488518, 115.696733447578
000444.pid, truck, 12.572510108947752, -11.773733787536617, -3.25027756690979, 0.40120095014572144,163.2315601470871, 117.1079775543911
000444.pid, car, 12.852353876287287, -11.72003982283852, -3.5589004267345774, 0.4977600574493408,163.4966673182375, 115.3116143739787
000445.pid, person, 11.28274567921956, -11.042605956395457, -3.0352697571118674, 0.33308422565460205,-104.20109134664023, 30.003329439841476
000445.pid, truck, 12.510485401859988, -11.673121664259165, -3.2965737272191933, 0.3512326776981354,160.96512871252853, 114.88041140996356
000445.pid, car, 12.669063745543012, -11.614424550256059, -3.606667867926664, 0.5982288718223572,154.72721647538535, 109.44571257707491
000446.pid, truck, 12.432406544685364, -11.669638554255163, -3.2733163833618164, 0.36914584040641785,157.85167515750186, 111.37206156333203
000446.pid, car, 12.083101118764567, -11.349911443648796, -3.5440553926652476, 0.6241029500961304,148.3468460850254, 103.5096751607389
000447.pid, person, 11.840858812685369, -11.265916047272858, -3.5589803236502187, 0.5194522738456726,137.85795797324917, 96.32643766396
000447.pid, truck, 12.300999946594237, -11.539853706359859, -3.2391600894927985, 0.3203204870223999,161.57573745414928, 115.53423836749214
000447.pid, car, 12.354003225054058, -11.496617249080106, -3.481736310890743, 0.5352968573570251,165.7922721249016, 118.14376960343293
000448.pid, car, 12.343702121214433, -11.396355195478957, -3.61493243412538, 0.6403853893280029,153.76022154848044, 109.04607072732364
000449.pid, car, 12.171735597693402, -11.367910074151075, -3.631745934486389, 0.8493019342422485,154.4549210760169, 109.65845364162574
000450.pid, person, 12.909984703063964, -11.536057586669921, -3.5221588134765627, 0.34810683131217957,176.3492005758502, -141.4249581509489
000450.pid, car, 12.309772491455076, -11.47000610537645, -3.662534021749729, 0.8712014555931091,158.60681054189192, 113.61520231073413
000451.pid, car, 12.12018690506617, -11.330383499463396, -3.6477824598550797, 0.7892200946807861,152.40083594237169, 107.5895631179858
000452.pid, car, 11.570490379333494, -11.201462516784664, -3.5148106384277344, 0.804835319519043,153.77245839292678, 112.12962842898577
000453.pid, bicycle, 6.89111216862996, -9.681761423746735, -4.052460829416912, 0.3579747974872589,-125.19766187142989, -171.74978835212025
000453.pid, car, 12.069015274877131, -11.323198650194248, -3.6310451704522837, 0.8367331624031067,155.58155634137154, 110.68204872070426
000454.pid, car, 11.75903003280227, -11.199453895156443, -3.61220154891143, 0.7342426776885986,152.723821267289, 107.82949825047929
000455.pid, person, 10.974973042805988, -10.973390942528129, -3.2636747700827464, 0.341746985912323,51.72830304993026, -131.9915308301374
000455.pid, car, 12.0595575372378, -11.258551339308417, -3.6153447031974792, 0.6804311871528625,157.13072689270584, 112.26977583583806
000456.pid, car, 12.128798528151078, -11.323505423285742, -3.6159212914380165, 0.6924586892127991,154.50165097465575, 109.5057219507558
000457.pid, bicycle, 6.512987136840818, -10.427781105041495, -4.227924982706707, 0.44642743468284607,-124.04875362153926, -170.61005043580752
000457.pid, car, 12.114426396109838, -11.317995266480876, -3.595496264371005, 0.6559169888496399,157.43856519043672, 112.42799190165779
000458.pid, car, 12.210647083464123, -11.363568464914955, -3.570323348045349, 0.7933111190795898,157.46441856936278, 112.4367007931064
000459.pid, car, 12.19229338385842, -11.331875150853934, -3.6212282451716336, 0.7131764888763428,155.99845663851502, 111.6308107808552
000460.pid, person, 5.915843112128122, -10.9297182900565, -3.6050752571650913, 0.30889636278152466,31.493442204041816, 38.801644419617276
000460.pid, car, 12.169073591841025, -11.34154382665106, -3.654126968789608, 0.7530972957611084,157.85854724932196, 113.19793232561727
000461.pid, person, 5.926102340221405, -11.161615490913391, -3.646462708711624, 0.3565075993537903,42.688810004616776, 66.22823858260084
000461.pid, car, 11.794980976316664, -11.27339951197306, -3.563309199280209, 0.7963907122612,153.2968338006538, 108.36812282952049
000462.pid, car, 12.0309792137146, -11.27576726913452, -3.633262639045716, 0.7925585508346558,157.32816897264786, 112.33416151272064
000463.pid, car, 12.191938053477891, -11.343284065073185, -3.59654686125842, 0.8188196420669556,154.59203374281665, 109.7939304462992
000464.pid, car, 11.889736334482826, -11.325191656748451, -3.6435708072450432, 0.7885943651199341,156.38288078862087, 112.73372706952952
000465.pid, car, 12.172657234724175, -11.400148458259048, -3.656665097835452, 0.7762706875801086,158.75189765599222, 114.05779069118573
000466.pid, car, 12.200203784676482, -11.397965231607124, -3.6090807914733887, 0.7977632284164429,157.52466745780256, 112.62880249440417
000467.pid, car, 12.023930529753367, -11.256646037101744, -3.630178903539976, 0.7915527820587158,156.2500788967598, 111.3510559735896
000468.pid, car, 11.871489977836609, -11.256098604202267, -3.6045682609081267, 0.7969715595245361,153.53938026801703, 109.04542459868692
000469.pid, car, 12.289781640215617, -11.357382262625341, -3.5965412767922005, 0.7904089093208313,156.02757090979995, 111.23738339845634
000470.pid, car, 11.981109204499617, -11.261505790378731, -3.6143684542697407, 0.8251481056213379,156.0553397746426, 111.05898849329336
000471.pid, car, 12.029568583466286, -11.308959428654157, -3.6301815232565238, 0.7862905263900757,157.36702632121296, 112.56214718955952
000472.pid, car, 12.105777325837506, -11.349370728368342, -3.6804340870484062, 0.7818012237548828,156.7879468005003, 112.20773326919546
000473.pid, person, 4.4699580886147245, -14.226923162286935, -3.549356287175959, 0.30980584025382996,-128.90838600906508, -144.2408240056231
000473.pid, car, 12.134236674838593, -11.335724173651798, -3.620755359861586, 0.7992846965789795,156.31729947682572, 111.33574780140674
000474.pid, person, 12.96877590815226, -11.673533058166502, -3.6248230775197348, 0.5610942244529724,167.24777649466077, -71.11858939417446
000474.pid, car, 11.926064760788625, -11.22367037897524, -3.6489528521247534, 0.809441328048706,155.00977623266024, 110.16162619356973
000475.pid, person, 13.037722679876513, -11.679565768088063, -3.6238397090665755, 0.4553458094596863,166.8382509821209, -75.81816844061295
000475.pid, car, 12.13016442819075, -11.290167244997889, -3.6275687976316973, 0.7950716018676758,154.86617216429843, 109.91184486085112
000476.pid, person, 12.937272389729817, -11.718102195046162, -3.66055357094967, 0.30086570978164673,173.63867359310615, -157.97961250173705
000476.pid, car, 12.248846123858195, -11.408779190807804, -3.6972265127228527, 0.7925970554351807,155.88768840524804, 111.38894558716595
000477.pid, truck, 11.625469843546547, -11.355835066901305, -2.8960785865783696, 0.30676043033599854,-28.372067173288077, 118.89930153229213
000477.pid, car, 11.643309354782103, -11.160546753141611, -3.6451011498769126, 0.7854523658752441,154.2223886736223, 109.8815140847756
000478.pid, car, 12.011307546827528, -11.278439246283634, -3.676684310701159, 0.788313627243042,155.22948145610485, 110.24209383758924
000479.pid, car, 12.02430536435998, -11.293577173481815, -3.642128586769104, 0.7943278551101685,157.79926392228853, 112.8253551274824
000480.pid, truck, 11.699275374412533, -11.49355077743529, -2.8895098567008977, 0.3119479715824127,-160.9892373343039, -114.53743409665395
000480.pid, car, 12.17430704832077, -11.380066712697342, -3.5826344043016434, 0.7900668978691101,157.22660196063993, 112.494937611147
000481.pid, truck, 11.73320972919464, -11.378088951110833, -2.8680330812931065, 0.31027358770370483,96.87668794853101, 52.05253738100901
000481.pid, car, 12.162661967070207, -11.373880116835881, -3.56528623726057, 0.768378734588623,160.3075092205075, 115.44176170715133
000482.pid, person, 3.317522086595235, -13.153183058688517, -3.4275841461984733, 0.3468475341796875,102.29971180284042, 117.08681743474308
000482.pid, car, 12.093750842781954, -11.326548088428583, -3.6389049263887627, 0.7844260931015015,155.90558385178983, 110.90352175850731
000483.pid, car, 11.974053346885823, -11.277422563085015, -3.6581818382695035, 0.8292226791381836,154.3520841596056, 109.36653021865169
000484.pid, car, 12.034211288798936, -11.285038883035831, -3.603507648814809, 0.8503088355064392,155.03735137748947, 110.08300428724829
000485.pid, car, 12.183336967645689, -11.356845744820525, -3.643515237542086, 0.8688432574272156,157.4309257370539, 112.4341228441181
000486.pid, car, 11.963625378078882, -11.229455735948347, -3.6086284743414985, 0.8575307726860046,157.25131149628507, 112.28154020680739
000487.pid, car, 11.651038092535893, -11.186195631284967, -3.640825078294084, 0.8199954628944397,150.86310405352285, 105.92831924904957
000488.pid, person, 2.192659199237826, -6.588632106781006, -3.2381011247634888, 0.31717196106910706,3.359492358796508, 138.99092821261024
000488.pid, car, 12.182909098538483, -11.360459804534909, -3.682953092184934, 0.842918872833252,154.70728196599745, 110.15080848093073
000489.pid, car, 12.261192448933919, -11.35796498192681, -3.603144401974148, 0.8107969164848328,157.31026194457158, 112.44060646431072
000490.pid, car, 12.09652715921402, -11.392401536305742, -3.6739196528991065, 0.8223892450332642,158.11632926053326, 113.545542624106
000491.pid, person, 3.6675782521565727, -15.794168980916336, -3.4439501285552985, 0.3290373384952545,-106.00645808366036, 41.3508132791454
000491.pid, car, 12.135428555806476, -11.363692029317216, -3.6571197350819906, 0.8016526699066162,155.63509072631044, 110.76900297050257
000492.pid, person, 2.434436776421284, -6.630373564633448, -3.2938099124214872, 0.4062422215938568,15.329008144803838, 152.55722172143527
000492.pid, car, 11.888246842793055, -11.240309238433834, -3.554077752998897, 0.840989351272583,155.54177339850943, 110.76699780776579
000493.pid, person, 2.5029132843017536, -6.660112524032584, -3.3178914546966554, 0.6331665515899658,14.7780831888538, -123.71323915658112
000493.pid, car, 12.111276580066214, -11.431519112935877, -3.7232882860230236, 0.8024415969848633,158.75831917966684, 113.899118690026
000494.pid, person, 2.5611369609832737, -6.699678039550777, -3.3447699785232543, 0.6724464893341064,-155.65119776590595, 162.75594406044164
000494.pid, car, 11.567676385243733, -11.263066848119097, -3.662222809261746, 0.8087936639785767,160.50845160938155, 115.80412336463795
000495.pid, person, 2.585343254937063, -6.726356400383837, -3.3604725466834173, 0.5545678734779358,7.315301750348036, 142.66696715850603
000495.pid, car, 11.676053885257604, -11.340976281599561, -3.696584044080792, 0.7960306406021118,158.2334368504787, 113.4780076342743
000496.pid, person, 13.033754151442956, -11.621933443792933, -3.7551956752250932, 0.3414911925792694,-110.78416396833686, -63.34662836649607
000496.pid, car, 11.947439376344072, -11.315469924439771, -3.6505864528899497, 0.8320969939231873,162.23364856414236, 117.25649567624241
000497.pid, person, 3.6664154870169474, -15.79880843843732, -3.4596211910247807, 0.3482050895690918,-107.1294579267985, 42.55794169767443
000497.pid, car, 11.818379260124042, -11.27245160366626, -3.6678670568669096, 0.8250784277915955,158.8498920545584, 113.77625372941225
000498.pid, car, 11.894314837455749, -11.364286923408503, -3.750887322425842, 0.8682979345321655,162.10743134533098, 116.9493069594209
000499.pid, person, 3.6722849515768163, -15.778377899756789, -3.4281285175910368, 0.3478671610355377,-100.36051703735696, 47.529517088292494
000499.pid, car, 11.84144641413833, -11.304283257686727, -3.6469516898646503, 0.8447520732879639,163.66301629982158, 118.6126838860459
000500.pid, person, 3.672663807868953, -15.82784849405288, -3.500741675496102, 0.3650536835193634,-103.98085538199918, 47.17650227250127
000500.pid, car, 11.685155275705698, -11.244775101945203, -3.6784057746062406, 0.728500247001648,164.03141797790622, 119.27161155748504
000501.pid, person, 3.6960369256826526, -15.743364407466, -3.4248478229229273, 0.3555874824523926,-102.89474927884172, 45.05238305632495
000501.pid, car, 11.653760807854786, -11.175587143216811, -3.5604241830962047, 0.5604181289672852,167.48145390788258, 123.32265528854288
000502.pid, person, 12.03870906829834, -11.10704517364502, -3.506869068145752, 0.5798244476318359,-52.649073670730246, -165.20524546161192
000502.pid, car, 11.620465105230156, -11.197611418637358, -3.6487615867094565, 0.7554872035980225,168.55272452800529, 123.39950729170971
000503.pid, car, 11.408580643790108, -11.001332510085325, -3.5562920570373535, 0.8590964078903198,159.16404361335043, 115.48584178872788
000504.pid, person, 11.075197410583499, -10.992451133728027, -3.5043464946746825, 0.30444350838661194,135.7372597119855, 92.23123124950239
000504.pid, car, 10.889837344487505, -11.123745878537491, -3.5147879918416343, 0.8949040770530701,166.89185072904417, 122.28488357484953
000505.pid, person, 4.111253897349042, -7.110405604044597, -3.8300484021504726, 0.34650108218193054,-109.23251541461595, -151.166513270819
000505.pid, car, 10.917532754980998, -11.026334845501438, -3.507294758506444, 0.8175669312477112,164.76090332191154, 120.17954430885807
000506.pid, person, 3.686512818703281, -15.738612028268658, -3.424466664974507, 0.3584666848182678,-103.00029330504908, 44.25116770548436
000506.pid, car, 10.870702266693113, -11.02751978238423, -3.557071447372437, 0.88338303565979,166.88976330014972, 121.80200677577977
000507.pid, person, 3.6856796230588604, -15.771259852818073, -3.4137920652117053, 0.3711308240890503,-101.68414050791168, 45.38649646832223
000507.pid, car, 10.750975171724953, -10.815323392550143, -3.5519651174545293, 0.7613605260848999,-28.3711489748313, 106.41541770602463
000508.pid, person, 3.639056190848348, -15.879629313945763, -3.513287425041199, 0.3495388329029083,-108.18684761650798, -42.49626744903471
000508.pid, car, 10.762024174565854, -10.837083484815507, -3.434283266896787, 0.6491948366165161,159.33289128312657, 116.46136974900419
000509.pid, person, 3.6858741385596128, -15.775342532566608, -3.4141910076141366, 0.3254382908344269,-101.72424712191818, 45.56603570613172
000509.pid, car, 10.553436170924792, -10.811865936626084, -3.514196504246105, 0.6096614599227905,177.38829917099477, 131.9173358790332
000510.pid, person, 3.6744994265692545, -15.795968600681844, -3.4570084469658986, 0.34129154682159424,-104.57098284315427, 45.61393739865906
000510.pid, car, 10.653760844263536, -10.949557534579569, -3.717921331011016, 0.6993989944458008,-169.87105009143914, 146.92132578640172
000511.pid, car, 10.416675295148575, -10.861042386009574, -3.586056641169957, 0.8623946905136108,-162.79757894576593, 154.02562203462045
000512.pid, person, 3.9063464973283857, -6.946017576300579, -3.7180117005887245, 0.39615538716316223,-18.691011246289253, 111.70428377810563
000512.pid, car, 10.08279890763132, -10.958287841395325, -3.5404429561213444, 0.8436899781227112,177.34237323016157, 138.30195492394407
000513.pid, person, 3.955607793547891, -6.930004531686956, -3.7225753394040195, 0.32029038667678833,-17.236017507704844, 113.05481309973763
000513.pid, car, 10.132029804316433, -10.991292693398211, -3.7832255471836436, 0.8473423719406128,-177.83277224292698, -133.49069906863613
000514.pid, person, 3.679589454944314, -15.743152031531691, -3.424679664465098, 0.3179562985897064,-101.89294951636455, 45.004398711554934
000514.pid, car, 9.738996597436756, -10.719417425302352, -3.883901385160593, 0.8496906161308289,174.69236016775758, 129.41498280979803
000515.pid, person, 3.7064128288855898, -15.725941731379576, -3.4179246425628667, 0.348156601190567,-96.30645903824521, 54.69175205094317
000515.pid, car, 9.687183809280393, -10.771291542053218, -3.799632573127747, 0.7353371381759644,-168.62216941688294, 172.9699676278424
000516.pid, person, 3.6718267372676285, -15.799526555197572, -3.459411042077202, 0.3268275260925293,-106.123656025154, 41.99629299443292
000516.pid, car, 9.049303784089929, -10.583416770486265, -3.9744385971742524, 0.7480043172836304,-163.53470818639633, 156.79520966766853
000517.pid, person, 3.6536398092905653, -15.838949775695793, -3.485761467615764, 0.31349611282348633,-105.0294846522346, 45.56981702203651
000517.pid, car, 6.730705462969264, -12.593138621403615, -3.744094481834999, 0.7267886996269226,-132.60494749588673, -177.2356203570819
000518.pid, person, 3.6754376888275115, -15.803436533610018, -3.4425502459208177, 0.34052005410194397,-102.84441761432514, 44.07447772042417
000518.pid, car, 6.85239817202091, -12.595891296863549, -3.717906311154366, 0.78709876537323,-132.88118134460765, -177.86300895326826
000519.pid, person, 3.6644134521484357, -15.84212455749511, -3.4861345926920584, 0.3190529942512512,-106.18071562891248, 43.87532312495183
000519.pid, car, 7.231420108250208, -11.834802355085097, -3.747705348900386, 0.8293493390083313,-131.933867199982, -176.9175279508842
000520.pid, person, 3.691873805863513, -15.73971932274954, -3.411077516419547, 0.34570980072021484,-105.484281723055, 42.041627057417436
000520.pid, car, 7.423666977882385, -11.517141373952226, -3.761860966682434, 0.8960309624671936,-130.79973391988372, -175.28718205119628
000521.pid, person, 3.676846095493859, -15.814549718584326, -3.4599902118955344, 0.30818355083465576,-103.66383187001425, 44.205178572587236
000521.pid, car, 6.786916971206662, -11.9446342641657, -3.8868697881698613, 0.8815488219261169,-127.77713000448539, -172.40727983206182
000522.pid, car, 6.582497182099713, -12.126349158909004, -3.8789280497509506, 0.6656628251075745,-126.54874854840658, -170.9679644971041
000523.pid, car, 6.9196971853574105, -11.491412123044327, -3.821021020412445, 0.7562952637672424,-124.9367202886436, -168.55096140702292
000524.pid, car, 6.664981206258137, -11.374717288547087, -3.869513372580211, 0.8575015068054199,-122.54566351302394, -164.92323321395764
000525.pid, car, 6.254150097186748, -11.693972697624789, -3.9257542903606715, 0.8793420791625977,-120.55834896780698, -82.79860150054009
000526.pid, car, 6.115100681781768, -11.388361556189395, -3.9850039993013655, 0.8272554278373718,-116.99847977742822, -147.9482400285637
000527.pid, car, 5.705322008132932, -11.339287147521965, -3.994109268188477, 0.7974365949630737,-112.9266583494692, -135.3445524155791
000528.pid, car, 5.808262348175045, -10.513124889797625, -4.321959442562528, 0.7706358432769775,-110.99995258046793, -155.63329977787126
000529.pid, car, 5.947321745065539, -7.213524314073411, -3.895624069067148, 0.44647690653800964,78.83047955328978, -90.81523577491735
000530.pid, car, 6.228682398796077, -5.054919637739652, -4.376079420248668, 0.4703242778778076,74.13498102321675, -151.0294684900866
000531.pid, car, 6.3400019298900245, -4.892282530665392, -4.379414124922319, 0.4341563284397125,74.57355020386053, -150.59675658605272
000532.pid, car, 6.16468000411987, -5.383633887767784, -4.311928844451905, 0.403305321931839,75.97685368923236, -149.2571211608189
000533.pid, person, 3.658870569864905, -15.792045656840001, -3.442653354008993, 0.31351378560066223,-105.30000781719498, 42.26353109200886
000533.pid, car, 6.23530554771423, -6.013588085770603, -4.2842233180999765, 0.37949660420417786,77.58609469014226, -146.8297367174387
000534.pid, car, 6.076799262653695, -6.321129836819381, -4.249297402121805, 0.40281084179878235,75.7261364322772, -149.04394589505745
000534.pid, person, 3.663457736372947, -15.824063777923579, -3.4678324908018117, 0.3214893341064453,-104.7029055528707, 45.25443380274895
000535.pid, person, 5.841209808985393, -7.020695765813191, -4.169931133588155, 0.36581698060035706,-2.563279910568818, 155.13482502506503
000535.pid, car, 6.3700123200049745, -5.149182975292202, -4.351220002541175, 0.41717329621315,77.05251116392411, -148.07037480786187
000536.pid, car, 6.149561911821364, -6.568017721176146, -4.3169442266225815, 0.368888795375824,77.07227798297716, -147.66039236291962
000537.pid, car, 6.504648685455321, -4.83890401233326, -4.380647442557595, 0.46659234166145325,77.56468138100178, -147.64755405527393
000538.pid, car, 6.338761292971096, -6.471259552698869, -4.340055704116822, 0.4391404390335083,77.0418185446797, -146.87837354882015
000539.pid, person, 5.947701692581178, -7.071305751800537, -4.295097684860229, 0.3978530764579773,-2.6370506221554613, -140.00783161489485
000539.pid, car, 6.253698018880988, -6.455993716533362, -4.2282475141378555, 0.45486053824424744,78.00965697826146, -147.2095582153309
000540.pid, car, 6.419493317604062, -5.730375076333675, -4.239291489124298, 0.39630258083343506,77.39240160217888, -145.77685904506663
000541.pid, person, 3.6731292860848526, -15.773720400673998, -3.413533466202872, 0.3263496160507202,-100.90596198961913, 46.4470034668701
000541.pid, car, 6.556043704350787, -5.744457532962158, -4.28106411298116, 0.41449758410453796,78.48843087259752, -144.38671785293155
000542.pid, person, 3.648156197865801, -15.834683227539054, -3.486783568064373, 0.30489394068717957,-106.26742190547579, 44.05782852704358
000542.pid, car, 6.5030318406911976, -5.8002424927858165, -4.192350405913134, 0.41213276982307434,79.21083398337981, -140.40036958726185
000543.pid, car, 6.577766051659215, -5.743991200740513, -4.276372065910926, 0.43202945590019226,79.18850504689799, -144.73761977054514
000544.pid, car, 6.6786432266235325, -5.624241441488262, -4.191656390825908, 0.4469592869281769,79.34194372315363, -141.10970787465723
000545.pid, car, 6.7517198835100425, -5.847915253468915, -4.172527892248971, 0.4678744077682495,79.87103937899941, -58.555748302647544
000546.pid, car, 6.85660876546587, -5.210226046187529, -4.304203850882394, 0.4009518027305603,81.91018975286573, -58.106241235578665
000547.pid, car, 6.959613641103104, -5.622149258851998, -4.2527579466501875, 0.4164718985557556,81.78339109607127, -63.13027912822399
000548.pid, car, 7.035119116306304, -5.920671790838236, -4.0603717267513275, 0.40502363443374634,82.86105808164739, -57.727537856495836
000549.pid, car, 6.972974353366424, -5.211499075094851, -4.181681235631308, 0.41883084177970886,81.4494400146933, -64.23444315760767
000550.pid, car, 4.733657386567855, -12.763538830810118, -3.6410692267947726, 0.38972264528274536,72.44363865902287, -148.76174930657913
000551.pid, person, 3.680076071194237, -15.734404495784208, -3.4091702869960243, 0.3295181095600128,-103.25864840967523, 45.25550157176625
000551.pid, car, 6.961329698562619, -5.432774704694741, -4.229126405715943, 0.40114691853523254,82.00556264417078, -72.82094066329996
000552.pid, car, 7.00549621582031, -5.446796548366538, -4.309369802474976, 0.4231581687927246,81.58867892376432, -85.16262866069584
000553.pid, car, 7.077666759490964, -4.801254202019077, -4.221484596079047, 0.43585389852523804,83.3332908531641, -67.30341274758098
000554.pid, person, 3.6808345177594326, -15.8217767827651, -3.4817450747770424, 0.3031211495399475,-102.35736665025843, 48.09880207195453
000554.pid, car, 7.073750149119982, -5.582636919888577, -4.174016020514748, 0.4571729600429535,82.43306962243426, -75.02205332698054
000555.pid, person, 3.649556446075436, -15.847811253865553, -3.4880874951680503, 0.30171453952789307,-106.9204993636584, 42.44370950397233
000555.pid, car, 7.3001778920491525, -4.313168913125989, -4.129587014516194, 0.38475310802459717,84.08119631575848, -138.74028084742696
000556.pid, person, 3.6775793007441897, -15.821345329284664, -3.4608866316931595, 0.30941978096961975,-104.6632236023074, 43.630498082522514
000556.pid, car, 4.537044922510778, -13.333305096626278, -3.6877299149831138, 0.3566485047340393,74.03258627845355, -76.13341524752994
000557.pid, person, 3.6615997155507376, -15.836379432678218, -3.4854310512542734, 0.33108067512512207,-105.14251149940195, 45.45410262094995
000557.pid, car, 4.805576261721155, -12.926796260632964, -3.54299787471169, 0.3542880415916443,68.30911707249182, -127.70179818102118
000558.pid, person, 3.6747851201466117, -15.823446001325328, -3.461062908172608, 0.3252177834510803,-104.66037507479133, 43.07967883767828
000558.pid, car, 7.39296552113124, -4.685167287077219, -4.034329993384226, 0.3895852267742157,85.02860488483043, -137.56872881900216
000559.pid, person, 3.636582344770429, -15.882601678371422, -3.5122210830450062, 0.30772721767425537,-106.7441124242282, 42.456747614782536
000559.pid, car, 7.3725510597229, -5.253014397621149, -3.9132677555084237, 0.39590802788734436,86.8605529152479, -133.12577914713097
000560.pid, person, 3.6899958023658135, -15.783141869765055, -3.4294478893280034, 0.31488853693008423,-102.47823926817648, 45.986303258000625
000561.pid, person, 3.647873759269711, -15.82882291078567, -3.470529183745384, 0.30436182022094727,-107.24729998767351, 41.72904924469273
000563.pid, person, 3.659836769104005, -15.805813789367678, -3.459611211504255, 0.3375198245048523,-105.0889642010866, 43.12874318548001
000563.pid, car, 7.796806971232091, 1.1331277887026563, -4.913956006368003, 0.4508899748325348,-66.37074950945147, -109.10936273367682
000564.pid, person, 3.64358994364738, -15.843245446681973, -3.5060819387435918, 0.30534714460372925,-104.59901272127806, 46.81748582466592
000564.pid, car, 7.702943134307854, -5.301067328453056, -3.820625925064087, 0.35065290331840515,88.63162263325418, -49.2453738637659
000565.pid, person, 3.66240805845994, -15.829172061039845, -3.4805805132939267, 0.3234347701072693,-107.84904669371423, 42.21672256104324
000565.pid, car, 8.084300422668456, -6.686325216293332, -4.014163994789124, 0.4006894826889038,25.7670860303332, 121.77548653044909
000566.pid, person, 3.6565432866414347, -15.837474123636873, -3.4871367295583098, 0.3188557028770447,-106.70169136444342, 40.75084600536426
000566.pid, car, 7.901571273803709, -4.408680957555765, -4.137067604064941, 0.4954071342945099,90.91052029858942, -122.69756689972215
000567.pid, car, 7.968389987945553, -5.03436459435356, -4.034307665295071, 0.49143150448799133,90.80044167345125, -119.11707792486506
000568.pid, car, 7.989252448081967, -4.863771133124821, -3.952259451150895, 0.48190683126449585,90.41955444680418, -118.65243142257691
000569.pid, person, 3.668091995375495, -15.869533947535917, -3.5095894336700444, 0.3117707669734955,-108.76830657258957, -43.356284276155435
000569.pid, car, 7.966842651367184, -4.144680966933559, -3.921805103619894, 0.4301355183124542,91.3230461039746, 45.50247415823665
000570.pid, car, 8.040181557337439, -4.221643318732575, -3.903652548789978, 0.44603681564331055,90.90353043536668, 46.162908649766685
000571.pid, car, 8.04854909578959, -4.144204248984647, -3.8964311679204306, 0.49769532680511475,91.8295579352649, 48.47569506484909
000572.pid, person, 3.708169221878052, -15.660121624286358, -3.427022090324989, 0.3049968481063843,-110.23172615168046, 80.68930324053215
000572.pid, car, 8.102938311440601, -4.503527862685057, -3.811226878847395, 0.4216049611568451,92.06724148933225, 46.27771129894805
000573.pid, car, 8.172192156314846, -4.732480689883227, -4.039796948432923, 0.4498288333415985,93.01691712002321, -89.40751483114423
000574.pid, person, 9.006631851196284, -6.227036635080963, -4.2955408096313485, 0.43319347500801086,-129.33393094237454, -176.24285088049166
000574.pid, car, 8.258023125784735, -4.5163755757468005, -3.936178650174822, 0.40282273292541504,92.51553932057752, -92.43707975509204
000575.pid, car, 8.261201041085377, -4.404888851302006, -3.9292754786355153, 0.3599337041378021,94.07572584074066, -89.07024761122547
000576.pid, car, 4.560635312398272, -12.885399925708766, -3.5534645557403572, 0.34597089886665344,74.18298141128369, -148.01717542020344
000577.pid, person, 3.6638571739196744, -15.79094594319661, -3.441965929667156, 0.34497758746147156,-105.03883921806779, 45.35459817808095
000577.pid, car, 8.330113410949705, -4.0290399591128, -4.070124546686809, 0.3963349759578705,94.81513797080429, 101.27417824680535
000578.pid, person, 3.683841800689693, -15.80028934478759, -3.4940361022949227, 0.34500831365585327,-105.67141665228348, 45.04074988002668
000578.pid, car, 8.079626878102617, -1.5729145805040947, -4.763475259145101, 0.4125993549823761,-85.52325742119359, 49.643359716125
000579.pid, person, 3.688411553700761, -15.817550150553378, -3.4793705145517992, 0.3108614683151245,-103.67977758329808, 47.397776804859994
000579.pid, car, 8.095246950785317, -1.654802501201625, -4.763666311899821, 0.45116671919822693,-85.86561473325425, 49.3627365921988
000580.pid, person, 9.299385309219359, -5.951391577720633, -4.179170966148377, 0.4283854067325592,35.926720881842634, 168.7463801940692
000580.pid, car, 8.06497716903686, -1.5097361803054763, -4.764343261718751, 0.44081223011016846,-85.10860003655603, 50.15525458640007
000581.pid, person, 9.420448303222653, -5.863977750142406, -4.133050600687663, 0.6639622449874878,37.690922919202634, 170.5027106048763
000581.pid, car, 7.982625007629391, -0.825695708394047, -4.805363059043885, 0.40915820002555847,-84.96029240748285, 50.20846255263723
000582.pid, person, 9.477263768513993, -5.815147082010896, -4.110721111297608, 0.6222388744354248,39.324833343526926, 172.1593604056894
000582.pid, car, 8.043065547943112, -0.927855730056752, -4.7917903661727905, 0.3987739086151123,-84.94230568617994, 50.17382355392154
000583.pid, person, 9.555629968643185, -5.754986047744742, -4.080518484115602, 0.7686849236488342,-141.46170784834774, 171.37312348595393
000583.pid, car, 8.998534619808195, -6.0345893204212135, -3.8111037611961365, 0.35452407598495483,35.10559519349242, 38.750992575358794
000584.pid, person, 9.437637964884436, -5.842216968536367, -4.125742117563884, 0.45932844281196594,-143.97720526841002, 168.85246248279014
000584.pid, car, 3.9693255057701675, -14.426141748061543, -3.5187418460845947, 0.3229943811893463,76.72547163761358, -116.14280467588168
000585.pid, person, 9.484709501266476, -5.789191246032705, -4.1062097549438485, 0.4398273527622223,-147.6331067472321, 165.24322626901414
000585.pid, car, 3.7878773013750693, -15.659681399663285, -3.702080547809601, 0.35301488637924194,-106.20323739632721, 89.52797795902273
000586.pid, person, 9.56227922439575, -5.70565950870513, -4.074319243431091, 0.46865102648735046,-132.88508156442379, 179.90807454071935
000586.pid, car, 4.608201408386228, -12.271174514293666, -3.70913052558899, 0.3680063784122467,77.22615999091505, -126.13954411135411
000587.pid, car, 4.077262004216512, -14.241793185472487, -3.586567382017772, 0.34469908475875854,76.69748907193687, -119.11866207174056
000587.pid, person, 9.61324596405029, -5.658926010131828, -4.054025967915854, 0.6449736952781677,-137.08937136904058, 175.77385343591178
000588.pid, person, 3.6977665424346906, -15.771786562601717, -3.4355130036671957, 0.3072490394115448,-102.27299132760285, 48.582511245809776
000588.pid, car, 7.883902708689369, 0.9449912110964505, -4.896899700164795, 0.39457347989082336,113.80369602209387, -109.03055306791806
000589.pid, person, 9.547169113159175, -5.699911975860586, -4.078577470779419, 0.7359894514083862,-147.3994643189755, 165.44186238065825
000589.pid, car, 3.7145131145204795, -15.705555575234545, -3.494918465614319, 0.3609936833381653,-110.61426586416326, 71.14529068301138
000590.pid, person, 9.563562393188473, -5.690065979957571, -4.072456002235413, 0.6806601285934448,35.21556103909598, 168.034877479611
000590.pid, car, 3.8044383790757923, -15.672708723280165, -3.381687005360922, 0.35316580533981323,-58.46927787372636, 42.63309705123367
000591.pid, person, 9.697639465332026, -5.5971868832905995, -4.021496216456096, 0.4965624511241913,-141.9184816794967, 170.8921341297026
000592.pid, person, 9.73606999715169, -5.5343756675720135, -4.00387191772461, 0.37570980191230774,-147.36744646438464, 77.68695980719903
000593.pid, person, 9.659023284912108, -5.5953480005264185, -4.0336989164352435, 0.40437835454940796,36.6249404206216, 169.4545902097761
000594.pid, car, 3.736348819732663, -16.043239402770993, -3.7913824558258056, 0.30443719029426575,-134.2811707947735, 179.6798223944466
000594.pid, person, 9.842493057250971, -5.4313065210978095, -3.9608329137166343, 0.42150983214378357,-144.36549345467043, 168.4818499285191
000595.pid, car, 7.818248748779294, 1.0892532467842149, -4.909588495890301, 0.31226468086242676,-65.98792046576446, 71.23162440719179
000596.pid, person, 9.975968043009436, -5.304978688557934, -3.907117605209352, 0.5072811245918274,-141.43090427118025, -8.489740409801751
000597.pid, person, 9.938976287841793, -5.313029527664176, -3.9197707176208505, 0.5284874439239502,40.292898032086896, 173.12904379603228
000597.pid, car, 9.851102256774901, -5.142606639862056, -3.6396016120910644, 0.302860826253891,37.766842040952284, 122.54650992003765
000598.pid, car, 10.241969426472979, -5.021103223164876, -3.7970818678538003, 0.3172496259212494,-140.19870596464372, 172.58997874854524
000598.pid, person, 10.03132762908935, -5.2067654609680085, -3.880909967422486, 0.36696285009384155,-138.91412748980974, 173.9071453223894
000599.pid, car, 9.81860222135271, -5.192297322409488, -3.4571665014539446, 0.31783464550971985,25.14320654123674, 90.4765782245556
000599.pid, person, 10.140202045440668, -5.1104680697123115, -3.83751936753591, 0.6001731157302856,-135.09173319622803, 177.7468660108579
000603.pid, car, 15.918885707855221, 13.642498731613166, -3.355432689189911, 0.6573811173439026,94.0122733193876, -43.41280121252108
000605.pid, person, 10.216532071431475, -4.9735279083251855, -3.801136573155722, 0.3527177572250366,64.72615047719646, -161.5997911876952
000606.pid, person, 10.176135381062823, -4.9957737127939765, -3.816122333208721, 0.3310489356517792,61.58249613593828, -165.02460933639028
000606.pid, car, 4.051567268371581, -14.547125252087907, -3.7176318327585856, 0.3740519881248474,76.46018782994939, -113.87549273944431
000607.pid, car, 4.218428254127498, -13.612857714295384, -3.6391674280166626, 0.378212034702301,75.9889906025536, -120.27565065863166
000609.pid, person, 10.283528709411616, -4.889499282836904, -3.772387409210206, 0.3378066122531891,-114.33583445125872, -160.90860431718988
000609.pid, car, 10.13362986700875, -4.771287747791831, -3.4491113935198103, 0.3248266875743866,-155.7477267927853, -157.46597080334587
000610.pid, person, 10.306158447265622, -4.880203151702872, -3.764239215850831, 0.33051598072052,50.60250521230242, -176.50437105622376
000610.pid, car, 10.727988560994463, -4.01330236593882, -4.2574384212493905, 0.30462154746055603,-88.08341960526553, 47.07644649344691
000611.pid, person, 10.385488033294674, -4.783088922500601, -3.730151295661927, 0.38591906428337097,52.27245467831877, -174.70608848566042
000611.pid, car, 10.7452065149943, -4.202736695607503, -4.264396349589031, 0.34163811802864075,163.19768144066717, 120.67946862795768
000612.pid, car, 4.492242018381755, -12.846609517931938, -3.7149652242660522, 0.48645588755607605,76.1963983390632, -121.91675646088092
000613.pid, person, 10.431797504425045, -4.72264862060546, -3.7099164128303537, 0.32210248708724976,51.29622238771464, -175.73493585378404
000613.pid, car, 3.8190831116267594, -15.700411796569814, -3.432333741869246, 0.3546798825263977,-62.977123388611076, 49.50651235359712
000614.pid, person, 10.473089059193926, -4.622981786727897, -3.921577612559002, 0.3453546166419983,70.67381649996324, 23.190144530876104
000614.pid, car, 3.826774385240339, -15.582562128702794, -3.4518246650695805, 0.34800252318382263,77.05063261495995, -61.4129966665792
000615.pid, person, 10.501583862304685, -4.566684818267814, -3.9543480396270754, 0.3265557587146759,-104.99811497289825, 25.900336778289436
000615.pid, car, 3.816467809677121, -15.601475811004633, -3.4779117584228523, 0.35131192207336426,93.03376777795037, 117.77124056023541
000616.pid, person, 10.530562639236447, -4.5845580101013095, -3.841265082359315, 0.45343440771102905,103.05547819692949, 42.12327069578139
000617.pid, person, 10.545021438598628, -4.530078220367422, -3.9368966102600105, 0.446387380361557,-149.78452832171854, 11.524720784054312
000617.pid, car, 3.7272985776265446, -15.647338231404618, -3.4421576261520386, 0.31621742248535156,-107.82403771619951, 85.87738893021113
000618.pid, person, 10.556230926513669, -4.513676452636709, -3.931997203826904, 0.47754788398742676,-4.330315386417484, 40.47793567872054
000618.pid, car, 3.700988312562305, -15.722974459330239, -3.3977083365122485, 0.30025795102119446,-102.3093990384124, 42.79112444801064
000619.pid, person, 10.59699440002441, -4.490418148040763, -3.916510486602783, 0.41439205408096313,-0.25850775782614005, 39.84272737229136
000619.pid, car, 10.40790486335754, -4.392553865909573, -3.291219711303711, 0.32352012395858765,-93.8336706986115, -167.41473726805032
000620.pid, person, 10.629712867736814, -4.485617733001699, -3.7652204990386964, 0.5721965432167053,6.458543600413678, -166.71475843820028
000620.pid, car, 10.398201624552408, -4.399511019388835, -3.3352301915486655, 0.3649384379386902,-86.88457133440583, 103.46151550578065
000621.pid, person, 10.653949356079098, -4.437097358703605, -3.7532499790191656, 0.6102277636528015,6.076205259039969, -166.38877993600119
000621.pid, car, 3.880678653717038, -15.729240417480467, -3.473422129948934, 0.3338250517845154,-75.91141344807238, 56.763674629958714
000622.pid, car, 3.773804532157046, -15.63959047529432, -3.376826180352105, 0.3550237715244293,-47.25713152034057, 42.60659791394518
000622.pid, person, 10.85280354817708, -4.142692089080801, -3.8739446004231777, 0.7313857078552246,53.48743497933831, -106.55619008101077
000623.pid, person, 10.776444276173905, -4.204047044118237, -3.9040256738662724, 0.6473045945167542,50.39587646093419, 54.98967614330562
000624.pid, person, 10.809979575020922, -4.156475067138664, -3.9393647738865454, 0.6173062324523926,50.72636977964852, 47.44554233502027
000625.pid, person, 10.780858198801672, -4.139738162358592, -4.1313183307647705, 0.6254998445510864,50.25814324642062, 58.161259616525
000625.pid, car, 10.746811358133952, -3.6945314248402914, -3.6849584579467773, 0.30415579676628113,79.94128733438397, 32.44906657350576
000626.pid, person, 11.049275806971957, -3.8545645645686477, -3.936429909297398, 0.685528039932251,57.44133275443705, -100.03626976045682
000626.pid, car, 10.751806080341339, -3.866800844669342, -3.5822823643684387, 0.36890333890914917,82.28934635229345, 29.180626916270786
000627.pid, person, 11.119498040941025, -3.787790404425719, -3.8742677105797663, 0.6212224364280701,58.69926564069537, -90.57724355774089
000628.pid, person, 11.166048049926754, -3.7249420218997438, -3.8538166681925454, 0.6159361600875854,59.64285544795873, -93.37447071547679
000628.pid, car, 11.183258130000185, -3.5668372924511185, -4.020152660516592, 0.30855482816696167,60.717101717733804, -86.74778720595826
000629.pid, person, 11.210915803909298, -3.649082958698264, -3.8912832438945775, 0.616852879524231,-123.13300015952083, -103.52291546953104
000630.pid, person, 11.162020423195578, -3.7076577923514535, -3.832527550784025, 0.6978809833526611,55.67635104069386, -91.71503303706751
000631.pid, person, 11.190310478210446, -3.6219150781631377, -3.8612302780151366, 0.6058122515678406,61.21210692608729, -69.77015384953815
000632.pid, person, 11.125265598297117, -3.740827480951936, -3.795690655708313, 0.683241605758667,57.771587499605104, 6.823755940975558
000633.pid, person, 11.222257527438076, -3.6534837809475893, -3.729171124371616, 0.7308821082115173,59.941472627485965, -65.333427007072
000634.pid, person, 11.268247222900388, -3.5873839139938264, -3.748256492614747, 0.5706235766410828,62.10815413442393, -58.147602396717375
000634.pid, car, 11.377142333984375, -3.2001295804977348, -3.9987938165664674, 0.33491548895835876,62.07501014565489, -124.66175382502038
000635.pid, person, 11.303359638560899, -3.4895167350768954, -3.8209909309040415, 0.6329240202903748,58.86828963075793, -100.2401797611242
000636.pid, person, 11.324731740084559, -3.433419574390749, -3.8102166652679443, 0.5795891284942627,58.26466132743819, -101.39819289098585
000637.pid, car, 11.358102083206173, -3.1669285893440158, -4.096934348344803, 0.3218734860420227,60.58738520177971, -102.72934862368089
000637.pid, person, 11.387690424919125, -3.3505578041076576, -3.8088245391845703, 0.5584136247634888,56.8712169476495, -112.43966567199281
000638.pid, person, 11.358333178928916, -3.3697069372449517, -3.7951433658599862, 0.6381965279579163,58.00576796734662, -85.71128724689066
000638.pid, car, 3.8143908110531886, -15.670029813593082, -3.631710030815818, 0.3605930507183075,-106.40618922884049, 82.02807246276964
000639.pid, person, 11.363172849019366, -3.363393425941459, -3.7592226266860975, 0.6572424173355103,59.40414368528093, 2.472032772842773
000639.pid, car, 3.7365945302523063, -15.620417008033161, -3.516613776867206, 0.35716113448143005,-114.4137671233806, 108.67966889372127
000640.pid, person, 11.420636749267574, -3.269493865966788, -3.8268696308135985, 0.5897541642189026,57.4082543570046, -94.18370639805946
000641.pid, car, 3.712382469858438, -15.694666590009414, -3.5509129081453596, 0.31511959433555603,-111.63355297068213, 74.76683470289122
000641.pid, person, 11.473050594329832, -3.1990088621775215, -3.70962131023407, 0.6219561696052551,59.738715994068556, -69.74256324626187
000642.pid, person, 11.45899438858032, -3.17836101849873, -3.7127689520517984, 0.5804318189620972,61.577782736684014, -77.70638098480504
000642.pid, car, 3.786132955551144, -15.653631687164301, -3.361485886573792, 0.347023069858551,-47.92104316591021, 47.546517522810625
000643.pid, person, 11.524802049001053, -3.0948176781336376, -3.802001714706421, 0.5924521088600159,53.8011859682786, -107.63523838532439
000643.pid, car, 3.730360984802243, -15.65511952913724, -3.525219587179331, 0.34227731823921204,-107.61385744133383, 83.36699663869184
000644.pid, person, 11.49885887569851, -3.148690753512904, -3.6966894732581244, 0.6358410716056824,55.187228075642494, -63.78529750838371
000644.pid, car, 3.6999828020731584, -15.714228391647334, -3.3890718221664433, 0.3365953862667084,-92.37193251471196, 53.40136169477617
000645.pid, person, 11.521517992019652, -3.133330702781668, -3.573210567235948, 0.6015723943710327,56.9996072950294, -74.41084448274212
000646.pid, person, 11.56727886199951, -3.0723924040794284, -3.6432315707206735, 0.7441858649253845,57.15167176701667, -90.23856153224534
000647.pid, person, 11.595888733863829, -3.0145959556102655, -3.6236848533153543, 0.7042428851127625,56.24118144365634, -106.84788446955272
000648.pid, person, 11.565782451629637, -3.056046795845023, -3.5604928016662605, 0.760187566280365,56.36018440041404, -107.57572672913062
000648.pid, car, 3.9636679490407274, -14.613917263348894, -3.5116421540578213, 0.36688509583473206,76.44275096698914, -120.8657469411585
000649.pid, person, 11.631969094276425, -2.9680727124214084, -3.6315435767173767, 0.5876854658126831,57.10351889352829, -100.28748331166715
000649.pid, car, 4.013687042089607, -14.371441428477944, -3.5567628420316257, 0.35106605291366577,76.25556343948121, -123.2124343574073
000650.pid, person, 11.669756783379448, -2.8738849692874395, -3.6385232872433133, 0.6607057452201843,56.03727049331264, -105.60002191035214
000650.pid, car, 4.0347748903127805, -14.381047267180218, -3.554502688921415, 0.30034616589546204,75.72088881986242, -121.8389894221738
000651.pid, person, 11.611564636230463, -2.9196264266967678, -3.8633113384246833, 0.6983739137649536,55.85504805444543, 57.125045025286425
000651.pid, car, 4.042679309844969, -14.45922961405345, -3.5686062404087617, 0.4194788932800293,76.36108145269463, -121.48963995606042
000652.pid, person, 11.71614861488342, -2.758550256490698, -3.7547228932380676, 0.6491559743881226,51.92369921917544, -119.54088226611981
000652.pid, car, 4.022404542336095, -14.35505396586198, -3.5578439052288355, 0.3946671187877655,76.63614359039806, -120.76987871588237
000653.pid, person, 11.848267555236813, -2.6121993064880282, -3.7738823413848883, 0.6075970530509949,-125.75857445491542, -172.6865976222398
000653.pid, car, 4.016258780161538, -14.546826203664141, -3.676041316986084, 0.3563931882381439,77.24034282270078, -113.03146862503677
000654.pid, person, 11.859807968139645, -2.5811510086059486, -3.767695093154908, 0.6770790219306946,-126.5604294289576, -173.53305763858276
000655.pid, person, 11.8823163986206, -2.5425745964050206, -3.7571739673614504, 0.6081475615501404,-127.24144373439522, -174.25128021941933
000655.pid, car, 3.748515435627526, -15.970145906720834, -3.8876836299896245, 0.3216616213321686,62.025556811351315, -89.1908496214917
000656.pid, person, 11.921319961547848, -2.5013780593871977, -3.7407386779785154, 0.541850745677948,-127.38288662525672, -174.3924494492311
000657.pid, person, 11.858998298645014, -2.5363085667292187, -3.764828681945801, 0.5600946545600891,53.620781761596234, -173.4021669560337
000657.pid, car, 3.6675763130187957, -16.1516843523298, -3.8148390906197682, 0.35269248485565186,-124.19133542068782, -170.15426764347535
000658.pid, person, 11.915588855743406, -2.4949269294738676, -3.7422827879587808, 0.5200889110565186,54.33042612722615, -172.6190316795073
000659.pid, car, 11.597924985383688, -2.56637144088745, -3.5872227643665515, 0.3198983371257782,58.89386386183993, 72.90860417583639
000659.pid, person, 11.852221806844074, -2.5886551539103104, -3.65725596745809, 0.5551483035087585,53.83981756082622, -123.23102698417257
000660.pid, car, 11.574133571825529, -2.550212797365691, -3.662975185795834, 0.36815109848976135,111.33138468372461, 100.4093315535086
000660.pid, person, 11.882270455360409, -2.5293945074081328, -3.631472378969193, 0.71035236120224,54.642268130967686, -126.52764225769741
000661.pid, person, 11.92262894766671, -2.4755401270730064, -3.59868597984314, 0.7812647223472595,58.28075341547483, -143.87310963730985
000661.pid, car, 11.411594867706295, -2.51598531007766, -3.271296977996826, 0.410643607378006,-95.52488491298664, -139.19663402287344
000662.pid, person, 11.866889953613278, -2.607222795486441, -3.5400611758232126, 0.7609473466873169,57.973356014720316, -146.92518272873136
000663.pid, person, 11.764134724934896, -2.705992460250846, -3.511236906051637, 0.7283087968826294,55.476100425894735, 140.99314117352876
000664.pid, person, 11.822014427185056, -2.6481137275695716, -3.6098959445953382, 0.733492910861969,22.911902062253237, -160.10522295444218
000665.pid, car, 7.847805976867672, 0.9748198390007067, -4.907289981842043, 0.4433658719062805,114.23857930879196, 71.43773555724704
000665.pid, person, 11.868258953094475, -2.602311730384818, -3.6642613410949716, 0.6849619746208191,26.567822475486388, -156.20583146150958
000666.pid, person, 11.870909929275507, -2.546287775039664, -3.6598570346832275, 0.7702028155326843,16.912402233237415, -164.15514006986012
000667.pid, person, 11.997021675109862, -2.4253050486246654, -3.7092032432556166, 0.7919442057609558,56.04962513973671, -170.83339928143832
000668.pid, person, 11.972605228424069, -2.3759995698928744, -3.71418958902359, 0.712241530418396,-152.94966184473026, -107.69911315673617
000669.pid, person, 11.99249649047851, -2.372275114059439, -3.707026402155558, 0.7941606640815735,-149.8648089168671, -104.60263269643221
000670.pid, car, 4.239500888188678, -13.459190960725142, -3.6692005157470704, 0.3103823959827423,76.26581371845363, -117.32817000485348
000671.pid, car, 3.966398318608602, -14.568330295880632, -3.553854290644328, 0.32353338599205017,76.19376084047364, -118.4690989916046
000671.pid, person, 12.081481615702307, -2.2779942353566396, -3.669445514678955, 0.5796777009963989,58.05273430066068, -168.6564514972005
000672.pid, person, 12.078324317932124, -2.2325917879740307, -3.6673145294189458, 0.48974597454071045,-144.51083484725714, 167.9183424178839
000672.pid, car, 3.6662726061684734, -16.153552736554822, -3.8152704579489574, 0.31667768955230713,-123.46445701498952, -169.42566123636965
000673.pid, person, 12.100218057632443, -2.20358180999755, -3.5821991562843323, 0.5488784909248352,-143.47179644538087, 140.9467834245755
000674.pid, person, 12.135946035385128, -2.1697735190391447, -3.573906302452088, 0.5430669188499451,-147.14704429794563, 140.82447107611068
000675.pid, person, 12.145243644714352, -2.152459573745719, -3.588338279724121, 0.5079969763755798,31.49103454782184, 39.4356172390432
000676.pid, car, 11.454767412609526, -1.2712027662330208, -3.8768221139907837, 0.3793412446975708,150.05169499715475, 104.98135307437518
000676.pid, person, 12.190641641616818, -2.109322249889365, -3.6195170283317584, 0.658731997013092,35.10135116723441, -100.05785273940084
000677.pid, car, 3.6887645171238805, -15.807586303124062, -3.4757132346813497, 0.3187256157398224,-102.49147973647163, 44.88654659614258
000677.pid, person, 12.164025068283078, -2.1090189218521034, -3.5703163743019113, 0.6765380501747131,13.701120634009706, 92.67560542057157
000678.pid, person, 12.216887474060053, -2.0458139578501298, -3.5372661749521903, 0.7034410834312439,-164.37056681184967, 125.78517742304865
000678.pid, car, 3.7182807922363255, -15.727432544414812, -3.422836395410391, 0.3201335370540619,-99.94324975241537, 46.38961681165641
000679.pid, car, 4.022719536508829, -14.4344419155802, -3.5710393871579855, 0.34761542081832886,77.30492744476871, -120.83263395716754
000680.pid, car, 4.315557809976427, -13.024507440053496, -3.695677317105807, 0.36217689514160156,77.2320042050931, -119.86876359097492
000681.pid, car, 3.6582802534103362, -15.825036287307736, -3.4698900282382965, 0.3331930339336395,-106.94523754689327, 39.70051387808347
000682.pid, car, 3.721124087061199, -15.6703199659075, -3.545373899596078, 0.30036693811416626,-109.25991779082995, 80.43631638198065
000683.pid, car, 3.7373546957969648, -15.697665929794306, -3.388387660185496, 0.3206726312637329,-92.29784920046808, 50.598637526856024
000684.pid, car, 4.013388450329119, -14.40509129487551, -3.6081367455996007, 0.31994864344596863,76.39566101039324, -117.55042254054321
000689.pid, person, 12.401559941908891, -1.0892328321933704, -3.704804953406839, 0.31764110922813416,64.53904792518391, 46.96064444848335
000689.pid, car, 3.715791719300402, -15.64980956486293, -3.501875996589661, 0.3494512140750885,-110.3152664349335, 83.97809932498362
000690.pid, person, 12.336509370803832, -0.844201089441772, -3.667538118362427, 0.3148772716522217,99.72860002898192, -120.45521560794229
000690.pid, car, 3.7855320374170915, -15.90931924184163, -3.8918290138244633, 0.32200202345848083,62.69136101712763, -84.09470337505324
000691.pid, person, 12.398262626246401, -0.8688078005062861, -3.634079807683041, 0.3497224748134613,90.7577758430324, -51.60825865922727
000691.pid, car, 6.495562672615048, 4.061874121427543, -5.159963130950928, 0.4415510594844818,-66.47508581513934, 70.53848011387034
000692.pid, car, 11.89247439889347, -0.6565530563102037, -3.734149385901059, 0.369861900806427,160.44824356934754, 113.5377684543191
000695.pid, person, 12.386325881594704, -0.756228621162114, -3.685435715175811, 0.38885369896888733,-129.91281266520255, -105.37199335335345
000696.pid, person, 12.469053864479063, -0.6571875852532614, -3.691401824355126, 0.43196922540664673,76.79860686692123, 42.58415430510231
000696.pid, car, 3.422593911488853, -16.43288230895996, -3.8894162972768154, 0.35280537605285645,83.26414079457538, -142.00723865271402
000697.pid, person, 12.39550757408142, -0.7107675565406624, -3.7164740204811095, 0.34006035327911377,-132.1076960969184, -109.60942630783377
000698.pid, person, 12.469492435455322, -0.6930908027358992, -3.6369452368129385, 0.49324873089790344,70.93193442063169, -62.04773171354128
000699.pid, person, 12.51251422657686, -0.6249722611049452, -3.612741330090691, 0.394303560256958,82.75911725294696, -148.98213112852756
000700.pid, person, 12.513490059796501, -0.6264572757131854, -3.5858377007877125, 0.4124045670032501,87.73201378400115, 27.80368499835112
000701.pid, person, 12.553196009467628, -0.5230490146204796, -3.61882228009841, 0.35140272974967957,91.2568759590455, -106.95798934091164
000702.pid, person, 12.578142839319565, -0.4142044024432348, -3.585910769069896, 0.33065351843833923,94.57411842650642, 59.46433684555959
000703.pid, person, 12.596892244675578, -0.4307136881877344, -3.6049786174998566, 0.3876548111438751,88.49783837630129, 115.7731078457158
000704.pid, car, 11.969069821493967, -0.2147615573235924, -3.7860435758318225, 0.3775334656238556,167.57694435820326, 120.52543358674862
000705.pid, car, 11.868202182981703, -0.13983922368950433, -3.790198948648241, 0.3205887973308563,170.80978823018748, 123.53987625892368
000706.pid, person, 12.57090353965759, -0.29095607157795733, -3.492472216486931, 0.47954511642456055,87.45786203123575, -44.39827596491472
000706.pid, car, 16.143748855590818, 13.391925239562998, -3.3890183925628663, 0.6001865267753601,-57.70713857789929, 79.52113557918179
000707.pid, person, 12.565374654882092, -0.21100489532245809, -3.515263781828039, 0.32848742604255676,91.1433542565461, -47.300238564058844
000707.pid, car, 3.7948660850524885, -16.062311410903927, -3.781062662601471, 0.33503565192222595,-124.83447374990904, -170.80573971909416
000708.pid, car, 3.801869750022886, -15.650877237319945, -3.398711621761322, 0.3381494879722595,-53.04640950444586, 39.851309616598854
000709.pid, person, 12.606210428125717, -0.13102826476096438, -3.5629727419684913, 0.3673100471496582,81.9980013447364, -133.30338147523398
000709.pid, car, 7.811885833740232, 1.1148378451665337, -4.910016854604087, 0.4273267984390259,-65.75095276517676, 71.48076931652106
000710.pid, person, 12.598730479969696, -0.16869822845738724, -3.556075937607709, 0.5175338387489319,79.00924590025538, 28.695207025543606
000710.pid, car, 12.757825374603271, -0.025200153390557034, -3.8405640920003257, 0.3139561414718628,91.83208554688254, 48.03720495283041
000711.pid, person, 12.543203771114348, -0.08193035144358074, -3.582702606916428, 0.45680540800094604,109.44335952765364, 61.32503817948381
000711.pid, car, 12.695989926656084, 0.007818212111798081, -3.8609552383422856, 0.3216346502304077,73.58875022065102, -152.24108597208777
000712.pid, person, 12.583791452295637, -0.13456401250817696, -3.5426890990313367, 0.3684415817260742,83.433996780156, 110.51205956623477
000712.pid, car, 4.435966764177592, -13.359659467424663, -3.756383282797678, 0.3371811807155609,76.86959137415433, -119.39332513531015
000713.pid, person, 12.620917426215277, -0.07564657181500441, -3.5469791756735907, 0.45705467462539673,86.84910091905769, 115.26548807377748
000713.pid, car, 4.470080341611588, -13.240904314177374, -3.8501175471714575, 0.30510497093200684,77.34556090160119, -108.75941008426959
000714.pid, car, 7.850122928619378, 0.9578525225321499, -4.9076617558797215, 0.4298502206802368,114.56733521971236, 71.77409621452986
000715.pid, person, 12.542350264156564, -0.021869418101706416, -3.5406699461095474, 0.35451740026474,106.5992407453746, 57.13600339419508
000715.pid, car, 3.800518989562987, -15.665949106216425, -3.3993650376796722, 0.3154483139514923,-54.88027322342345, 51.281051863825724
000716.pid, person, 12.609674347771538, -0.04648102778526919, -3.5189312564002146, 0.537460446357727,89.53660528639263, 50.22528180552214
000716.pid, car, 3.751262664794919, -15.651727242903275, -3.465700951489535, 0.4049404263496399,-105.7532252115397, 87.81545124498844
000717.pid, person, 12.631395006179808, -0.04516612626611547, -3.542391300201416, 0.47683873772621155,81.37198514139429, 108.37593678253779
000717.pid, car, 3.674614521173327, -15.788554998544543, -3.4294354182023272, 0.32950568199157715,-99.68604825563924, 47.97956460627371
000718.pid, person, 12.59459581375122, 0.08162762839347551, -3.5504195928573608, 0.5185112953186035,87.33445794478759, -139.3539062579896
000719.pid, person, 12.529062461853027, 0.14004773395136566, -3.5286420464515684, 0.46560966968536377,119.57059177780856, 74.66169816057621
000719.pid, car, 12.573781565616004, 0.1171629763159365, -3.5246127906598543, 0.32020843029022217,103.73282981318599, 58.764890658761594
000720.pid, person, 12.641983481014476, 0.21847680338439926, -3.557070956510656, 0.45868006348609924,92.13815515551617, -104.97721449820288
000721.pid, person, 12.552602350711823, 0.29352432658925576, -3.6009744554758076, 0.502405047416687,97.30075462852483, -40.17491704653616
000722.pid, person, 12.622646379470824, 0.2977407811675278, -3.5517500042915344, 0.5106732249259949,85.7084160318153, 75.60078482335484
000723.pid, person, 12.591198094685872, 0.2832185755173422, -3.509201733271281, 0.5844413042068481,88.87315030227734, 66.35826600429557
000724.pid, person, 12.589002990722657, 0.3355320811271743, -3.4925811926523846, 0.39106082916259766,94.79797236511662, -106.45372101351231
000724.pid, car, 7.814253966013588, 1.0944930513699898, -4.910604635874431, 0.4148975610733032,-66.05604230789899, 71.16554135941014
000725.pid, person, 12.518767237663269, 0.41733963228762594, -3.5263729095458984, 0.4506763219833374,97.01022797103688, 49.92434245038221
000726.pid, person, 12.489609777927397, 0.48365095630288923, -3.5363235771656036, 0.34897029399871826,83.6869892829805, 127.92431935558017
000728.pid, car, 7.713096777598058, 1.3291576306025281, -4.92929474512736, 0.44071415066719055,-66.55325291704278, 70.65733707197582
