000031.pid, bicycle, 22.855064656999378, -25.484304057227245, -2.670742412408193, 0.5374501347541809,56.97715102588759
000032.pid, bicycle, 22.87933206558228, -25.449271996816, -2.711541281806098, 0.4852651059627533,50.03515061784941
000033.pid, bicycle, 22.87750282287598, -25.43863549232483, -2.672204041481018, 0.5310239195823669,45.409403807775554
000033.pid, stop_sign, 37.67161464691162, -43.21110916137695, -2.838623166084289, 0.6363495588302612,79.04903482120038
000034.pid, bicycle, 22.871324662239324, -25.485403491604718, -2.7231285341324343, 0.5338443517684937,50.87220458552859
000034.pid, stop_sign, 36.36887454986572, -35.82486963272094, -2.0717538893222796, 0.43634849786758423,-78.21031290695413
000035.pid, bicycle, 22.847738868311836, -25.47397041320801, -2.663216082673324, 0.5105162858963013,62.665060072839886
000035.pid, stop_sign, 37.38142013549805, -44.099236806233726, -2.9190963904062897, 0.3107803165912628,-107.70314100176762
000036.pid, bicycle, 22.881821775436403, -25.470738935470585, -2.68198077082634, 0.5112069845199585,44.800750069511636
000036.pid, stop_sign, 37.58986473083497, -42.766995429992676, -2.3187766075134273, 0.30212023854255676,-108.98545343869591
000037.pid, bicycle, 22.845859065200347, -25.474556778416492, -2.663722428408536, 0.4619375169277191,49.61503143787073
000038.pid, bicycle, 22.880551562589762, -25.441467790042655, -2.729549576254452, 0.4484248459339142,45.987235149505096
000039.pid, bicycle, 22.876586008071904, -25.468100452423098, -2.6737193763256073, 0.47963911294937134,46.9395464985709
000039.pid, stop_sign, 37.74997787475586, -42.8712646484375, -2.191801285743712, 0.3621007204055786,-104.57562638053088
000040.pid, bicycle, 22.879403734207155, -25.463933324813844, -2.668049466609955, 0.48123833537101746,42.53449510275592
000040.pid, stop_sign, 37.387605667114265, -44.01681709289551, -2.775914192199706, 0.3178136646747589,-105.04360694265205
000041.pid, bicycle, 22.884486320691234, -25.480624321179516, -2.691152493158976, 0.5248377919197083,47.85464703089306
000042.pid, bicycle, 22.86350293840681, -25.478055191040042, -2.6409270354679655, 0.4688737988471985,53.09422080877594
000043.pid, bicycle, 22.877912005862676, -25.475115801836996, -2.664314888619088, 0.4807794988155365,44.88930813728073
000044.pid, bicycle, 22.87473565178949, -25.450069736790017, -2.7017256826967806, 0.532788097858429,50.354193680279096
000045.pid, bicycle, 22.873783707618717, -25.468756258487705, -2.6739216297864914, 0.5049827694892883,42.95626345238604
000046.pid, bicycle, 22.884111110980697, -25.451495292859203, -2.669858149993114, 0.4641965925693512,51.43426275332179
000047.pid, bicycle, 22.86971815894632, -25.474434572107654, -2.6925622084561516, 0.5136175751686096,45.68953490073107
000048.pid, bicycle, 22.873264117118644, -25.45587476094564, -2.6876777624472594, 0.4610115587711334,52.29607095995713
000049.pid, bicycle, 22.886376280533643, -25.45801609440854, -2.672527940649735, 0.46056148409843445,55.29128249607207
000050.pid, bicycle, 22.862156014693415, -25.472970611170723, -2.6913383320758215, 0.44922247529029846,48.090232832932166
000050.pid, stop_sign, 37.95080293927874, -41.623469216482974, -2.0226446901048916, 0.6293953061103821,104.26067773898573
000051.pid, bicycle, 22.871342879075275, -25.470276025625378, -2.6906615831913094, 0.4163963794708252,54.4843069905366
000052.pid, bicycle, 22.87385682136782, -25.462377548217777, -2.6862604925709386, 0.4531479477882385,46.9863869891331
000053.pid, bicycle, 22.88494550264799, -25.448137919108074, -2.684387806134346, 0.4538714289665222,50.020360131371845
000054.pid, bicycle, 22.861181413805166, -25.465579625722526, -2.6484785079956055, 0.472400039434433,44.91204918160727
000054.pid, stop_sign, 37.3880729675293, -44.10410181681316, -2.919546047846474, 0.47947534918785095,-107.03094425548255
000055.pid, bicycle, 22.871023429067513, -25.4412697239926, -2.722491559229399, 0.38346779346466064,54.69345979076943
000055.pid, stop_sign, 36.60506896972656, -37.87060432434082, -2.0306138515472396, 0.4737618863582611,98.4351237447325
000056.pid, bicycle, 22.860990789201526, -25.490705331166588, -2.6824276447296143, 0.4377696216106415,55.8779000300059
000057.pid, bicycle, 22.85960877908243, -25.45062183689427, -2.656945434776513, 0.4488537609577179,76.93224351551164
000058.pid, bicycle, 22.85721598173443, -25.470995551661446, -2.6563033618425065, 0.3986375331878662,65.69853821668528
000059.pid, bicycle, 22.877447695345495, -25.45113125362912, -2.7180397123903846, 0.38377296924591064,49.520024732445215
000060.pid, bicycle, 22.873656453313057, -25.467612343865476, -2.6718039319321916, 0.42324429750442505,50.64394366922549
000060.pid, stop_sign, 37.59185218811036, -42.76130771636963, -2.3186603784561144, 0.6437035202980042,-107.62292102663434
000061.pid, bicycle, 22.86929579038878, -25.472387829342406, -2.643421798139005, 0.45737066864967346,45.40641632540645
000061.pid, stop_sign, 37.35433832804362, -44.07688649495443, -2.917049964269001, 0.5382055044174194,-112.46008930873393
000062.pid, bicycle, 22.878887276900446, -25.459619471901345, -2.686777673269573, 0.4439352750778198,43.90147655031642
000063.pid, bicycle, 22.87352326041774, -25.459932879397748, -2.685449060640837, 0.523291289806366,57.478223370484415
000064.pid, bicycle, 22.868607275826594, -25.47391717093332, -2.659742477961949, 0.5149054527282715,45.6620209928255
000065.pid, bicycle, 22.870693206787113, -25.459871673583987, -2.7079436574663434, 0.48167476058006287,54.668488689735966
000065.pid, stop_sign, 38.0608024597168, -42.90396499633789, -2.167123973369597, 0.45691248774528503,17.629252401537784
000066.pid, bicycle, 22.862939483241036, -25.463989257812504, -2.697964806305735, 0.47801366448402405,42.32538335159404
000066.pid, stop_sign, 37.39233525594076, -44.09350713094076, -2.919251441955564, 0.5003306865692139,-107.25053739468856
000067.pid, bicycle, 22.85649389379165, -25.464957910425525, -2.648240566253662, 0.45461851358413696,48.757469780472206
000067.pid, stop_sign, 37.37914530436198, -43.023783365885414, -2.3206209341684976, 0.599744975566864,-99.4009784205625
000068.pid, bicycle, 22.883067826966986, -25.463136415223822, -2.6859168619722933, 0.4790235161781311,59.632369245249464
000069.pid, bicycle, 22.86501824515207, -25.475721795218334, -2.6733031613486156, 0.49628692865371704,46.25832723560757
000070.pid, bicycle, 22.874267252480113, -25.46303474612353, -2.6852717515898914, 0.4878549873828888,53.16918007271615
000071.pid, bicycle, 22.86505179935032, -25.460356076558433, -2.685609757900238, 0.5145489573478699,70.2112460827534
000072.pid, bicycle, 22.868331460391776, -25.468328027164237, -2.6688638364567474, 0.47863322496414185,46.37942480653268
000073.pid, bicycle, 22.867639594607887, -25.482169575161407, -2.6772477295663624, 0.5296789407730103,48.40780137910566
000073.pid, stop_sign, 37.35574595133465, -44.07731628417969, -2.917514483133951, 0.4993710219860077,-105.92777768269525
000074.pid, bicycle, 22.860687140262492, -25.45511424902714, -2.7086975068757027, 0.49577558040618896,52.64136061220511
000074.pid, stop_sign, 36.90306599934896, -42.52326583862305, -2.292319536209106, 0.47996756434440613,105.42024154865507
000075.pid, bicycle, 22.86960448159112, -25.47728315989177, -2.706558439466688, 0.44143208861351013,46.145442331555984
000076.pid, bicycle, 22.867094400766735, -25.4582529325743, -2.6916595600746773, 0.4964092969894409,54.074230421289855
000076.pid, stop_sign, 37.85121440887452, -43.246822357177734, -2.341290295124052, 0.4323175251483917,46.48169364679621
000077.pid, bicycle, 22.86371241978237, -25.47121287754604, -2.6849887234824044, 0.5192687511444092,45.1876023349816
000077.pid, stop_sign, 37.46225833892823, -43.72660160064697, -2.768947541713712, 0.4874413311481476,-99.62109989733236
000078.pid, bicycle, 22.869693549903666, -25.441868498518662, -2.7391214692914807, 0.500578761100769,51.72142018809392
000079.pid, bicycle, 22.88214213673662, -25.45006175157501, -2.6745374726086126, 0.5165180563926697,43.59507131911168
000080.pid, bicycle, 22.87226740519206, -25.479840778169184, -2.661974674179441, 0.5075200796127319,47.472354501454866
000080.pid, stop_sign, 36.87426757812501, -39.796660900115974, -2.1456201672554, 0.33938074111938477,97.9618602462232
000081.pid, bicycle, 22.872221469879154, -25.462495040893558, -2.6691278994083403, 0.514676570892334,61.68613817435788
000082.pid, bicycle, 22.852164770427507, -25.463821812679896, -2.68462157876868, 0.526509702205658,56.02365603296575
000082.pid, stop_sign, 37.40196100870768, -44.12026596069336, -2.9205233256022134, 0.5322383046150208,-108.48200000211031
000083.pid, bicycle, 22.882608925423973, -25.469353187374956, -2.6649110084626733, 0.49664053320884705,41.77727427176701
000084.pid, bicycle, 22.881921467028167, -25.452540899577897, -2.7077722486696745, 0.5130003094673157,51.44590519882091
000085.pid, bicycle, 22.869122611151806, -25.466231187184654, -2.68643538819419, 0.44196099042892456,75.03776483714476
000086.pid, bicycle, 22.874342393875125, -25.448791456222537, -2.6857097089290622, 0.48138919472694397,49.09390537463413
000086.pid, stop_sign, 37.30986976623535, -44.2462339401245, -2.865663766860961, 0.4911712110042572,-104.6768829788929
000087.pid, bicycle, 22.86471293522762, -25.464670523619045, -2.6616137516804232, 0.4265725910663605,54.04744128353049
000088.pid, bicycle, 22.851379567926585, -25.459702405062593, -2.69847736936627, 0.4160577952861786,71.82188001508429
000089.pid, bicycle, 22.87038521766663, -25.47748684883118, -2.70423104763031, 0.5231950283050537,41.11852474629505
000090.pid, bicycle, 22.882013130187993, -25.44534540176392, -2.6994061887264253, 0.5254494547843933,49.2281515270571
000090.pid, stop_sign, 37.88098907470704, -43.27792739868165, -2.342401623725889, 0.40638819336891174,22.72999322989748
000091.pid, bicycle, 22.871767092973762, -25.481726084000027, -2.68290822322552, 0.5208107233047485,50.572619111452475
000092.pid, bicycle, 22.86772458693561, -25.466260966132673, -2.6786141325445736, 0.5283527970314026,65.08849557598371
000093.pid, bicycle, 22.867329869951522, -25.470018568493078, -2.679115993635995, 0.5302324295043945,44.15529019812834
000094.pid, bicycle, 22.87873106002808, -25.45814065933228, -2.6926621973514555, 0.5191356539726257,46.60949939220072
000094.pid, stop_sign, 37.398214975992836, -44.10246658325195, -2.9197322527567535, 0.5951021909713745,-108.2849614167313
000095.pid, bicycle, 22.869829229406413, -25.472511703903614, -2.6675140020009636, 0.5113412737846375,44.244056025485136
000096.pid, bicycle, 22.862419479771667, -25.45305623506245, -2.6583950582303504, 0.5361220836639404,48.70753310980524
000097.pid, bicycle, 22.861722163664993, -25.472306031447193, -2.67745503401145, 0.5195196270942688,53.894072063060776
000098.pid, bicycle, 22.88326347164992, -25.459405340799478, -2.6700182775171792, 0.5245121717453003,43.62719809577895
000099.pid, bicycle, 22.863498634762237, -25.475545724232994, -2.679278247886234, 0.5197582840919495,47.08573435793729
000099.pid, stop_sign, 36.51305135091147, -38.54786745707194, -2.2267738183339407, 0.4203207194805145,95.90418405951885
000100.pid, bicycle, 22.877192921108673, -25.452580716874866, -2.694499280717638, 0.5371888875961304,50.127126793903386
000101.pid, bicycle, 22.869834899902347, -25.48045677608914, -2.6637842257817588, 0.5190684795379639,45.36199891687447
000101.pid, stop_sign, 37.14508438110352, -43.22191333770752, -2.2378708422183964, 0.40196356177330017,64.77088871669558
000102.pid, bicycle, 22.878082636240368, -25.457855018409525, -2.7108571336076066, 0.5119062662124634,47.76726594561984
000102.pid, stop_sign, 36.85911178588868, -39.786402225494385, -2.14509081840515, 0.5061072111129761,97.90348321798514
000103.pid, bicycle, 22.87564975193569, -25.474532045636863, -2.666689361844744, 0.5224750638008118,43.471412710181035
000104.pid, bicycle, 22.871517532750183, -25.450415611267093, -2.6525755116814063, 0.5203872919082642,47.38647809840471
000105.pid, bicycle, 22.860045483237823, -25.46272172425923, -2.701748722477963, 0.5110198259353638,52.97556934061586
000105.pid, stop_sign, 37.41525395711263, -44.096686045328774, -2.9201045036315905, 0.5285557508468628,-107.84883146463346
000106.pid, bicycle, 22.867485417260067, -25.46964814927843, -2.6837021907170615, 0.5036243796348572,44.59475584597395
000107.pid, bicycle, 22.858775389821908, -25.474579208775573, -2.693194452084993, 0.48344433307647705,60.72705155018126
000108.pid, bicycle, 22.87697252546038, -25.449290193830223, -2.675544875008719, 0.49529504776000977,57.270708174583675
000109.pid, bicycle, 22.869451074039237, -25.47916457232307, -2.721046005978304, 0.39957091212272644,45.02934037271011
000110.pid, bicycle, 22.8656383861195, -25.440037409464523, -2.7126155983317983, 0.36647748947143555,59.210006022693946
000111.pid, bicycle, 22.872648504045276, -25.476918379465744, -2.6816762023501926, 0.39767488837242126,48.77935795284735
000112.pid, bicycle, 22.88840894699097, -25.45762052536011, -2.7061517179012298, 0.47776851058006287,45.7858745562747
000113.pid, bicycle, 22.873129208882652, -25.4489598274231, -2.68434566921658, 0.5046885013580322,50.81863541156307
000114.pid, bicycle, 22.868729750315353, -25.445833577050106, -2.6873624788390265, 0.5209405422210693,67.87924465005578
000115.pid, bicycle, 22.867665263584684, -25.466267994471963, -2.689508444922311, 0.5309610366821289,48.209048549558815
000116.pid, bicycle, 22.86998377619563, -25.459640915329395, -2.6529391262982345, 0.49835309386253357,56.03729260224323
000117.pid, bicycle, 22.86608298165458, -25.454845101492747, -2.6739261627197264, 0.5407141447067261,58.8499006573375
000118.pid, bicycle, 22.877631945487785, -25.46339440957094, -2.6619970126029777, 0.5075408816337585,39.221430007064825
000118.pid, stop_sign, 37.75846633911133, -43.33667984008789, -2.3408962726592994, 0.6434907913208008,26.234710018782724
000119.pid, bicycle, 22.872393776388733, -25.459777663735785, -2.7000653323005226, 0.49609121680259705,62.30912815053519
000120.pid, bicycle, 22.882731889423575, -25.47080913342928, -2.700701644546107, 0.493481308221817,41.83951589936525
000120.pid, stop_sign, 36.605084101359054, -38.570835749308266, -2.1183519562085458, 0.639322817325592,96.58854274334524
000121.pid, bicycle, 22.875130675559824, -25.46510718589606, -2.6648340169773546, 0.519646406173706,50.68474960950281
000121.pid, stop_sign, 37.342880249023445, -42.99005381266277, -2.3185662428537985, 0.6351838111877441,-97.08596941183305
000122.pid, bicycle, 22.859383953942196, -25.49183824327257, -2.6823904845449658, 0.4833022654056549,53.031801060690896
000123.pid, bicycle, 22.87218761444092, -25.44442513409783, -2.713695813627804, 0.5162489414215088,50.338696666721916
000123.pid, stop_sign, 37.707830429077156, -42.64840221405029, -2.4861207008361808, 0.5597406029701233,-106.02024306274402
000124.pid, bicycle, 22.853563828901816, -25.47911141135476, -2.6690938833988076, 0.5021752119064331,51.12820515001767
000125.pid, bicycle, 22.86753071376256, -25.45836230686733, -2.7103367260524207, 0.5029347538948059,55.84152465437454
000125.pid, stop_sign, 37.59413833618164, -43.96496658325196, -2.4893548488616943, 0.535423219203949,99.10946274848104
000126.pid, bicycle, 22.854316711425785, -25.486806815011164, -2.6865430423191614, 0.5065109729766846,55.17389546262623
000127.pid, bicycle, 22.87330007553101, -25.459993124008182, -2.683901333808899, 0.5291453003883362,49.36203262108329
000128.pid, bicycle, 22.879565620422365, -25.457222700119022, -2.693169558048248, 0.5181657075881958,52.60527935747613
000129.pid, bicycle, 22.86273580438951, -25.465973573572498, -2.6635504329905793, 0.5363522171974182,44.7579925992085
000130.pid, bicycle, 22.855406259235586, -25.457359012804535, -2.6961828282004907, 0.501075029373169,54.32021061772703
000131.pid, bicycle, 22.877110750247272, -25.476497405614612, -2.685161835108048, 0.521636426448822,46.6696429556409
000131.pid, stop_sign, 37.29401397705078, -44.25182914733887, -2.8650479912757865, 0.5759122967720032,64.55121104218044
000132.pid, bicycle, 22.86486889765813, -25.463991556412136, -2.675791538678683, 0.5154547095298767,53.641932975982414
000133.pid, bicycle, 22.8704207652324, -25.459259806452575, -2.70735552504256, 0.4840391278266907,50.78151270684645
000134.pid, bicycle, 22.873355815285134, -25.47370519136128, -2.679338549312792, 0.5061631798744202,43.271946739629506
000134.pid, stop_sign, 37.642607879638675, -43.53140716552734, -2.480539703369139, 0.33786773681640625,-114.27407160021926
000135.pid, bicycle, 22.8765353679657, -25.447392225265506, -2.708603549003601, 0.5069448947906494,54.32015684031321
000135.pid, stop_sign, 37.34119160970053, -42.987990061442055, -2.31847310066223, 0.44740504026412964,-97.46160248072772
000136.pid, bicycle, 22.85235132489886, -25.478980745588032, -2.6419996874673024, 0.5017974376678467,47.0124290553266
000137.pid, bicycle, 22.869722039358958, -25.45498907906669, -2.6847414561680387, 0.43853050470352173,56.90351132370389
000137.pid, stop_sign, 37.362881660461426, -43.92147445678711, -2.7725544571876526, 0.32783517241477966,72.94395488366975
000138.pid, bicycle, 22.882158588718728, -25.47775763434333, -2.689559607892423, 0.45688313245773315,46.50080243467864
000139.pid, bicycle, 22.88617088920192, -25.45288984399093, -2.6658217655984977, 0.4856606721878052,57.041207439958065
000140.pid, bicycle, 22.85714443751744, -25.483468082972937, -2.668491813114711, 0.519149124622345,53.02600807896417
000141.pid, bicycle, 22.87590188980103, -25.460828733444217, -2.70171457529068, 0.450123131275177,51.49298088532891
000141.pid, stop_sign, 37.38692951202393, -43.655225753784194, -2.679978430271145, 0.5648772120475769,74.52573751049977
000142.pid, bicycle, 22.854970768519813, -25.4536185673305, -2.702319656099592, 0.4694038927555084,70.58124658562362
000143.pid, bicycle, 22.850247412016902, -25.481795802260894, -2.68462483810656, 0.5001777410507202,53.74485329293349
000144.pid, bicycle, 22.875232596146436, -25.452540498030817, -2.6918236017227177, 0.4580286145210266,48.72868519640367
000144.pid, stop_sign, 36.74327182769777, -39.47489547729492, -2.13498744368553, 0.391155868768692,99.51941973947757
000145.pid, bicycle, 22.86823808824694, -25.454215848768083, -2.6528183898410282, 0.41207122802734375,53.777608912773466
000146.pid, bicycle, 22.85464361942176, -25.484712658506453, -2.694097186579849, 0.4147469997406006,57.59664486441302
000147.pid, bicycle, 22.862530708312992, -25.463795132107208, -2.6653158863385524, 0.43967267870903015,63.89219109788688
000148.pid, bicycle, 22.872019278036586, -25.447403418051234, -2.689597278027921, 0.44295811653137207,49.385446947975744
000149.pid, bicycle, 22.86810880237156, -25.47734143998888, -2.6966661744647555, 0.5261616110801697,48.674515461916464
000150.pid, bicycle, 22.87117413913503, -25.452804958119117, -2.6824719485114605, 0.536981999874115,59.06860862853485
000151.pid, bicycle, 22.860957579179246, -25.46865000869289, -2.681573513782386, 0.5419117212295532,43.56527098787249
000152.pid, bicycle, 22.868568069056465, -25.45971644552131, -2.68423340822521, 0.5253657102584839,61.91716375204249
000153.pid, bicycle, 22.86028774364575, -25.463748880334805, -2.703123691919688, 0.472293883562088,50.37769891402945
000154.pid, bicycle, 22.875102707833957, -25.47306089690238, -2.685079524011323, 0.4662722945213318,45.603657315392255
000155.pid, bicycle, 22.869082350479932, -25.473582066987692, -2.6448074767464087, 0.3979944884777069,46.03480517581556
000156.pid, bicycle, 22.86390240987142, -25.481161435445152, -2.6629734436670938, 0.38405969738960266,42.28738479052745
000157.pid, bicycle, 22.87506685024355, -25.452550748499434, -2.6662692267720294, 0.4481823742389679,50.92373654563355
000158.pid, bicycle, 22.884394052866345, -25.448702631769958, -2.7289536257047913, 0.52325838804245,44.15006234835636
000158.pid, stop_sign, 37.09623050689697, -43.79815292358398, -3.1713187098503113, 0.39057663083076477,116.49298512427883
000159.pid, bicycle, 22.868705098221945, -25.460031416358024, -2.683041665612198, 0.5079231858253479,77.05991236121535
000160.pid, bicycle, 22.868918206956653, -25.47125969992744, -2.643054472075568, 0.48724621534347534,43.45746073678034
000161.pid, bicycle, 22.865777969360355, -25.43885932097564, -2.708258461307835, 0.5101211667060852,47.53985502361361
000162.pid, bicycle, 22.871514442639477, -25.47568154946352, -2.651157642022157, 0.539640486240387,47.63330512968271
000163.pid, bicycle, 22.869428681164255, -25.461215647255507, -2.6643057567317316, 0.5114729404449463,56.227846263083485
000163.pid, stop_sign, 37.1346197128296, -43.77801322937012, -3.002133607864379, 0.3922087252140045,126.15295052634106
000164.pid, bicycle, 22.880332787831627, -25.45763640933567, -2.6800265510876975, 0.5154048204421997,42.6963940952652
000165.pid, bicycle, 22.86756852093865, -25.465504365808826, -2.687204809749828, 0.4768187701702118,44.23892933661388
000166.pid, bicycle, 22.862854060004743, -25.45511284996482, -2.666711442610797, 0.4890679121017456,56.89367254648342
000166.pid, car, 16.62632335316053, -56.6456458351829, -3.211664221503517, 0.3320710062980652,-90.2662839162468
000167.pid, bicycle, 22.859164265223914, -25.476245989118308, -2.645168910707746, 0.39836424589157104,56.008341197899746
000167.pid, car, 16.877656046549497, -55.50432459513347, -3.1826033274332683, 0.46717286109924316,-101.26508717154204
000168.pid, bicycle, 22.86451706519494, -25.46515904940092, -2.677473049897414, 0.452388733625412,55.977827401881264
000168.pid, car, 17.02616583782695, -54.89986817733102, -3.1739861654198687, 0.5202581882476807,-97.18418372512994
000168.pid, stop_sign, 37.550738016764335, -43.30169932047526, -2.559520562489826, 0.6951164603233337,86.17210512667144
000169.pid, bicycle, 22.85922478340768, -25.464394131222292, -2.6494148937431543, 0.39752963185310364,45.12417414791014
000169.pid, motorcycle, 17.047719531589102, -54.372483359442825, -3.152689099311829, 0.3488312363624573,-101.53034219956851
000169.pid, stop_sign, 37.37611516316732, -44.10551325480143, -2.9191584587097155, 0.7110939621925354,-107.69287531720317
000170.pid, bicycle, 22.872262210380743, -25.44574900371273, -2.7160312431614573, 0.4074666202068329,50.72293757476785
000170.pid, car, 17.252734411330465, -53.187394096737826, -3.239488068081083, 0.3436471223831177,-105.10794545139427
000170.pid, stop_sign, 37.392337799072266, -44.098687489827476, -2.9194376468658434, 0.7141753435134888,-107.76693433701615
000171.pid, bicycle, 22.875502787138288, -25.450638319316667, -2.6770111071436027, 0.46937236189842224,51.31789575510965
000171.pid, car, 17.445276011591382, -52.50673393581226, -3.27529792163683, 0.36464861035346985,-102.30534869232352
000172.pid, bicycle, 22.8552975124783, -25.480174064636234, -2.6605757806036205, 0.47563812136650085,57.029028537620555
000172.pid, car, 17.68508616856167, -51.51652668544225, -3.3686822686876567, 0.4319196045398712,-98.77605658029162
000173.pid, bicycle, 22.89034404754639, -25.477706289291383, -2.690962201356888, 0.42670929431915283,46.15541176977183
000173.pid, car, 17.74154896206327, -51.128854822229464, -3.200375035957054, 0.34463179111480713,-91.82162900901005
000174.pid, bicycle, 22.86363723061302, -25.4653816801129, -2.681400046204076, 0.40366461873054504,70.5289842586193
000174.pid, car, 17.842263327704543, -50.2600653966268, -3.284971018632253, 0.4783758223056793,-84.37228916471938
000175.pid, bicycle, 22.878572953053013, -25.471997383313305, -2.6822988620171184, 0.4282889664173126,42.54734492549239
000175.pid, car, 18.00274843782993, -49.681370915593334, -3.2419615629557015, 0.5258033275604248,-85.30467789852628
000176.pid, bicycle, 22.86354642300993, -25.4710632014919, -2.669536352157593, 0.4654828608036041,42.65620609747446
000176.pid, car, 17.988132585798002, -49.287902614048555, -3.208430331093924, 0.48550736904144287,-86.83819195206817
000176.pid, stop_sign, 37.33205795288087, -44.03985722859701, -2.9150645732879625, 0.4122179448604584,-109.42385360001742
000177.pid, car, 18.156878829002384, -48.336003780365, -3.375469709436098, 0.3972212076187134,-86.18474529994185
000177.pid, motorcycle, 22.86086109706334, -25.47215674264091, -2.649363728931972, 0.41161200404167175,71.58385863573953
000178.pid, car, 18.146350669860844, -47.55942115783692, -3.2637567853927614, 0.5376425385475159,-86.08560777416281
000178.pid, motorcycle, 22.858857010350086, -25.459084770896222, -2.6898538416082207, 0.4318511188030243,69.36784101361476
000179.pid, car, 18.253097629547128, -46.79365329742432, -3.2722824096679686, 0.5442206263542175,-90.62825943761587
000179.pid, motorcycle, 22.866765464224468, -25.463580526956704, -2.704247922432132, 0.43487152457237244,41.86340748984251
000180.pid, car, 18.31942142910428, -46.00291095309788, -3.2852415879567465, 0.545742392539978,-89.65666436089381
000180.pid, motorcycle, 22.87601078881158, -25.443817933400474, -2.6785774297184415, 0.45333319902420044,50.70158668516616
000181.pid, bicycle, 22.86344929745323, -25.468969545866315, -2.6738902455882023, 0.41237321496009827,71.4530972509176
000181.pid, car, 18.36970030177724, -45.55971821871671, -3.2874381921508093, 0.5779914855957031,-83.6264341317823
000182.pid, bicycle, 22.887812561459015, -25.458423349592422, -2.675666670004527, 0.4122889041900635,41.46463176201259
000182.pid, car, 18.437168121337898, -44.333217420076075, -3.2510698280836405, 0.4839077591896057,-84.55794072180043
000183.pid, car, 18.458696746826178, -43.53818910386828, -3.313577069176568, 0.42272818088531494,-85.94597736284211
000183.pid, motorcycle, 22.874112467611994, -25.459851664881555, -2.6852721860331874, 0.422739177942276,62.28007819968355
000184.pid, car, 18.506765853526986, -43.04338002759357, -3.1877679214921106, 0.507159948348999,-82.28152439792467
000184.pid, motorcycle, 22.874744002883503, -25.451062692178265, -2.6572300485662512, 0.4287799000740051,47.22386443630615
000185.pid, car, 18.53951765851277, -42.10493673929355, -3.2718998106514534, 0.5230208039283752,-84.68975039690702
000185.pid, motorcycle, 22.8617599074905, -25.467850762444577, -2.669560483984045, 0.3527334928512573,69.1311220452484
000186.pid, car, 18.51446575588651, -41.53149159749349, -3.2921618196699356, 0.5245159864425659,-78.53112882150592
000186.pid, motorcycle, 22.859802832970257, -25.487866817376556, -2.664673530138456, 0.38098517060279846,57.75778574866269
000187.pid, car, 18.601777908649854, -40.67318271068817, -3.2844807492925767, 0.5531260371208191,-79.18943826435199
000187.pid, motorcycle, 22.86837031390216, -25.47814224861764, -2.660715180474359, 0.38633692264556885,48.341975192036
000188.pid, car, 18.749780019124355, -39.71587693956164, -3.328091796239217, 0.48713359236717224,-78.81807718899688
000188.pid, motorcycle, 22.87567520141602, -25.469899850733142, -2.6693027019500732, 0.4625285267829895,50.19151149014209
000189.pid, car, 18.72823496067778, -39.03733971778383, -3.323980042274962, 0.5445652008056641,-83.6302762461404
000189.pid, motorcycle, 22.875142778669087, -25.44498100280762, -2.676059688840594, 0.4873073399066925,51.315353136373204
000190.pid, car, 18.924285697937016, -38.3185213470459, -3.3123445081710816, 0.5452116131782532,-83.37623601411653
000190.pid, motorcycle, 22.858692573778562, -25.479190017237812, -2.680186784628666, 0.4625723958015442,50.79862272251032
000191.pid, car, 18.83113182915582, -37.431779903835725, -3.2674480438232423, 0.5288217663764954,-81.80264100305942
000191.pid, motorcycle, 22.891226649284366, -25.44613838195801, -2.6346139386296277, 0.5041276812553406,36.449028005070055
000192.pid, car, 18.789870201273175, -36.60388816671169, -3.249813957417265, 0.48240554332733154,-79.66744063838695
000192.pid, car, 14.682208180427553, -5.9655734697977705, -3.7819090882937103, 0.3027983605861664,98.39070260318712
000192.pid, motorcycle, 22.86911455790202, -25.49683629549467, -2.670397636217949, 0.5093755125999451,41.20351408031304
000193.pid, car, 18.855833488598208, -35.98648566530463, -3.188367676316646, 0.43474331498146057,-80.28016061033003
000193.pid, motorcycle, 22.896033859252935, -25.45139677865165, -2.6105562141963414, 0.44262343645095825,31.211842206504368
000194.pid, car, 18.79572516796636, -35.25045686609605, -3.204651215497185, 0.4332473576068878,-81.59553417686317
000194.pid, car, 9.61763558020959, 29.15337870671199, -3.8294587868910566, 0.34584370255470276,158.5726045984765
000194.pid, motorcycle, 22.888251622517906, -25.440290768941246, -2.611764371395111, 0.48114195466041565,40.749356711602495
000195.pid, car, 18.98167410053191, -34.32919611696338, -3.25555923336842, 0.4537554681301117,-80.34149870272776
000195.pid, motorcycle, 22.879619020404242, -25.462155891187265, -2.6317112301335195, 0.3734767735004425,28.738754344500734
000196.pid, bicycle, 22.853781382242843, -25.463075926809605, -2.5704833738731616, 0.31989118456840515,97.4214859909907
000197.pid, bicycle, 22.842801157633467, -25.47310002644857, -2.569343336423238, 0.36915579438209534,118.95069557713758
000197.pid, car, 18.92366250894838, -33.032482276528576, -3.135382826045408, 0.37023627758026123,92.31969470438382
000198.pid, bicycle, 22.845169628367707, -25.469071949229523, -2.5501885764739094, 0.3775171637535095,114.50376977996207
000198.pid, car, 19.044718563556675, -31.999906182289127, -3.1289144158363342, 0.4544060230255127,-85.71150466667669
000199.pid, bicycle, 22.8682044179816, -25.50935674968519, -2.550575325363561, 0.4768926203250885,157.14268718630765
000199.pid, car, 19.079227822725894, -31.660986853427577, -3.1277426891639584, 0.372676283121109,86.37967852621675
000200.pid, bicycle, 22.865260893298736, -25.497009769562755, -2.536587622857863, 0.37300992012023926,154.87942533810724
000200.pid, car, 19.010981397808727, -30.629877810208306, -3.068508395608866, 0.4303085207939148,90.64916691490218
000201.pid, bicycle, 22.852731132507323, -25.500916290283207, -2.5319331725438436, 0.5059311389923096,150.21272238171784
000201.pid, car, 19.10517432472923, -29.884462818954933, -3.1770207520687217, 0.4399697780609131,89.30792789055472
000201.pid, car, 14.83041690826416, -2.394763298034668, -3.302788739204406, 0.32744961977005005,-74.85819320532033
000202.pid, bicycle, 22.842905743916834, -25.494302050272626, -2.503390312194824, 0.41549333930015564,144.72803729211586
000203.pid, person, 10.411994116646907, 22.92542920793806, -3.9068924358912867, 0.3306962847709656,118.59930562083179
000203.pid, bicycle, 22.86148868907582, -25.50540652419582, -2.5779114708755957, 0.4550502896308899,154.26189199999848
000204.pid, person, 10.462654908498136, 22.181485176086422, -3.8628576199213653, 0.3867969214916229,128.20271968104143
000204.pid, bicycle, 22.851248538855355, -25.502326791936703, -2.506516203735814, 0.44491755962371826,156.99298901949268
000204.pid, car, 19.029064051310225, -27.627051130930585, -3.1024372418721518, 0.32562074065208435,-74.4542042768744
000205.pid, bicycle, 22.81990274889716, -25.48802388947586, -2.487526918279714, 0.4652441442012787,138.8982384986251
000206.pid, bicycle, 22.80870782412016, -25.486240827120273, -2.487048791005061, 0.5264410972595215,135.58628239673413
000206.pid, cow, 10.477679093678798, 21.623722076416016, -3.7384465932846056, 0.3218495547771454,-57.77940753501631
000207.pid, bicycle, 22.849068241734663, -25.508974752118515, -2.4539014062573834, 0.49347081780433655,-77.54924866571176
000207.pid, car, 19.13386756896973, -25.75940956115723, -3.0127124118804933, 0.3300756812095642,96.72330215357306
000208.pid, bicycle, 22.846368331909183, -25.50058013916016, -2.447556962966919, 0.5065680742263794,-66.76030890615752
000208.pid, car, 19.657096808297297, -25.014744785853797, -2.977840198789324, 0.3316127359867096,-83.55408556579548
000208.pid, train, 10.991165995597843, 20.015360593795776, -3.55379432439804, 0.31331777572631836,136.98761264011046
000209.pid, bicycle, 22.86398162841797, -25.476004346211756, -2.463766932487488, 0.4750005304813385,97.53046511978641
000209.pid, cow, 10.68706671396892, 20.63139915466309, -3.6148497263590484, 0.3572375476360321,-88.59916763626538
000210.pid, bicycle, 22.895721511840826, -25.3829264831543, -2.456123685836792, 0.430508553981781,91.7440343254676
000210.pid, car, 19.166433228386776, -23.6575752540871, -3.009097346553096, 0.35650867223739624,95.42816157656667
000210.pid, cow, 11.086428165435795, 20.256360626220705, -3.5948856592178338, 0.31140846014022827,-33.664045005450845
000211.pid, bicycle, 22.91975639343262, -25.254986038208013, -2.4816205310821533, 0.4128815233707428,112.15853951974512
000211.pid, car, 19.12027704715729, -22.690269629160568, -3.0048277030388513, 0.3349885642528534,97.27836063105643
000212.pid, person, 11.30923029955696, 18.53684144861558, -3.379761289147769, 0.39641058444976807,119.47910981776322
000212.pid, bicycle, 22.991106124151322, -25.108067012968522, -2.4472364130474276, 0.3301153779029846,137.46924604334376
000212.pid, car, 19.15883316040039, -21.889366416931157, -3.019088006019593, 0.38075047731399536,92.87336738797889
000213.pid, person, 11.295074992709694, 17.348913192749023, -3.5056586000654426, 0.36114636063575745,-77.6824235898012
000213.pid, bicycle, 23.104138991411997, -24.941338707419007, -2.5205956346848435, 0.39635151624679565,124.65991576039006
000213.pid, car, 19.029757406197344, -20.930093653061814, -3.038315861832862, 0.5589767694473267,92.71832127359362
000214.pid, car, 19.153394144231626, -20.229889332164422, -3.1125648628581652, 0.5000859498977661,91.92839720063124
000214.pid, car, 11.531784806932725, 15.831612723214286, -3.571867380823407, 0.3257814943790436,97.79676420360919
000215.pid, car, 19.014048099517826, -19.38887936274211, -3.0449292262395224, 0.5090561509132385,91.55700978572372
000215.pid, car, 23.220469951629642, -24.473518848419193, -2.515406703948975, 0.32989445328712463,112.03869032949164
000216.pid, car, 18.58390212059021, -10.024675567944845, -2.9700642128785444, 0.3658011555671692,105.00354398085332
000216.pid, car, 19.053574767767216, -18.454950313942106, -3.0475882735906863, 0.3570832312107086,90.11976140485697
000217.pid, car, 19.227146924552276, -17.731770159834525, -3.096844479189081, 0.42010846734046936,83.3814460159828
000217.pid, car, 20.035078586676182, -13.384051885360327, -2.9343763070228768, 0.3581421375274658,105.77406132090155
000218.pid, car, 19.0469380484687, -16.95479131627966, -3.0752740038765802, 0.618001401424408,85.37935379007595
000218.pid, truck, 23.52071387951191, -23.668331072880676, -2.851922631263733, 0.30556970834732056,103.45416653193811
000218.pid, parking_meter, 17.138943879500683, -6.141663675722868, -3.1465161157690953, 0.4043124318122864,-67.26373746396987
000219.pid, car, 19.09061196271111, -16.27946608674293, -3.116831484962912, 0.44452014565467834,90.32530500837407
000220.pid, car, 18.969957091591578, -15.30717916922136, -3.080885491587899, 0.4333786964416504,86.2379586958552
000220.pid, car, 12.832232263353138, 11.868341286977133, -3.4864619440502587, 0.3366984724998474,118.0588602326625
000221.pid, car, 18.997452701841087, -14.636287008013046, -3.0989532683576857, 0.3811553418636322,88.52941682597698
000221.pid, car, 13.03800349235535, 11.222639942169188, -3.4357540369033805, 0.3046167194843292,102.06207737117465
000222.pid, person, 23.65549935234918, -22.79900699191624, -3.147305515077379, 0.3490058183670044,84.4192885739265
000222.pid, car, 18.87050230238173, -13.754261165195043, -3.1473190413581, 0.4458906054496765,81.88543174049796
000223.pid, car, 18.927230693675856, -12.996633812233256, -3.1725485854678683, 0.46942606568336487,94.46479846789923
000224.pid, person, 23.792277654012054, -22.353591918945323, -3.3612237771352134, 0.35053515434265137,-91.48355482273351
000227.pid, bus, 18.782569113231844, -9.816491297313148, -3.130226651827494, 0.48985177278518677,97.07509044527706
000228.pid, car, 13.39793819189072, 5.4471243992447835, -3.8248023167252536, 0.3332917094230652,78.47823238574983
000228.pid, bus, 18.70305306570871, -8.925455297742573, -3.11020290851593, 0.419263631105423,90.18683157172153
000230.pid, person, 18.28216207595099, -7.53084789003645, -3.067092600322905, 0.32764220237731934,106.86267026210076
000232.pid, car, 18.01547751134756, -5.582952141761781, -3.29766956154181, 0.3115849494934082,-57.90523455184886
000232.pid, bus, 18.37528173128764, -5.822434286276504, -3.0343154072761536, 0.5265082120895386,116.25589520054106
000233.pid, bus, 18.33347568511963, -4.973187375068669, -3.07459044456482, 0.5473065972328186,117.34009284922857
000234.pid, bus, 18.312127385820666, -4.190263577869967, -2.992212227412633, 0.5633545517921448,-29.505248091346267
000238.pid, train, 18.51652054256863, -6.265956963433163, -3.2604085604349766, 0.3113669455051422,-54.82120500317043
000240.pid, car, 18.721364974975586, -5.843048399177994, -3.2031035481429675, 0.3052899241447449,-55.786370175661744
000245.pid, car, 18.471805007369433, -4.4337681576057735, -3.2902493918383557, 0.31013616919517517,-62.50473245708839
000253.pid, car, 18.785106437150823, -1.3614756340204284, -3.221359225206597, 0.3263969123363495,103.62132896284014
000255.pid, car, 15.05970114928026, -7.659989742132337, -3.4368313734348, 0.7502521276473999,-96.82087362369379
000256.pid, car, 15.239760521919498, -8.26939539755545, -3.4147614586737847, 0.8786017894744873,-91.32377695799806
000256.pid, car, 17.93553223329432, 1.417537436765782, -3.370952634250416, 0.31678399443626404,102.43461385880491
000257.pid, car, 15.22052691059728, -8.729121884992049, -3.35898926181178, 0.8882418870925903,-92.37279312342002
000257.pid, car, 17.325952253034043, -1.3527077090355688, -3.3320358799349874, 0.365254670381546,99.08806462007325
000258.pid, car, 15.383616169293724, -9.367741535107298, -3.2849661062161126, 0.8660833835601807,-86.99118509006362
000259.pid, car, 15.282738063646402, -9.57172605265742, -3.363086513851, 0.8880056142807007,-83.76540837165922
000260.pid, car, 15.51007749867994, -10.04577634500903, -3.3955062267392186, 0.8978044390678406,-83.41854036123235
000261.pid, car, 15.580184034399087, -10.319242760941792, -3.3977890981210246, 0.8854567408561707,-81.23471866867183
000262.pid, car, 15.701019100520924, -10.683155557383664, -3.390544621840767, 0.8677416443824768,-79.67041435963523
000263.pid, car, 15.871094148809261, -11.083540968461472, -3.4182261683724144, 0.8953983783721924,97.80457236697393
000264.pid, car, 15.90514000094667, -11.24010432496363, -3.419694559914725, 0.8801066279411316,-68.69434131985287
000265.pid, car, 16.12265356849222, -11.372484543744259, -3.3923743098389867, 0.8848740458488464,-69.66930903105671
000266.pid, car, 16.07477508891713, -11.484371878884058, -3.3617160428654063, 0.9092862010002136,-65.17489305255319
000267.pid, car, 16.190922435124715, -11.6284347375234, -3.414345971743266, 0.8850765824317932,-65.8032069083529
000268.pid, car, 16.21054603503301, -11.770590855525093, -3.4131800899138818, 0.8759515881538391,-62.69202793214192
000269.pid, car, 16.390195461029705, -12.133170411941855, -3.375405342020887, 0.8876685500144958,112.25187122383578
000270.pid, car, 16.494834084664625, -12.19652266656199, -3.3981696636446066, 0.8965619206428528,108.09035336519744
000270.pid, train, 18.229261012787514, -2.671730061794849, -3.3741174403657297, 0.3033387064933777,99.13424301376074
000271.pid, car, 16.486343189522074, -12.28562508689033, -3.440462381751449, 0.8878448009490967,115.91939342273335
000272.pid, car, 16.524666664448194, -12.161996192120494, -3.397926497966685, 0.904118537902832,-53.928773385336164
000272.pid, train, 21.81533059766216, -14.1549678925545, -3.2903991860728103, 0.3488321006298065,-47.55675245551177
000273.pid, car, 16.624211231867474, -12.303103399276734, -3.448120820522308, 0.9118165969848633,112.68275182095458
000274.pid, person, 29.780784034729002, -15.377757263183593, -3.297513318061828, 0.4534205198287964,-69.61589640677843
000274.pid, car, 16.673696458339695, -12.372114380200706, -3.442251111070315, 0.8913600444793701,116.61743845634933
000275.pid, person, 28.622907876968387, -10.652880489826206, -3.2452056407928462, 0.37844160199165344,-104.8444023823806
000275.pid, car, 16.85557505578706, -12.763299161737617, -3.511979428204623, 0.9125264286994934,117.67044288274342
000276.pid, car, 16.805387513679374, -12.613991754096853, -3.433910612474408, 0.9072708487510681,118.75892846901391
000277.pid, person, 28.658341089884445, -10.561136960983276, -3.2523475488026925, 0.3081189692020416,66.11535747405114
000277.pid, car, 16.85627874687537, -12.698789368814499, -3.5235967742862986, 0.9194665551185608,117.30341000965029
000278.pid, car, 16.720394203879618, -12.608656241677027, -3.4092277786948464, 0.913975715637207,116.62468197408388
000279.pid, car, 16.906416956583662, -12.791184600194297, -3.477916789054871, 0.8835803866386414,118.97692233013552
000280.pid, car, 16.825739000357835, -12.779849351621143, -3.4392230837952855, 0.8437001705169678,118.68628810695233
000281.pid, person, 28.62118922962862, -10.643112182617188, -3.236033944522632, 0.3301144540309906,67.75709182446775
000281.pid, car, 16.910467712967485, -12.826386363418017, -3.4476675854788885, 0.8429995775222778,115.7761613602995
000282.pid, car, 17.06900140105701, -12.874702125299175, -3.4647380836674424, 0.8743940591812134,114.35138074852917
000283.pid, car, 16.94053494696524, -12.893090341605394, -3.3726020747540044, 0.8611055612564087,116.06661714722519
000284.pid, car, 17.10753159687437, -12.993104342756602, -3.399168306383593, 0.9280294179916382,114.62826882829482
000285.pid, person, 30.357967376708988, -17.275347518920903, -3.185665273666381, 0.3134547472000122,-69.09046063132988
000285.pid, car, 17.093336125214897, -13.195195714632673, -3.3435937613248825, 0.9253223538398743,116.7118479842734
000286.pid, car, 17.18835118838719, -13.188740662166053, -3.4134586368288313, 0.8957433700561523,118.1932905292791
000287.pid, car, 17.28758051040325, -13.44118844701889, -3.2868308462995164, 0.7874900698661804,113.37843516588052
000288.pid, bicycle, 17.55978490792069, -13.7171340082206, -3.269845625933479, 0.5871715545654297,113.69128645991573
000288.pid, car, 17.545119065504807, -13.676736244788536, -3.2844740931804357, 0.353881299495697,112.43506241397806
000289.pid, person, 28.64947593212128, -10.609284043312073, -3.3148532807826987, 0.32357534766197205,67.38442832995116
000289.pid, car, 17.674128844187813, -13.97237042280344, -3.2642892599105835, 0.7362120747566223,116.69145197866172
000290.pid, car, 17.685225597647737, -14.205655408460043, -3.306704876034759, 0.6281089782714844,119.82641849767496
000291.pid, car, 17.977772310045033, -14.30234381357829, -3.2144462320539686, 0.862199068069458,118.51501937194048
000291.pid, car, 18.382301186615567, -14.566468724664654, -3.3189876979252073, 0.3166169226169586,130.37659184755253
000292.pid, car, 17.900774955749515, -14.077381593209727, -3.159179095868711, 0.8934966921806335,-48.38376756729307
000293.pid, car, 18.209933210302285, -14.419153849283857, -3.1428187202524254, 0.8661234974861145,127.31548842857627
000294.pid, person, 28.6054607629776, -10.675321459770206, -3.2442556172609316, 0.5252135992050171,-101.90554920152402
000294.pid, bicycle, 18.384786333356587, -14.517685831809533, -3.2135773532244625, 0.5808396935462952,-43.43306073808682
000295.pid, person, 28.620394426233627, -10.695427053114948, -3.26317195331349, 0.3089033365249634,-111.41480045933224
000295.pid, car, 18.68334280360829, -14.587471290068196, -3.1519894112240183, 0.8565633893013,-43.19560826638999
000295.pid, car, 17.742762962977093, -14.060129721959433, -3.2029523352781926, 0.40422457456588745,-60.21528882865693
000296.pid, car, 18.83294406179655, -14.739380577863274, -3.120588363227198, 0.8149986863136292,-40.43536146505983
000297.pid, car, 19.18167591094971, -14.96398460865021, -3.154029836257299, 0.8978723883628845,-36.16831644337934
000298.pid, car, 19.49122148189905, -14.988452209616609, -3.0122192355821715, 0.9085996150970459,-33.26065779788017
000299.pid, person, 19.3626050727312, -15.099549071733342, -3.1103193981702937, 0.35937365889549255,-45.08171909864251
000299.pid, car, 19.895107460021975, -15.265631217956546, -3.095164155960083, 0.857932448387146,-27.107280188485845
000300.pid, person, 19.55215608751452, -15.233574815698573, -3.0789081470386397, 0.33444857597351074,-60.96742798606102
000300.pid, car, 20.27621463493065, -15.40703739943328, -3.019481654520388, 0.8576628565788269,-25.865969154572255
000301.pid, person, 19.95272475022536, -15.401563619955992, -3.0947591708256645, 0.3716701865196228,-68.37018700061535
000301.pid, car, 20.647251776929174, -15.464823722839357, -3.0115178621040193, 0.8003604412078857,-28.442850676597537
000302.pid, car, 20.99318835420429, -15.741995325628318, -2.9952425731802887, 0.8818670511245728,-11.74692931958359
000303.pid, car, 21.22882723808289, -15.794062324932645, -3.0191213190555573, 0.8867738246917725,-24.53435316577192
000304.pid, car, 21.622945821510175, -15.801683875749697, -2.952289347378713, 0.8415510654449463,-20.903522749111602
000305.pid, person, 31.13782861497667, -10.978261523776586, -2.9710215462578646, 0.3001326322555542,123.16739746728855
000305.pid, car, 22.177008160090047, -16.19186514514988, -3.088474382788448, 0.8870254158973694,-22.51700839576567
000306.pid, person, 31.128706216812137, -10.986905455589294, -2.901488929986952, 0.4914696216583252,114.29018711820427
000306.pid, car, 22.65211760203044, -16.252770471572877, -3.0063573559125265, 0.8017801642417908,-19.89390553071105
000307.pid, person, 31.08702405293783, -10.999870618184408, -2.9794688224792463, 0.5573892593383789,129.68880884296487
000307.pid, person, 28.62509615281049, -10.565690713770248, -3.172468003104714, 0.3810344338417053,63.32718665912297
000307.pid, car, 22.895915953318283, -16.35581741333008, -3.000662322839101, 0.8651280999183655,-17.921289895984195
000308.pid, person, 31.04980640411377, -11.000533962249758, -2.966605377197264, 0.5439524054527283,115.6668843947774
000308.pid, car, 23.46166680988513, -16.44023083803947, -3.0779378581465338, 0.8454236388206482,-20.663745426147962
000309.pid, person, 30.992253875732423, -10.990078735351563, -2.9728842258453354, 0.43947306275367737,122.62379060395114
000309.pid, car, 23.96490433256505, -16.542672254271427, -2.944700790663897, 0.7839791774749756,-23.74709862950522
000310.pid, bicycle, 24.28346458746463, -16.567473761889403, -3.0193880577476655, 0.7429632544517517,-36.64216612867525
000311.pid, person, 30.873701731363933, -10.978903579711915, -3.000525124867757, 0.3929261267185211,116.68064427168898
000311.pid, car, 24.821465477576627, -16.648055472740765, -2.9201076727647046, 0.8262084722518921,-57.14191409793138
000312.pid, person, 30.817996025085453, -10.968511641025547, -3.006149232387542, 0.31323206424713135,105.54998010044994
000312.pid, car, 25.5598101122626, -16.87333356923071, -3.123560749251267, 0.7752469182014465,-49.21588500299372
000312.pid, car, 26.767526251929148, -16.491815975734166, -3.155133805104664, 0.3483966588973999,73.78704065632982
000313.pid, car, 25.749346711900504, -16.69550100962321, -2.9919574578603108, 0.7132484912872314,-100.1535263929382
000313.pid, car, 26.824329420577648, -17.592693284500477, -3.006954198659852, 0.4411032199859619,-67.52026019930054
000313.pid, car, 27.24001532334548, -17.012758255004886, -2.6131903941814723, 0.39079877734184265,88.1212155489516
000313.pid, car, 30.074318434062757, -10.721742630004886, -3.1918074582752416, 0.31612762808799744,157.74377878305907
000314.pid, person, 29.683423995971683, -16.841536521911625, -3.3509563207626343, 0.8173312544822693,-42.858655014604565
000314.pid, person, 30.6881154867319, -10.975673602177553, -3.0406373097346373, 0.3465200662612915,123.56366087889481
000314.pid, car, 26.591038174099396, -17.023514782940904, -3.1580566123679836, 0.5999764800071716,120.73193945414145
000314.pid, car, 27.6327744508401, -15.811427898896046, -3.1996749608944617, 0.30903124809265137,79.29882950055953
000315.pid, person, 30.14874728520712, -16.899518330891933, -3.360851109027863, 0.8210018873214722,147.41113316178925
000315.pid, person, 30.608604939778647, -11.013194211324056, -3.035480546951293, 0.36690568923950195,120.04297268705643
000315.pid, car, 27.19206186930339, -17.092007700602217, -3.184273600578308, 0.589693546295166,-40.64401751715852
000315.pid, car, 26.698169072469074, -17.267152695428756, -3.073152303695678, 0.31815654039382935,94.33116031966028
000316.pid, person, 30.23203743828668, -16.8550893995497, -3.438016653060913, 0.7932761311531067,-28.094332150370533
000316.pid, bicycle, 27.660630861918136, -17.205257813135784, -3.1173263490200047, 0.4618948996067047,-48.69303766901828
000317.pid, person, 30.02625788175143, -16.673165101271415, -3.396845945945153, 0.7781867980957031,168.24265002833
000317.pid, person, 29.756044493781197, -15.488306999206543, -3.1749188635084358, 0.367403507232666,-70.52462759053398
000317.pid, bicycle, 28.220347917996925, -17.24622176243709, -3.1828084267102756, 0.5288571715354919,-71.12509425736573
000317.pid, car, 28.19648956298828, -17.249160079956056, -3.200995416641234, 0.34456339478492737,-71.15166001475629
000318.pid, person, 29.96736145019532, -16.75783157348633, -3.3785873413085943, 0.7845208644866943,162.4164703763097
000318.pid, person, 30.074374022307218, -16.884644049185297, -3.1271276120786307, 0.35407477617263794,-69.05204894174858
000318.pid, bicycle, 28.5694116751353, -17.430395364761356, -3.1948022743066153, 0.6399304866790771,92.80209712354214
000319.pid, person, 29.788472088900484, -16.64717258106579, -3.363867152820934, 0.7767913341522217,4.476900345423312
000319.pid, person, 31.002895900181365, -13.583394186837337, -3.141637069838386, 0.31293708086013794,-68.96258358259158
000319.pid, bicycle, 29.217828568958105, -17.657931191580637, -3.227041630517869, 0.653285801410675,118.92136892335971
000320.pid, person, 30.03505452473959, -17.10958841111925, -3.476901067627801, 0.7977159023284912,-103.24643269284218
000320.pid, bicycle, 30.603922843933116, -15.373007774353038, -3.432997584342957, 0.6098524332046509,117.7710167076342
000320.pid, car, 29.962312871759593, -17.872896714644003, -2.914679852398959, 0.7964369654655457,-43.95934066584417
000321.pid, person, 30.516089659470783, -17.515346967256992, -3.6318272077120275, 0.7814077734947205,-77.63777616499931
000321.pid, car, 30.31293201446534, -17.914404296875006, -2.9071356534957884, 0.7036169767379761,-33.81146276832382
000322.pid, person, 31.263172912597668, -18.00858802795411, -3.6835193634033203, 0.7669119834899902,118.29703779332574
000322.pid, bicycle, 31.443807056971963, -17.005164282662538, -3.632431847708566, 0.4843980669975281,177.31149035300436
000322.pid, car, 30.575905323028564, -14.828214824199678, -3.0603587403893466, 0.5356059670448303,111.46315027103235
000323.pid, person, 31.458750043596545, -17.294189453125007, -3.351244415555682, 0.5079442858695984,71.88968999525086
000323.pid, car, 30.591230492842826, -14.466023746289707, -3.1172580593510673, 0.3852686285972595,-67.18666146217367
000326.pid, car, 28.80047266106857, -10.784004311812554, -3.3349733729111515, 0.33357834815979004,-29.460070977948142
000329.pid, car, 28.948896217346192, -10.998346853256226, -3.1667807698249812, 0.3630811274051666,132.85021943268737
000330.pid, person, 29.250521154964673, -12.692529510049262, -3.2442256001865157, 0.4783899486064911,-68.96664661827322
000331.pid, person, 28.872255007425945, -11.110574934217668, -3.2537769476572658, 0.5827761292457581,112.09743895147177
000331.pid, car, 36.699188232421875, -18.347223949432372, -3.1321523785591117, 0.4349146783351898,-76.36357888137064
000332.pid, person, 28.774489466349284, -11.021873982747396, -3.1930508136749256, 0.7158483266830444,102.68627858439731
000333.pid, person, 28.742072757921726, -11.122843190243369, -3.1799923620725927, 0.5172252058982849,99.02268059582262
000334.pid, person, 30.205839753150943, -17.092693984508514, -3.1214303076267234, 0.6408684849739075,-68.92204290775322
000335.pid, person, 28.56338030497233, -11.206248346964518, -3.1434621016184483, 0.6248652338981628,82.05308179540795
000336.pid, person, 28.05463918050131, -11.786134401957204, -3.6488058567047124, 0.7482219338417053,160.22634497159908
000336.pid, person, 29.486870765686035, -14.769733011722565, -2.6375897601246825, 0.5295429229736328,-69.09903667292468
000337.pid, person, 28.026694869995122, -11.836218833923349, -3.2210920810699464, 0.7457281351089478,-64.62714686002403
000337.pid, person, 31.16172480583191, -21.029155731201172, -3.0926533937454215, 0.5288780927658081,-68.9025234909569
000338.pid, bicycle, 27.89109883989607, -11.847715105329252, -3.5807245118277407, 0.5818943977355957,-33.82806459510123
000339.pid, person, 27.80526894789476, -11.82967039254996, -3.3255044680375323, 0.6372791528701782,-51.08516850011259
000340.pid, person, 27.696833801269534, -11.816128921508794, -3.2968221505482993, 0.739851713180542,130.4291987291462
000341.pid, person, 27.679318354679992, -11.825195239140442, -3.2984254910395694, 0.6843252778053284,-45.97657047363965
000342.pid, person, 27.555255072457452, -11.787726947239472, -3.339782851082938, 0.7422770261764526,-38.49042376688212
000343.pid, person, 27.44514585796156, -11.746139175013498, -3.16653625588668, 0.7280851006507874,-31.81245855316491
000344.pid, person, 27.343051508853318, -11.632932713157254, -3.2021300416243705, 0.7565793991088867,-33.38103040670011
000344.pid, person, 27.885433777518895, -11.235692355943765, -3.3042786432349156, 0.38447487354278564,43.30945763238904
000345.pid, person, 27.216956547328408, -11.538672129313156, -3.1600120975857697, 0.8051559925079346,-17.674400874393328
000345.pid, person, 29.608299851417545, -17.290064871311188, -3.0430028140544887, 0.4005902111530304,-67.15137161180627
000346.pid, person, 27.016821622848514, -11.441336750984195, -3.1126868277788162, 0.8013696670532227,153.39072879296845
000346.pid, person, 31.209046318417503, -21.94326682317825, -2.892059873966942, 0.5470133423805237,-67.79134203110493
000347.pid, person, 26.921771049499515, -11.312948703765878, -3.160328643662589, 0.8080981969833374,-28.16278683334373
000347.pid, person, 27.964676300684612, -10.918491164843244, -3.2475970586140943, 0.4936515986919403,25.388133671872612
000348.pid, person, 26.86530342102051, -11.28812522888184, -3.1637282530466715, 0.7800202965736389,146.63709625594208
000348.pid, person, 30.70287603490493, -20.059497272267063, -2.6345790028572074, 0.4621002674102783,-68.64035597940031
000349.pid, person, 26.823857879638677, -11.230985021591191, -3.0729995250701903, 0.7967403531074524,135.35769063575796
000349.pid, person, 28.947494125366216, -12.83549264272054, -3.255580663681029, 0.48037388920783997,-68.3989697391834
000350.pid, person, 26.766164207458502, -11.185792160034183, -3.0049360275268553, 0.7960826754570007,142.36181184346503
000350.pid, person, 28.20002913475037, -10.79097867012024, -3.2567730993032447, 0.4122818410396576,-152.17154139663654
000351.pid, person, 26.644172350565597, -11.093910111321346, -3.0761665503184, 0.807600200176239,151.10776082187567
000351.pid, person, 30.476087252298996, -18.72540362675985, -3.14588717619578, 0.5912744402885437,-68.96421586318459
000352.pid, person, 26.63634851243761, -10.96994135114882, -3.202418526013693, 0.7961887717247009,125.43450226188189
000352.pid, person, 31.06550432840983, -20.300194422403973, -2.476583023866016, 0.4812052845954895,-68.40260621754342
000353.pid, person, 26.58430088267607, -10.8313201455509, -3.183689411948709, 0.7990434765815735,126.84030080565317
000353.pid, person, 31.33420193990072, -21.520802879333495, -3.0740271409352617, 0.4345373511314392,-68.26198965584197
000354.pid, person, 26.51050961017609, -10.770260930061342, -3.1792343407869343, 0.7811588048934937,123.37444939497456
000355.pid, person, 26.436681647049756, -10.657609337254577, -3.0463422976042094, 0.781980574131012,122.73897693897165
000356.pid, person, 28.778775475241925, -13.544973893599076, -3.138073401017621, 0.3416125178337097,-69.57267551645188
000356.pid, bicycle, 26.38532490200467, -10.559966458214658, -3.049816846847534, 0.7933492660522461,-14.231067420734057
000357.pid, person, 26.335922908782965, -10.458027696609498, -3.11591933965683, 0.7836036086082458,83.28090189603682
000357.pid, person, 27.13386567433675, -13.17075125376384, -3.1436039507389055, 0.41206300258636475,-67.21480047681777
000357.pid, person, 29.922089440482004, -15.208102362496513, -3.202898332050867, 0.344587117433548,-68.84294420455697
000358.pid, person, 26.27681303024292, -10.3627375125885, -3.0995962977409355, 0.5536854267120361,15.56245667825895
000358.pid, person, 28.650072537935696, -10.59649159358098, -3.184098262053269, 0.3043566644191742,66.29343976811094
000358.pid, bicycle, 26.276813030242927, -10.362737512588506, -3.099596297740937, 0.775189220905304,15.5624566782532
000359.pid, person, 26.22629837762742, -10.28912117367699, -3.07866731144133, 0.43792688846588135,1.19568143570143
000359.pid, bicycle, 26.226298377627423, -10.289121173676993, -3.0786673114413308, 0.7502878904342651,1.1956814356991403
000360.pid, person, 26.155947327613834, -10.214230418205267, -2.7631046026945114, 0.7529221177101135,135.74382073908302
000361.pid, person, 26.124283790588382, -10.110494017601017, -2.776499032974243, 0.7009900808334351,131.69225642181735
000361.pid, stop_sign, 30.786499500274658, -18.715765237808228, -3.028268873691558, 0.32284796237945557,-68.97099109086233
000362.pid, person, 26.067536522360413, -10.104640119216025, -2.7914803308599136, 0.6691941022872925,136.2474752827907
000363.pid, person, 25.98292096455892, -10.033292706807458, -2.79700182278951, 0.6667107343673706,129.6017195945632
000363.pid, person, 29.487959428267047, -13.314602678472346, -3.21632543477145, 0.3680189549922943,-68.34664880080169
000364.pid, person, 25.937412738800052, -9.973969062169397, -2.8365368843078618, 0.7014014720916748,131.11899250642665
000365.pid, person, 25.88161067962647, -9.917657566070563, -2.866563630104065, 0.7493273615837097,124.04473548530846
000365.pid, person, 29.52787666320801, -13.640952491760254, -3.1403332948684675, 0.3170662522315979,-68.32799084712693
000366.pid, person, 25.85920953750611, -9.97066235542298, -2.8308531641960144, 0.7237838506698608,133.16745462007734
000366.pid, person, 29.352461338043213, -13.110652446746826, -3.2745657364527374, 0.49287161231040955,-68.70576151638937
000367.pid, person, 25.946711858113616, -9.833939234415697, -3.066542387008667, 0.738727867603302,68.18929147594794
000368.pid, person, 25.860353469848643, -9.791921297709154, -3.1092909177144374, 0.7473284006118774,67.98828194834016
000368.pid, person, 28.630035693828876, -10.644683177654562, -3.1821672182816716, 0.5405356884002686,67.45599847234577
000369.pid, person, 31.128997121538436, -20.136900697435653, -3.084292922701153, 0.3373216390609741,-69.12012294983197
000371.pid, person, 25.299272938778525, -9.49653946725946, -3.1130954340884553, 0.3009176254272461,137.61612509391674
000372.pid, person, 31.35764356759878, -20.758802413940433, -3.0060651669135448, 0.36320701241493225,-68.89874758532366
000373.pid, person, 29.188649559020995, -12.526504039764403, -2.9332434773445124, 0.5499981641769409,-70.03155781625469
000374.pid, person, 28.69853226343791, -10.559894323349, -3.112840950489043, 0.5409675240516663,66.5285478380248
000374.pid, bicycle, 24.668491151597767, -9.303416781955303, -3.0259945657518177, 0.47599589824676514,86.5143658634645
000375.pid, person, 29.45785694122315, -13.718218040466315, -3.0002616167068465, 0.5913591384887695,-70.71860583595617
000375.pid, bicycle, 24.60556382399339, -9.19251500643217, -3.1154994047605076, 0.4713267385959625,115.68611297292234
000376.pid, person, 29.541143417358406, -14.13705878787571, -3.024113522635565, 0.5166515707969666,-70.81762247044642
000376.pid, bicycle, 24.54262088593983, -9.114148957388744, -2.9340853577568415, 0.44031086564064026,146.73879086690653
000378.pid, bicycle, 24.224349617958072, -8.869916975498203, -3.0009098351001744, 0.47025516629219055,117.21728683167967
000380.pid, person, 28.687992777143204, -10.486731937953405, -3.2505428961345118, 0.4062332510948181,65.54609769740979
000380.pid, bicycle, 24.005847549438478, -8.62564816474915, -2.98573454618454, 0.45658889412879944,126.11118660435503
000381.pid, person, 23.836289763450626, -8.54193073511124, -3.015111729502678, 0.4639580249786377,128.8679291688475
000381.pid, person, 28.67635236467634, -10.525247573852539, -3.244167651448931, 0.44401365518569946,65.85243838529006
000382.pid, person, 23.739606608515206, -8.3831959185393, -2.9894248817277993, 0.6511654853820801,124.9235641292751
000383.pid, person, 23.591926314614042, -8.303256511688234, -3.037935495376587, 0.7667497992515564,130.91126360655335
000383.pid, person, 29.342757831920277, -13.503382942893289, -3.122760837728326, 0.5919228792190552,-70.72175809169036
000384.pid, person, 23.460438801692085, -8.135737290749185, -3.063878352825459, 0.8358904719352722,105.30912387097842
000385.pid, person, 23.324239306979713, -8.008346645920367, -2.9160485797458224, 0.8450776934623718,117.79181569387363
000385.pid, person, 28.63804880777995, -10.628155310948689, -3.1324252287546788, 0.40552031993865967,64.06692299897121
000386.pid, person, 23.18625358055378, -7.8856634600409174, -2.96259173853644, 0.8196076154708862,115.82827734254646
000387.pid, person, 23.041586637496952, -7.78376464545727, -2.9833653047680855, 0.7403515577316284,133.64723295384456
000388.pid, person, 22.93977862138015, -7.633097868699297, -3.0023994720899148, 0.8159578442573547,133.91531581207698
000388.pid, person, 30.567702073317314, -18.116663199204666, -3.0704828592447124, 0.40249279141426086,-69.51709553365777
000389.pid, person, 22.7532229423523, -7.472277745604519, -2.9873904660344124, 0.7836843729019165,-50.69781324130942
000390.pid, person, 22.612731615702316, -7.3019554813702925, -3.055485248565674, 0.721635639667511,-59.47446602741754
000391.pid, person, 22.489587321425933, -7.102763970692955, -3.017178116422711, 0.8410133719444275,-44.45440899345174
000391.pid, person, 29.413481330871587, -13.7407808303833, -3.1062048792839034, 0.40241149067878723,-70.51924707048485
000392.pid, person, 22.34324621385144, -6.9866423606872585, -2.9187080167954966, 0.6928264498710632,128.57189595285
000392.pid, person, 30.64052177877987, -18.330470029045554, -3.2944562435150138, 0.3644028604030609,-69.48355650104276
000393.pid, person, 22.222260951995853, -6.826371139950224, -3.018484777874417, 0.8274290561676025,137.25948570799127
000394.pid, person, 22.114216083433572, -6.669225378734312, -3.0557529693696557, 0.8812601566314697,139.41273113138715
000394.pid, person, 28.66361325581869, -10.606948153177893, -3.258010959625244, 0.459723562002182,68.4889323770321
000395.pid, person, 21.987135198381214, -6.479130625724794, -3.069778455628289, 0.73275226354599,123.07829212853257
000395.pid, person, 28.67086017833037, -10.499415846431956, -3.2406455068027262, 0.49005427956581116,64.0046670617438
000396.pid, person, 30.52498476845878, -17.556624003819056, -3.083587833813257, 0.556687593460083,-68.49251273391667
000396.pid, person, 21.85861785595234, -6.296750728900619, -3.1090598106384277, 0.5040300488471985,124.90115681846169
000397.pid, bicycle, 21.744553883870445, -6.059031136830653, -3.171218029658, 0.4940468370914459,120.20421969328157
000397.pid, car, 21.905008184498755, -5.9659621797758975, -3.0623744191794553, 0.3060804605484009,113.7046256341927
000398.pid, person, 21.636736813713526, -5.839508589576277, -3.086669725530288, 0.761023759841919,-55.51577937567004
000398.pid, person, 31.853245368370644, -23.033365102914665, -2.9623703956603995, 0.37733662128448486,-69.5363644913333
000401.pid, person, 21.376105444771905, -5.176515511104044, -3.1389886992318288, 0.46375811100006104,-52.382284423026164
000402.pid, person, 30.93986825382009, -19.179504843319165, -3.177014477112713, 0.31376004219055176,-69.04699897744544
000402.pid, person, 21.560582054985893, -4.953859210014345, -3.058334310849507, 0.3096756637096405,5.826430854546771
000403.pid, person, 21.532743406295776, -4.749430406093599, -3.0405614852905267, 0.32475215196609497,178.58953966598037
000404.pid, person, 21.211770629882817, -4.577871894836432, -3.249738025665284, 0.5426697731018066,-37.52952458381336
000404.pid, person, 21.486892006613996, -4.532994400371205, -3.026011488654396, 0.4939546287059784,179.09721167139284
000404.pid, person, 28.664032129141, -10.562236345731295, -3.1970197787651644, 0.4396710991859436,65.87067022616952
000405.pid, person, 21.46475617090861, -4.335377626948887, -3.0033724440468674, 0.5183943510055542,-173.4129676290135
000405.pid, person, 28.651159167289734, -10.543605387210846, -3.3242366760969153, 0.3834354281425476,65.37695231116635
000406.pid, person, 21.41132572719029, -4.110562760489327, -3.0222887652260915, 0.4816456139087677,167.17120721507632
000406.pid, person, 29.376487905328926, -13.669848095286977, -3.182328527623956, 0.4518321752548218,-69.92203104370728
000407.pid, person, 21.41237668430104, -3.913447281893562, -2.9937296965542957, 0.49727123975753784,174.9899105028594
000407.pid, person, 30.71079953511556, -18.555177132288616, -3.103095432122547, 0.4423172175884247,-68.94781103756392
000408.pid, person, 21.374366657153985, -3.742657268369524, -2.9888177046904687, 0.4399183690547943,163.24292375120905
000409.pid, person, 21.319533709822032, -3.534227897380958, -2.9929840153661265, 0.43571534752845764,-2.524285394605288
000409.pid, bicycle, 21.03922589619955, -3.512766599655157, -3.1298758983612065, 0.5281063318252563,-85.10194811663936
000410.pid, person, 21.295873959859215, -3.367662721210055, -2.980123804675208, 0.3950362801551819,160.85804677010825
000411.pid, person, 21.254745066165924, -3.1831825897097614, -2.9951955080032344, 0.4251664876937866,165.68180375835178
000411.pid, person, 30.980233669281006, -19.800054728984833, -3.0989748984575263, 0.32910624146461487,-69.25942437010139
000412.pid, person, 20.918005625406906, -2.984677155812586, -3.060434659322103, 0.7236775755882263,116.32738882865705
000412.pid, person, 21.219438815939014, -3.0221995731879954, -3.01725593928633, 0.46931061148643494,164.59195352897535
000412.pid, person, 28.65675926208496, -10.583304941654207, -3.1465225815773, 0.35586899518966675,66.80036829494404
000413.pid, person, 21.170223404379453, -2.8508338717853356, -3.0045770617092353, 0.6587117910385132,-6.878236838528828
000413.pid, person, 20.93710136413575, -2.887381951014207, -3.2935492197672533, 0.5731739401817322,106.9099311965748
000413.pid, person, 29.544009844462078, -13.965475002924606, -2.876035004854201, 0.3548503816127777,-70.1443465916538
000414.pid, person, 21.13087362992136, -2.717235176186814, -3.021843922765631, 0.5273111462593079,-5.858062630686003
000415.pid, person, 21.096548697527716, -2.5535551309585602, -3.060381678973927, 0.40184685587882996,-11.508683586589722
000416.pid, person, 21.027134656906128, -2.390418216586114, -3.086742870509624, 0.49897849559783936,148.896479742966
000416.pid, person, 30.364922968546555, -17.25246105194092, -3.169512526194253, 0.3161037266254425,-69.0884583179793
000417.pid, person, 21.028995698498143, -2.267691331525003, -3.116477074161652, 0.6801822781562805,174.94898072588293
000417.pid, person, 30.036423609806945, -15.31141251784105, -3.18722759760343, 0.4326656460762024,-68.43033617517284
000418.pid, person, 20.989229651058423, -2.0919133565005126, -3.0704432515537032, 0.7248083353042603,144.0817537586719
000418.pid, person, 30.27723062038422, -16.858031988143924, -3.205394983291625, 0.5332859754562378,-69.08087757903141
000419.pid, person, 20.953281339009607, -1.9240544120470722, -3.107346113522847, 0.7435213327407837,153.39544609492268
000419.pid, person, 28.66978645324707, -10.504195976257325, -3.246620353062947, 0.5811117887496948,64.92311574624586
000420.pid, person, 20.916480941772466, -1.7506716203689603, -3.177807912826537, 0.6897476315498352,148.7051468939911
000420.pid, person, 28.64135448749249, -10.589395082913917, -3.2905768614548894, 0.6049038767814636,66.6027465543018
000421.pid, person, 20.915498375892643, -1.6302220858633527, -3.139503054320812, 0.6205415725708008,127.66118328300959
000421.pid, person, 28.62711308797201, -10.601818656921386, -3.279189125696817, 0.528113603591919,65.91429204851123
000421.pid, car, 20.909359432402113, -1.6971660341535346, -2.998644397372291, 0.3158034384250641,-15.789304756786098
000422.pid, person, 28.642104975382487, -10.60083827972412, -3.1880693276723218, 0.6042203903198242,67.84159364531666
000422.pid, person, 20.893714141845702, -1.5187403440475469, -3.13886071840922, 0.5717308521270752,127.2043301797926
000423.pid, person, 20.90309266121157, -1.4111521936232085, -3.132373509868498, 0.6963798403739929,119.54947936935044
000423.pid, person, 30.89409332275391, -19.119865290323894, -3.133972167968749, 0.6189513802528381,-69.26496262856222
000424.pid, person, 29.694212913513187, -15.113126436869303, -2.9024399320284515, 0.5410788655281067,-70.1907239060088
000424.pid, person, 20.885292579387798, -1.300348834744815, -3.129690318272031, 0.537915825843811,132.03527220908518
000425.pid, person, 30.43352203369141, -17.029954274495445, -3.1435331185658755, 0.6043736934661865,-68.59530482504371
000425.pid, person, 20.862516056407582, -1.1817542657707676, -3.1494096047950504, 0.5466609597206116,141.32156329179298
000426.pid, person, 20.918482526143396, -1.1118300517400106, -3.1481195052464797, 0.6618313193321228,147.65871862484755
000426.pid, person, 30.186414382037, -16.431323949028467, -3.2486266949597513, 0.37046048045158386,-69.14044880646787
000427.pid, person, 20.93375766638554, -1.0649603876200606, -3.1621785814111876, 0.5061183571815491,148.57662159431587
000427.pid, person, 28.685491153172084, -10.510707650865827, -3.24598467350006, 0.31461384892463684,65.07677632101367
000428.pid, person, 20.92950086240415, -0.9896157869586248, -3.1734129852718773, 0.5298892855644226,154.96083942504703
000429.pid, person, 21.008293867111206, -0.9311301906903585, -3.0636853377024327, 0.615584135055542,157.73579295604583
000429.pid, person, 29.46097651394931, -13.47208005731756, -3.18188808181069, 0.3127831518650055,-68.70653485676831
000430.pid, person, 20.991422321485437, -0.8880937177201994, -3.0208718362061866, 0.5464649200439453,152.764737243571
000431.pid, person, 21.037811915079754, -0.8446190092298759, -3.1371717850367222, 0.5326659679412842,155.60095231903776
000432.pid, person, 21.072389100727282, -0.742999984245552, -3.129541510029842, 0.4041386842727661,133.61674907131996
000433.pid, person, 21.112957545689177, -0.787861670766563, -3.196232386997767, 0.5052828192710876,-167.27283949027802
000434.pid, person, 21.181491216023765, -0.7463396469752013, -3.218240563074746, 0.4660743176937103,143.18529840385747
000434.pid, person, 28.611480832099918, -10.611994624137882, -3.280431777238845, 0.3727104067802429,65.91913339405075
000435.pid, person, 21.183913317593664, -0.7249064445495592, -3.2300318154421714, 0.3169558346271515,142.20329280909584
000436.pid, person, 30.10091956456503, -16.098644018173218, -3.1337978243827807, 0.5162050127983093,-68.70195441731579
000436.pid, person, 21.255177434285486, -0.7271823883056678, -3.18369428316752, 0.5151054263114929,159.3229865873368
000437.pid, person, 21.169424350445087, -0.737759883587177, -3.2939757016988898, 0.5254503488540649,152.77117302189131
000437.pid, person, 29.481792449951175, -13.3021807237105, -3.215290286324239, 0.3264513313770294,-68.41767289433167
000438.pid, person, 28.599932312965397, -10.687120616436008, -3.3052967488765703, 0.33480530977249146,-102.72129138418103
000439.pid, person, 30.154299343333523, -16.514409177443564, -3.2790258211248053, 0.4005889296531677,-69.04516726849826
000440.pid, person, 29.108703454335537, -12.173030535380045, -3.020370443662006, 0.5440691709518433,-70.27803196831775
000445.pid, person, 28.640634128025603, -10.578893048422676, -3.2352180310658043, 0.37485021352767944,66.22774663623713
000445.pid, person, 21.281375010808308, -0.6188027809063611, -3.136460711558659, 0.3275768756866455,168.74237902682796
000446.pid, person, 31.479413350423176, -20.395297686258953, -2.8686435858408603, 0.49321454763412476,-68.02727382900053
000446.pid, person, 21.25223991394043, -0.6533243548870098, -3.18909586906433, 0.360709547996521,-166.33167154946926
000447.pid, person, 21.156803272388604, -0.6413230697313961, -3.1633668652287232, 0.3905411958694458,173.39812934919829
000448.pid, person, 21.189861853917442, -0.6941485181450867, -3.1605035861333204, 0.38559481501579285,-173.3573540963343
000449.pid, person, 30.279596328735355, -16.786524415016174, -3.2333539277315126, 0.41762515902519226,-69.22925911089808
000449.pid, person, 21.0635347366333, -0.7009035984675113, -3.1800807873407995, 0.38764506578445435,162.5549438449348
000450.pid, person, 28.639153889247353, -10.594072410038539, -3.232410175459725, 0.44414767622947693,68.83339806055041
000451.pid, person, 31.248994093674884, -20.575637523944565, -2.8967449848468476, 0.36306679248809814,-69.1388751529872
000452.pid, person, 28.647800191243494, -10.600285466512045, -3.190437571207682, 0.39362674951553345,65.79466602733321
000454.pid, person, 28.68804168701172, -10.487199987683981, -3.250096218926565, 0.4211357533931732,65.61872268171251
000454.pid, person, 20.92570818387545, -0.810170836173576, -3.169763638423039, 0.3395668566226959,173.51944212849367
000455.pid, person, 28.620371882120768, -10.647017415364584, -3.27547396024068, 0.3854457139968872,67.73236842167219
000455.pid, person, 20.870382675757774, -0.7957068865115853, -3.143727284211378, 0.36015599966049194,168.69017282425747
000456.pid, person, 28.654805183410648, -10.533271610736849, -3.195657551288603, 0.6344089508056641,64.12935347592257
000457.pid, person, 29.340083758036297, -13.174289385477701, -3.166381259759266, 0.4105282723903656,-68.19072678422827
000463.pid, person, 20.5480770837693, -0.7419870141006665, -3.147041695458547, 0.35873955488204956,168.5220197472274
000464.pid, person, 20.485826310657323, -0.69652233095396, -3.1592671417054667, 0.3555251955986023,162.64945793978657
000465.pid, person, 20.45885909687389, -0.7097698246890893, -3.091612609949978, 0.4115668535232544,160.8073847117697
000466.pid, person, 20.295309315557066, -0.6507359030454062, -3.130380682323289, 0.35176515579223633,150.8161179095246
000468.pid, person, 20.202639897664387, -0.6245421593387945, -3.0926982065041853, 0.3859007954597473,158.23489504732296
000472.pid, person, 19.910651357550375, -0.6244224686371675, -3.0239111749749426, 0.3077395260334015,22.68447291507278
000473.pid, person, 19.788880847749255, -0.5889768898487098, -3.1431342874254486, 0.38068491220474243,149.6503945142184
000474.pid, person, 30.63344693183899, -18.63765788078308, -2.6713210567831984, 0.3637520968914032,-69.51641036311358
000476.pid, person, 19.496214760674373, -0.455756914284495, -3.152067979176839, 0.3294215798377991,170.54710087557453
000480.pid, person, 28.68603270394462, -10.509860379355299, -3.245192646980285, 0.5030892491340637,65.29088277446299
000481.pid, person, 29.425806808471684, -13.78666820526123, -3.10957155227661, 0.7097325921058655,-70.75443251596994
000482.pid, person, 29.32662993211013, -13.079343428978557, -3.2394124544583827, 0.3839259147644043,-68.89397974451845
000488.pid, person, 28.661398315429686, -10.551522954305018, -3.285503975550333, 0.45268774032592773,65.5091429275942
000488.pid, person, 17.635956330732867, 0.00532051175832813, -3.177881793542341, 0.3831600844860077,136.79962456016315
000494.pid, person, 28.651249186197916, -10.619828987121583, -3.281183163324991, 0.562958836555481,67.75109583243854
000495.pid, person, 31.382548093795776, -21.31773149967194, -2.716983284801244, 0.465244323015213,-69.30431852213258
000498.pid, person, 29.74296542576381, -15.012560640062604, -2.727449689592633, 0.32644638419151306,-69.54007832232739
000499.pid, person, 30.311058521270752, -16.72803270816803, -3.189283847808836, 0.3284463882446289,-68.80378713248473
000500.pid, person, 30.215391976492747, -15.597630160195488, -2.866174391337803, 0.491068571805954,-68.0500622631493
000504.pid, person, 30.199180960655212, -16.752744257450107, -3.276306986808776, 0.39993736147880554,-69.17827245778997
000505.pid, person, 28.663263761080227, -10.551956763634319, -3.1906443926004253, 0.4836406707763672,65.92826250618432
000506.pid, person, 29.553220367431642, -13.767216110229494, -3.1131748914718615, 0.46396830677986145,-68.73301125079087
000514.pid, parking_meter, 30.477890616969063, -17.5740361464651, -3.2592685348109187, 0.3030739724636078,-68.77474034649603
000515.pid, car, 12.156643118177147, -1.038176383290973, -3.456557376044136, 0.3210783004760742,-3.341686753712864
000517.pid, person, 30.96923330095079, -19.68339623345269, -3.2666251262029005, 0.41031894087791443,-69.23570291740614
000525.pid, person, 28.646467795738808, -10.547760303203876, -3.190752231157742, 0.3296775817871094,66.03904564079458
000526.pid, person, 31.183427333831787, -20.608270943164825, -2.585619073361158, 0.33744367957115173,-69.5045123331102
000527.pid, person, 30.499457359313965, -17.982971138424343, -3.3160248332553435, 0.4034886956214905,-69.36141812555644
000540.pid, person, 30.79675674438477, -18.95314955711365, -3.097533961137135, 0.44419991970062256,-69.14248702751826
000541.pid, person, 31.050189844767253, -19.34655170440674, -3.038125991821288, 0.3878597915172577,-68.299860178178
000543.pid, person, 28.62406085087703, -10.635451243473936, -3.3837576462672296, 0.5119540691375732,67.0546296811984
000544.pid, person, 31.192846679687506, -20.34932842254639, -3.0098761081695553, 0.401419997215271,-69.54477213735683
000551.pid, person, 31.793142318725586, -23.085111251244182, -2.897885441780088, 0.47710007429122925,-69.34586469268359
000561.pid, parking_meter, 30.474366596766885, -17.508637837001256, -3.1152499914169303, 0.3031753897666931,-68.66647999252976
000562.pid, person, 30.83545708656311, -19.09623211622238, -3.1086726486682874, 0.3187803030014038,-68.94677219166414
000565.pid, parking_meter, 28.619105202811106, -10.662662301744737, -3.3230584178652065, 0.30130261182785034,69.64050244784322
000569.pid, person, 31.336426808283882, -20.708862744844875, -3.0373718921954804, 0.44861140847206116,-68.96129381013213
000570.pid, person, 28.680546367869656, -10.483347556170296, -3.2428057614494765, 0.3828691244125366,64.22518189047534
000572.pid, person, 30.661618762546123, -17.88019143210517, -3.0974765486187397, 0.4369865953922272,-67.83081211728543
000575.pid, person, 5.857103506724047, -10.884226481119802, -4.125846783320111, 0.6744762063026428,44.82712483741927
000576.pid, person, 5.908401171366379, -11.00173028310141, -3.8186305363972983, 0.6978563070297241,-144.39675776563124
000579.pid, person, 28.64883627210345, -10.610627310616632, -3.2448829923357274, 0.3735351264476776,68.81226657790509
000582.pid, person, 5.7940083742141795, -12.01604986190797, -3.5320981740951543, 0.451923131942749,-91.07593223275
000583.pid, person, 5.810823822021492, -12.257205390930187, -3.6235998630523683, 0.5119397640228271,-79.33182290344524
000584.pid, bicycle, 5.736242498670313, -12.522904941013891, -3.7278634820665637, 0.4295870065689087,-117.04544411742472
000585.pid, person, 5.819845438003547, -12.881612658500678, -3.4390172958374023, 0.6262731552124023,-154.58284370166848
000585.pid, person, 28.640405019124348, -10.600864219665528, -3.3605867862701406, 0.31519970297813416,67.91508749075274
000586.pid, person, 5.889539670944221, -13.091183948516857, -3.5766886949539183, 0.5700279474258423,3.2881241251609397
000586.pid, person, 31.835798808506556, -20.990781715938024, -3.105465667588369, 0.3967149257659912,-67.6738120464397
000588.pid, bicycle, 5.966247631953319, -13.555302840012779, -3.5498768366300144, 0.5080009698867798,176.70581455839243
000589.pid, person, 5.9514214992523256, -13.740412235260019, -3.332979738712311, 0.712481677532196,-156.3154703185934
000590.pid, bicycle, 6.043065269788113, -13.955931584040334, -3.4631717999776206, 0.48309841752052307,47.87792238852811
000591.pid, person, 6.090848616191328, -14.159522397177568, -3.4411891187940324, 0.45276039838790894,29.58989433891671
000592.pid, person, 29.41856702168783, -13.15660977363587, -3.2410021821657806, 0.5058058500289917,-68.83718579245607
000593.pid, person, 29.637635735904468, -14.546421107123884, -3.3152791472042296, 0.4213593900203705,-69.38905547219852
000594.pid, bicycle, 6.314553130756733, -14.70032943378796, -3.1624747406352656, 0.44864577054977417,-159.7478207740005
000595.pid, person, 6.373324564525066, -14.946597576141363, -3.2040542364120483, 0.7207140326499939,-148.31128959162095
000596.pid, person, 6.412433862686167, -15.1528389794486, -3.229429738862174, 0.6797093152999878,-151.30647939674344
000597.pid, person, 6.545464955843422, -15.327627988962035, -3.2556473108438344, 0.5776194930076599,-135.01084937771938
000598.pid, person, 6.630676529624253, -15.525663289156837, -3.265226537531073, 0.5940062999725342,32.22758799219002
000599.pid, person, 6.738844064565812, -15.695620170006395, -3.261227791125958, 0.48300907015800476,-134.18066259928358
000599.pid, person, 28.651413798332214, -10.608419954776767, -3.231315806508064, 0.37009721994400024,67.59684101564251
000600.pid, bicycle, 6.818805183683133, -15.860447406768808, -3.278603332383292, 0.3652467131614685,-131.60067652764778
000605.pid, bicycle, 7.481329250335701, -16.485196050008145, -3.3082202116648363, 0.3508921265602112,-112.49582082915003
000606.pid, person, 30.640197313748875, -18.013141045203575, -3.043083355976984, 0.335550993680954,-68.72243509207979
000606.pid, bicycle, 7.62729752063752, -16.553426583607997, -3.304210960865021, 0.4192310869693756,-104.13176994729457
000607.pid, bicycle, 7.7539894580841136, -16.6020687421163, -3.2818149328231816, 0.4017985165119171,-97.19319590661706
000613.pid, person, 8.690400796778068, -17.1620465446921, -3.2964013043571923, 0.4670446813106537,81.19328310058461
000615.pid, person, 9.069851557413745, -17.323852157592782, -3.3709161758422854, 0.6785797476768494,-140.44789125880067
000615.pid, person, 28.661801274617517, -10.527648099263512, -3.2804916063944485, 0.45890548825263977,67.00047804686434
000616.pid, person, 9.2464794431414, -17.387980733598987, -3.427399294716971, 0.6389599442481995,-147.50648291487295
000616.pid, person, 28.67586001227884, -10.484517209670127, -3.2427825927734366, 0.4362993836402893,64.50740041108665
000617.pid, person, 29.331875367598105, -13.539450385353781, -3.1967035640369748, 0.47423097491264343,-70.52973231416053
000617.pid, bicycle, 9.38027638196946, -17.492769002914436, -3.387206643819809, 0.3890795409679413,-137.112887736637
000618.pid, person, 9.54489167531332, -17.583195580376525, -3.44676861498091, 0.5177953243255615,-136.6439458476463
000618.pid, person, 28.677346302912785, -10.505245355459362, -3.0969299536484933, 0.38203561305999756,63.77456574699844
000619.pid, person, 9.658436266581228, -17.685475158691414, -3.486648829778036, 0.5835283994674683,-128.56827049475348
000619.pid, person, 29.92925494057792, -15.195926189422607, -3.2032754250935134, 0.30117928981781006,-68.7818725176663
000620.pid, bicycle, 9.81473487615586, -17.801562070846565, -3.3836751878261566, 0.4599056839942932,-99.20953880067776
000622.pid, car, 10.030340531293088, -18.030449811150053, -3.3328707919401284, 0.38271838426589966,-110.88177069418717
000623.pid, person, 10.140858948230752, -18.15347051620484, -3.393478751182556, 0.5873352289199829,-112.49793582404092
000624.pid, person, 31.06122334798177, -19.833040618896483, -2.720194395383198, 0.5289883613586426,-68.92028540852891
000624.pid, bicycle, 10.262648463249214, -18.26616048812867, -3.28447137773037, 0.45428428053855896,62.58069455530987
000625.pid, person, 10.417883173624682, -18.301684315999353, -3.509825325012207, 0.5676559805870056,57.3927583594428
000625.pid, person, 28.688988685607914, -10.51203959328788, -3.24529811314174, 0.44176629185676575,65.13904558598024
000628.pid, person, 31.918490091959637, -23.545264180501302, -2.9084623734156287, 0.32289549708366394,-69.65828559873967
000629.pid, person, 31.66978669166565, -20.713077425956726, -2.960750833153724, 0.45383456349372864,-67.40950622156635
000630.pid, person, 30.36545906066895, -17.29676259358724, -3.199363009134928, 0.4848320186138153,-69.0762646878255
000631.pid, person, 30.643579776470478, -18.261622575613167, -3.107379674911498, 0.37549421191215515,-69.14358913233471
000632.pid, person, 29.25817394256592, -12.940725599016462, -3.33662302153451, 0.3448503911495209,-70.03403212963292
000634.pid, person, 28.665182633833453, -10.489224520596592, -3.1966927918520835, 0.43189185857772827,63.12927721282391
000635.pid, person, 28.628859886756313, -10.60899778512808, -3.288107835329495, 0.341511607170105,68.50946183156067
000637.pid, person, 29.88938962496244, -15.220974335303673, -2.699691630326783, 0.4295461177825928,-69.91328183333431
000639.pid, person, 29.185740661621097, -12.851178550720215, -3.3250013987223297, 0.32041028141975403,-69.9182922117339
000639.pid, bicycle, 11.997209548950204, -20.204242706298835, -3.256268092564174, 0.4094061851501465,38.96186327031873
000640.pid, car, 12.096387598249654, -20.375765906439895, -3.257032963964674, 0.3786206841468811,-141.2448773377974
000644.pid, person, 29.401575088500977, -12.355204868316653, -3.0746246278285962, 0.33636748790740967,-64.85267757047365
000645.pid, person, 30.492785665724018, -17.974973625606964, -3.2960222827063657, 0.32062390446662903,-69.37917335993544
000646.pid, person, 30.646761380709133, -18.083422000591572, -3.08615418580862, 0.3363893926143646,-69.64593254027022
000650.pid, car, 12.991328981187614, -22.09088844723172, -3.5404215653737388, 0.31044673919677734,79.4461048428858
