000021.pid, person, 11.041463851928716, -3.646153509616859, -3.4171512722969064, 0.6793338060379028,64.33145299955014
000021.pid, car, 23.00924822489421, -25.340996170043944, -3.032175318400065, 0.7085379958152771,152.21785387497988
000022.pid, person, 11.049121220906583, -3.650785525639859, -3.4150509039560966, 0.7607476115226746,76.22646663652787
000022.pid, car, 23.0292750676473, -25.39573338826498, -3.006933164596558, 0.5724647641181946,70.92623142420385
000022.pid, car, 12.023169636726385, -19.237903282046318, -3.0681414902210227, 0.42113423347473145,95.0755719274401
000023.pid, person, 11.027819633483892, -3.6930603981018124, -3.4257641633351654, 0.5513954758644104,68.71558680410966
000023.pid, car, 22.988837474101302, -25.396221779488233, -2.918355993322424, 0.5949968099594116,92.1982148177353
000023.pid, truck, 11.823221325874334, -17.316894486546516, -3.074794009327887, 0.34489700198173523,-78.69934257308
000024.pid, person, 11.052751859029138, -3.642512400945035, -3.4131315549214687, 0.6427421569824219,-93.14725059378358
000024.pid, car, 22.990786201075508, -25.423087421216465, -2.8947161247855737, 0.6795867681503296,44.81683925129636
000024.pid, car, 11.89638365232028, -18.061774235505325, -3.0977891041682306, 0.33566468954086304,-78.6084824562391
000025.pid, person, 11.033251762390144, -3.693642775217699, -3.424031019210816, 0.6292217373847961,72.95220458748221
000025.pid, car, 22.9893912803836, -25.386801463801692, -2.933136154965657, 0.6800634264945984,89.11962818014808
000025.pid, truck, 11.958497873942063, -18.177836561203, -3.1557741959889727, 0.3665770888328552,-78.50292197642412
000026.pid, car, 22.986774909787066, -25.39621655533954, -2.9507619578663897, 0.7304122447967529,85.20118480842275
000027.pid, car, 23.029137949789728, -25.391212401851536, -2.9230848743069555, 0.6099576950073242,64.79060005088893
000027.pid, car, 11.739750925699875, -16.121815125147506, -3.1047847906748443, 0.34601977467536926,-78.61562018016377
000028.pid, car, 23.03482318746633, -25.393038322185653, -3.0008809648711106, 0.524082601070404,73.56441328793117
000028.pid, car, 11.715314204876243, -15.596400114206169, -3.1366057579333955, 0.40944910049438477,-78.54280400969122
000029.pid, car, 22.999480353461376, -25.395890977647575, -2.9546733608952276, 0.640069305896759,67.72729580778737
000029.pid, car, 11.933142662048343, -18.208458582560226, -3.0695283095041903, 0.5218524932861328,-78.57685366637153
000030.pid, car, 23.038227802998314, -25.411446803324935, -2.8808334969185494, 0.664126992225647,58.66790294307314
000030.pid, car, 11.660900524684365, -14.728677494185316, -3.135243671280996, 0.4232695400714874,-78.35951246709601
000031.pid, person, 11.026614189147956, -3.6888953844706287, -3.4257939656575527, 0.6174464821815491,68.6105395564922
000031.pid, car, 23.031663656234745, -25.386242449283603, -2.9920464530587196, 0.6989800930023193,60.7083439726565
000032.pid, car, 22.992695345197408, -25.403281348092218, -2.8511321340288434, 0.720628559589386,57.05999000202464
000033.pid, car, 23.004162728786472, -25.403296649456028, -2.94093868881464, 0.7207589745521545,76.27944758693259
000033.pid, truck, 11.768269245441148, -15.59546815432035, -3.1361796672527595, 0.4271445572376251,-78.22096704746951
000034.pid, car, 22.997190422481964, -25.412150859832767, -2.848715603351593, 0.7028532028198242,79.66828843134246
000035.pid, car, 23.011396820480762, -25.389925621651322, -2.88237375826449, 0.6934558153152466,71.7442711472455
000035.pid, truck, 11.764884361853971, -15.584315299987793, -3.1345575222602244, 0.3706149160861969,-78.20706199884788
000036.pid, car, 23.013457404242626, -25.414766417609325, -2.884760035408868, 0.7297096848487854,74.33131713177113
000037.pid, car, 22.991269756007842, -25.410196562071107, -2.896263348089682, 0.5452878475189209,-143.51748448947933
000037.pid, car, 11.892063549586709, -16.94964400359563, -3.1295687811715247, 0.41213417053222656,-78.2886452561603
000038.pid, car, 23.005912123055296, -25.375268541533377, -3.00936667672519, 0.5733307003974915,70.75569778012604
000039.pid, car, 22.99601595025314, -25.39783613305343, -2.919839306881553, 0.7231227159500122,82.535600664309
000039.pid, car, 11.821392672402524, -16.986137628555298, -3.0974741833550583, 0.3668433427810669,-78.55443553508118
000040.pid, person, 11.027393341064458, -3.6743814945221005, -3.4242633183797206, 0.5206838846206665,74.05135038789818
000040.pid, person, 13.419819513956721, -34.87250137329104, -3.0985447300804987, 0.3257690370082855,31.364346442417375
000040.pid, car, 22.995321374190485, -25.38770158667314, -2.902373677805851, 0.6890591382980347,52.80720166867978
000040.pid, car, 12.014326155185707, -19.219396770000458, -3.1170953810214987, 0.42843297123908997,95.18227149345246
000041.pid, car, 22.987240897284618, -25.407290246751575, -2.896338721116384, 0.7162684798240662,77.80005124863028
000042.pid, car, 22.988519525527956, -25.405552577972415, -2.897734063863754, 0.7428027987480164,90.46225192438288
000042.pid, car, 11.704599952697757, -16.120673243204752, -3.1164020061492916, 0.4237270653247833,-78.90084423515742
000043.pid, car, 22.998328208923343, -25.38828513735817, -2.9551419644128707, 0.5914934873580933,72.55806871221823
000044.pid, car, 22.99716124663482, -25.409451922854863, -2.896239100275813, 0.5090890526771545,-128.49400681362795
000044.pid, car, 11.879978400010334, -17.996041481311504, -3.1604714760413533, 0.38444915413856506,-78.74080601959295
000045.pid, car, 22.99369354248047, -25.38979988098145, -2.96535693804423, 0.5674207806587219,138.1486852262322
000045.pid, train, 13.317391183641236, -34.94206831190323, -3.1011215845743823, 0.32722562551498413,30.047953285798155
000046.pid, car, 23.000042855739597, -25.37736761569977, -3.002145290374756, 0.60975182056427,87.10785562224021
000047.pid, car, 22.992483590778555, -25.425098720349766, -2.907974676082009, 0.6474665999412537,45.75727165979832
000047.pid, car, 12.082141399383552, -19.50103741884232, -3.1192247072855612, 0.32409578561782837,-78.50265386575958
000048.pid, car, 22.99664311938816, -25.39933840433757, -2.9142508043183226, 0.6209327578544617,67.80799756851746
000049.pid, person, 11.028639157613123, -3.6750451723734607, -3.42391300201416, 0.4892955422401428,74.40699061742798
000049.pid, car, 23.006842454274498, -25.37640741136339, -2.9410423901345997, 0.5560789704322815,-147.56400612955576
000050.pid, car, 22.994321371379655, -25.41881797188207, -2.874828075107775, 0.4858221709728241,72.00806656503474
000051.pid, car, 22.97830300582083, -25.3920003991378, -2.9851304794612683, 0.6139536499977112,78.40660333725783
000052.pid, car, 22.982488738165966, -25.403271834055587, -2.8718015352884927, 0.5503033399581909,107.68832143172887
000053.pid, car, 23.000570196854444, -25.400494525307106, -2.909846933264481, 0.5908256769180298,72.649657207742
000054.pid, car, 23.012460410594944, -25.408194780349735, -2.803017646074295, 0.6349918246269226,60.47974434916676
000055.pid, car, 23.00661242635627, -25.400991389625954, -2.90514117793033, 0.6499632000923157,69.08793427833848
000055.pid, truck, 12.224108648300179, -18.537963998317718, -2.8446888685226432, 0.3662826418876648,-78.54966876454947
000056.pid, car, 23.02064959208171, -25.397103338530574, -2.914791880231915, 0.6835057139396667,77.79140200696797
000057.pid, car, 23.00208697319031, -25.40779151916504, -2.9188785672187807, 0.5348057746887207,88.85130291464483
000058.pid, car, 22.989538347398916, -25.413205636514203, -2.9393334324295455, 0.534875750541687,97.81064098597422
000059.pid, person, 11.026066144307459, -3.6893452803293934, -3.4260145028432216, 0.580053448677063,75.20114821921162
000059.pid, car, 22.995137549735407, -25.397247366003093, -2.944370637068878, 0.6012964844703674,53.34982108992722
000059.pid, car, 12.212311071508076, -21.915678108439725, -3.1031953166512873, 0.4164869487285614,94.97275680745119
000060.pid, person, 13.338570382859988, -34.80075709025066, -3.090739515092638, 0.3273697793483734,33.04556277154694
000060.pid, car, 22.996371013362236, -25.40101074590916, -2.9197243015940595, 0.5086228847503662,92.28599402375794
000061.pid, car, 22.991410664149697, -25.413306209019254, -2.815236609322684, 0.6409094929695129,54.98035148271453
000061.pid, car, 11.986579656600956, -19.158381864428524, -3.112003490328787, 0.42089688777923584,-78.64974566702267
000062.pid, person, 10.98648134867351, -3.7073924541473446, -3.4406003952026367, 0.5191842317581177,69.28394225454808
000062.pid, car, 22.99007696854441, -25.41092782271536, -2.923237474341142, 0.47561734914779663,76.4337184197844
000063.pid, car, 22.990075840669522, -25.373728696037745, -2.9741276502609253, 0.6630351543426514,178.47037939719905
000064.pid, car, 23.018522939374375, -25.421060439079042, -2.8725899419476915, 0.5490306615829468,74.78610007551762
000065.pid, car, 22.975742700937634, -25.394645794017897, -2.9124039314888623, 0.6677445769309998,73.0135814506091
000066.pid, car, 23.02596211433411, -25.409070253372196, -3.0114104375243187, 0.6497592926025391,73.90580306567557
000067.pid, person, 13.348293516371, -34.77327558729385, -3.0891429583231607, 0.3019733726978302,13.040150949434437
000067.pid, car, 23.003308556296613, -25.410691694779832, -2.848539366866603, 0.7586674094200134,63.412528487860506
000068.pid, car, 23.029108232067482, -25.401582410258634, -2.979132313882151, 0.698083758354187,68.79000202653584
000068.pid, car, 11.92266142368317, -19.216862916946415, -3.0812211930751783, 0.37940993905067444,95.06571989856585
000069.pid, person, 10.967247645060228, -3.788036346435554, -3.453984101613362, 0.4680810570716858,80.74179584485859
000069.pid, car, 23.014075851440435, -25.393437031337196, -2.859157460076468, 0.763947069644928,65.74543782498606
000070.pid, person, 10.967558860778814, -3.794850587844855, -3.4544700384140015, 0.3780892789363861,77.97168304212416
000070.pid, car, 23.002313173734226, -25.41021904578576, -2.8700259648836575, 0.7833112478256226,76.41608411282401
000071.pid, person, 10.858443641662602, -3.958062458038337, -3.6448632717132567, 0.38420385122299194,-119.99855011336669
000071.pid, car, 23.00273250398182, -25.419306936718176, -2.901658546356928, 0.786950409412384,15.705453002940324
000072.pid, person, 10.829503536224372, -4.073966383934028, -3.698641836643219, 0.4028390645980835,-112.93523251857792
000072.pid, car, 23.014387646236937, -25.37684703517605, -2.9111460737279944, 0.7685363292694092,67.10791252139916
000072.pid, car, 11.907993443806971, -18.152796188990276, -3.124163484573364, 0.4519873559474945,-78.61216530909508
000073.pid, person, 10.828295516967778, -4.050852870941169, -3.6621212005615242, 0.3994477093219757,-115.63036553705493
000073.pid, car, 23.013866106669113, -25.42256571451823, -2.9776421705881755, 0.7543308734893799,87.92862498274418
000074.pid, person, 10.86019248962403, -4.036942195892341, -3.650564289093018, 0.4728357195854187,-117.22052322179479
000074.pid, car, 23.031780919721054, -25.40618681138562, -2.984447740739392, 0.717806339263916,76.9403175760664
000075.pid, person, 10.819798231124883, -4.087302803993232, -3.7035676240921025, 0.6630706191062927,-124.09181063772061
000075.pid, car, 23.023529389325315, -25.397168832666736, -2.860736608505249, 0.6633929014205933,53.64740097115778
000076.pid, person, 10.93640851974488, -3.961367249488837, -3.4792519211769104, 0.6428467631340027,66.30927861963826
000076.pid, car, 22.976633071899418, -25.394864726710967, -2.9191812953433476, 0.7034640312194824,56.02616525282522
000076.pid, car, 11.917617925008146, -18.056438573201497, -3.10352439880371, 0.40119996666908264,-78.4295134845718
000077.pid, person, 10.854943990707405, -4.079759776592262, -3.6910848021507277, 0.5084413290023804,-120.70889041954115
000077.pid, car, 22.980291170951652, -25.408996386405754, -2.8973053296407065, 0.7075768709182739,127.3464220712695
000077.pid, car, 11.823724746704107, -16.89402692658561, -3.1208517892020082, 0.4892888069152832,-78.32751737832055
000078.pid, person, 10.843757867813117, -4.100101768970497, -3.696763932704926, 0.5099988579750061,-125.46501086364665
000078.pid, car, 23.006370656630576, -25.419401449315693, -2.920877435628106, 0.7933865785598755,73.48504698067916
000078.pid, car, 12.082492603975187, -19.951883119695328, -3.1281536326688872, 0.5527434945106506,95.38896295873091
000079.pid, car, 22.997834083361507, -25.394582601693962, -2.9333860323979306, 0.6700519919395447,67.13330604175334
000079.pid, car, 12.00800675153733, -19.05803120136261, -3.1095067113637915, 0.4864082336425781,-78.32209358772295
000080.pid, person, 10.931661923726407, -4.015529394149787, -3.4855442841847744, 0.3013780117034912,75.08207638029671
000080.pid, car, 22.976261792864122, -25.382815660749166, -2.931516463415963, 0.6448618769645691,83.80421396783382
000080.pid, car, 11.702607981363936, -16.0118523756663, -3.1682352224985744, 0.3792043924331665,-78.30820656527342
000081.pid, person, 10.817878723144535, -4.153679907321937, -3.709442615509034, 0.36934641003608704,-119.56412701449835
000081.pid, car, 22.990471538744476, -25.421541314376032, -2.900537584957324, 0.6560104489326477,-135.7008608783923
000081.pid, car, 11.702723693847663, -15.986599286397299, -3.166096226374307, 0.3670341670513153,-78.32572824738338
000082.pid, person, 10.812652969360359, -4.0969882011413645, -3.6715663433074957, 0.3382267653942108,-121.92044771596758
000082.pid, car, 23.00416429581181, -25.389683261994396, -2.925792286472936, 0.7004992961883545,55.39787134267671
000082.pid, car, 11.922512278837319, -18.08562810280744, -3.1851372017579913, 0.3611883819103241,-78.23661570115587
000083.pid, person, 10.91464487711589, -4.018053770065315, -3.491342226664225, 0.4106902480125427,80.62816479778678
000083.pid, car, 22.987361707185446, -25.39503293288382, -2.949522350963793, 0.7057774066925049,80.95156268949941
000083.pid, truck, 11.705668449401863, -15.930090840657552, -3.122870111465453, 0.3578132390975952,-78.18926520755534
000084.pid, person, 10.78562998771668, -4.124597966670998, -3.718232274055481, 0.3984735310077667,-125.87229637163577
000084.pid, car, 22.99282003130232, -25.418252454485216, -2.885640280587333, 0.6780728101730347,-138.3718395079629
000084.pid, car, 11.932864741275187, -18.132397425802132, -3.110695048382407, 0.3185599744319916,-78.16735854937104
000085.pid, person, 10.805568933486944, -4.133027195930488, -3.7122157216072083, 0.4378826320171356,-125.69598683705863
000085.pid, car, 22.98495960235596, -25.395796123303867, -2.9509525801006116, 0.6589197516441345,83.10922896892606
000085.pid, truck, 11.994404017925268, -18.90531311929226, -3.103237479925155, 0.3649352192878723,95.53384659121642
000086.pid, person, 10.881106138229375, -4.014521956443794, -3.502017736434937, 0.4758577048778534,65.83706952674622
000086.pid, car, 23.010002672672275, -25.4090006351471, -2.9285518005490303, 0.5870460271835327,67.97031616683752
000086.pid, car, 11.892413584391281, -17.884235270818074, -3.206567573547362, 0.35405081510543823,-78.14113636452683
000086.pid, truck, 13.546777793339333, -33.86120169503349, -3.4145373787198747, 0.32325479388237,-123.18825376952552
000087.pid, person, 10.776001691818244, -4.14726924896241, -3.7235463857650766, 0.43563878536224365,-134.36294129466597
000087.pid, car, 23.02933028892235, -25.41642937836824, -2.9808877574072943, 0.6634041666984558,67.17923766651546
000087.pid, car, 11.84818577766419, -16.974089309573174, -3.206419169902801, 0.39001232385635376,-78.05807849705215
000088.pid, person, 10.811659336090093, -4.140787899494177, -3.710850715637207, 0.44991570711135864,-126.5184698362201
000088.pid, car, 23.015114402770998, -25.393744754791264, -2.895472502708435, 0.6205282807350159,-129.60902376546875
000088.pid, car, 11.896727383136755, -17.440986514091495, -3.154189392924308, 0.5061789751052856,-77.96072147840994
000089.pid, person, 10.891328096389776, -4.0331814885139545, -3.5002946257591243, 0.5698829293251038,47.99007278727132
000089.pid, car, 23.02221539146022, -25.398050659581237, -2.8824013220636466, 0.72646564245224,69.19839752687636
000089.pid, car, 12.180771303176885, -20.310342729091644, -3.276956999301909, 0.44098299741744995,95.62124740054993
000090.pid, person, 10.793134927749641, -4.135164141654975, -3.7167661786079407, 0.5367364883422852,-130.13741809684808
000090.pid, car, 23.015995749111838, -25.41886033682988, -2.9064816277602623, 0.7028021216392517,72.48195426834265
000090.pid, car, 12.14210872650147, -19.813245550791418, -3.256021451950072, 0.3348870873451233,95.74773928244245
000091.pid, person, 10.931818326314298, -4.07132021586101, -3.490358114242554, 0.480031818151474,75.92477031336216
000091.pid, car, 22.996240429761936, -25.399258683367478, -2.939754834989222, 0.7558937668800354,65.52207376650553
000091.pid, car, 11.822127282619482, -16.91935195028782, -3.1522745639085756, 0.3374903202056885,-78.24434720736846
000092.pid, person, 10.797048807144172, -4.186968207359322, -3.7191695570945744, 0.40579432249069214,-121.47166805174635
000092.pid, car, 22.99330432994946, -25.408034556620834, -2.8600367211006783, 0.7624359130859375,104.34717199817402
000092.pid, car, 12.11695460269326, -19.511375665664676, -3.3565002742566548, 0.45079317688941956,95.60741128637804
000093.pid, person, 10.785668373107915, -4.169274330139168, -3.686831569671631, 0.4412688910961151,-131.0759302314585
000093.pid, car, 23.019952774047855, -25.362146550958812, -3.017052578203606, 0.6992484927177429,70.3903595618859
000093.pid, car, 12.160269975662235, -19.558882504701614, -3.27003327012062, 0.3670463562011719,-77.89745365712645
000094.pid, person, 10.81871242523194, -4.130294370651253, -3.6728488922119147, 0.5327531099319458,-131.19997507539244
000094.pid, car, 22.999313299996516, -25.405892889840267, -2.899629742758615, 0.7850792407989502,-143.53981397224644
000094.pid, car, 12.54968067010244, -23.06155845522881, -3.463040947914123, 0.34715989232063293,95.91516443194348
000095.pid, person, 10.809422683715825, -4.158510780334479, -3.6781596183776863, 0.7067766785621643,-129.0289791650853
000095.pid, car, 22.978116402259243, -25.36253239558294, -2.95103107048915, 0.6164214015007019,137.7438889363715
000095.pid, car, 12.261741035862977, -20.210188200599273, -3.3541685154563496, 0.43130603432655334,-77.7572564058056
000096.pid, person, 10.89467072486878, -4.081455707550056, -3.503404974937439, 0.4783093333244324,72.43408420379787
000096.pid, car, 22.974132583254864, -25.391276722862614, -2.974866055306934, 0.6110222339630127,101.92606806578037
000096.pid, car, 12.374758349524608, -21.21840880976783, -3.337722526656256, 0.35882800817489624,96.035133097483
000097.pid, person, 10.784266471862798, -4.194718265533454, -3.6891838550567626, 0.593417763710022,-122.53842035621682
000097.pid, car, 22.985612922244606, -25.42906745274862, -2.8898308740721808, 0.658140242099762,97.49567079093859
000097.pid, truck, 12.550558680579778, -22.952654827208747, -3.443032548541113, 0.3940733075141907,96.06570973485537
000098.pid, person, 10.76010704040528, -4.204531288146979, -3.6980120658874513, 0.6182149648666382,-122.8587800491294
000098.pid, car, 22.982502084029353, -25.40754744881078, -2.9198260809245866, 0.6081194877624512,88.68079611764288
000098.pid, truck, 12.334441072800585, -21.48730969429016, -3.5233337318196, 0.5013896226882935,95.89845323097897
000099.pid, person, 10.818130016326911, -4.128640353679664, -3.532577574253083, 0.3393005430698395,-102.69523107694036
000099.pid, car, 22.978351480820603, -25.38162169736975, -2.9366097310010124, 0.689863920211792,87.7569527188922
000099.pid, truck, 12.490450668334963, -22.41205245256424, -3.2118826866149894, 0.3616650402545929,96.19626428233484
000100.pid, person, 10.687785148620613, -4.2880128622055125, -3.763465285301209, 0.48730942606925964,-117.38587379478071
000100.pid, car, 22.986327314376833, -25.407122850418094, -2.9323652625083922, 0.6969981789588928,28.482663048679893
000100.pid, car, 12.373638391494755, -21.45901767909527, -3.2495688945055, 0.3236415684223175,96.29107522741813
000101.pid, person, 10.61961288452149, -4.285677909851081, -3.891747999191284, 0.5993890762329102,-126.69368209478807
000101.pid, car, 23.000663506357295, -25.39862391823217, -2.9005742700476396, 0.7240567803382874,66.39118204976552
000101.pid, car, 12.658565067109613, -24.46118221964155, -3.2484010174160907, 0.4259795844554901,96.25507974815167
000102.pid, car, 22.98462681892591, -25.419949458195617, -2.9251335645333314, 0.7266674637794495,93.07094261058157
000102.pid, truck, 12.563636980558702, -23.503690807442915, -3.254532349737066, 0.36381053924560547,96.36241532042386
000103.pid, car, 22.986085015374265, -25.410778922003672, -2.8802428567731706, 0.7399882078170776,94.96190288704767
000103.pid, truck, 12.631388876173236, -24.412411120202805, -3.2184725734922615, 0.3516247570514679,96.33256126431876
000104.pid, person, 10.461866855621345, -4.534681320190438, -4.033423006534578, 0.5423243641853333,-121.55558226356476
000104.pid, car, 23.017554828098845, -25.39485597610474, -3.012287642274585, 0.7492616772651672,54.82111499355596
000104.pid, car, 12.692581783641474, -24.9299139326269, -3.233182484453374, 0.44164925813674927,96.43114005956528
000105.pid, person, 10.56115118662517, -4.374119440714526, -3.8718133767445884, 0.4882279634475708,16.0695803128438
000105.pid, car, 22.9917270342509, -25.40175072352092, -2.8915889726744757, 0.6833821535110474,110.82675311499952
000105.pid, truck, 12.484773435090721, -23.241970099900897, -3.228898349561189, 0.4062706530094147,96.38209282375006
000106.pid, car, 22.99599921397674, -25.38705860040127, -2.9231760318462667, 0.6955792307853699,-144.07987860001697
000106.pid, car, 12.165850975934204, -20.88107160960927, -3.171314253526575, 0.4364171624183655,96.18543810055236
000107.pid, car, 22.982368776875163, -25.391641063074914, -2.9742891711573445, 0.598340630531311,125.61477047118771
000107.pid, car, 11.926263955923229, -18.41352380239047, -3.2194243027613703, 0.5558278560638428,-77.33246956578458
000108.pid, car, 22.985298357511823, -25.409302962453744, -2.9049018495961243, 0.6395100355148315,17.23758161304515
000108.pid, car, 12.673832503232093, -24.852785110473633, -3.2659352367574512, 0.5029765367507935,96.51876862405987
000109.pid, car, 22.999958129156205, -25.415085202171696, -2.924976530529204, 0.6807700991630554,50.324154432718885
000109.pid, car, 12.08400267362595, -20.015422746539116, -3.140624254941939, 0.5264201164245605,96.29033996897181
000110.pid, car, 23.02308036541117, -25.407834414778087, -2.9620353271221296, 0.5546384453773499,-122.57446367727977
000110.pid, car, 12.81153591156006, -26.564484272003174, -3.58055058479309, 0.31079161167144775,97.0107639854114
000111.pid, car, 22.997236447456558, -25.385878440661312, -2.932274952912942, 0.6768680810928345,77.1563941092433
000111.pid, car, 12.448930922008701, -22.594511032104492, -3.2114495549883153, 0.38644057512283325,96.54901374772355
000112.pid, car, 22.98033132051167, -25.421312984667328, -2.9315011438570524, 0.7295305728912354,67.17766918796298
000112.pid, car, 14.676048755645757, -42.85987165996006, -3.3456944397517594, 0.3477290868759155,96.41184226937203
000113.pid, car, 22.984113023087787, -25.40754302772316, -2.908891722962663, 0.7038452625274658,109.35349096820393
000114.pid, car, 22.987304051717125, -25.407766448126903, -2.90528357691235, 0.6421657204627991,92.62071319553678
000114.pid, car, 13.62387241016735, -33.533866903998636, -3.2785407738252115, 0.3020758330821991,96.45216944664644
000115.pid, person, 10.567874908447273, -4.489997673034676, -3.7848637104034424, 0.33463722467422485,-119.08108168869225
000115.pid, car, 22.977798168475815, -25.408177106808395, -2.9088438474214997, 0.5780838131904602,68.51154568278271
000115.pid, car, 13.90582528481117, -34.72363305091858, -3.3392455027653614, 0.30245426297187805,96.7483112465116
000116.pid, person, 10.622462590535486, -4.4137182235717844, -3.545036554336548, 0.39091792702674866,60.80666731851988
000116.pid, person, 12.92148421027444, -28.07551795786077, -3.3562087904323223, 0.3441884517669678,-77.86149401564967
000116.pid, car, 22.989270782470708, -25.403716114589148, -2.8535878317696706, 0.44162729382514954,108.54179935014373
000116.pid, car, 16.150358200073256, -52.97544905718636, -3.29014217152315, 0.34265902638435364,96.60367983397701
000117.pid, car, 23.078940963745122, -25.362301788330083, -3.1129826164245604, 0.38482168316841125,-93.17027989036305
000117.pid, car, 15.263747268252915, -45.70658535427518, -3.3461330069435973, 0.3023102581501007,-77.03622107888867
000118.pid, person, 10.531242370605476, -4.528867053985603, -3.7123092174530035, 0.4455704987049103,34.7771070354182
000118.pid, car, 23.01642344074865, -25.375069833570915, -2.973652224386892, 0.3885643184185028,178.6323679484578
000118.pid, truck, 14.126595675945286, -36.41117998957634, -3.244630515575408, 0.3405895233154297,96.80263428793052
000119.pid, person, 10.587874003819062, -4.495273521968303, -3.574669088636127, 0.4922983944416046,47.834348760163174
000119.pid, person, 10.72756662368775, -7.477838230133058, -3.4788109064102164, 0.30589449405670166,-77.1321743832124
000119.pid, car, 22.99235412402031, -25.41015292436649, -2.8748589845804067, 0.6606742739677429,109.43077992113874
000119.pid, truck, 15.102292234247386, -43.01413900201971, -3.3241219520568834, 0.4489418566226959,-75.44199556737408
000120.pid, person, 10.607311407725023, -4.4940627415975, -3.557004531224569, 0.690353512763977,52.338130909885564
000120.pid, car, 22.99849324756199, -25.38594484329224, -2.9591443406211004, 0.6258194446563721,67.5855481908938
000120.pid, car, 13.909700679779055, -32.11308495998382, -3.2401739597320542, 0.3596108555793762,97.56615046158848
000121.pid, person, 10.594161669413255, -4.515974203745531, -3.562410275141399, 0.6877195835113525,50.189315258134734
000121.pid, car, 22.976903048428625, -25.39642576737838, -2.862783692099832, 0.6242455244064331,80.7675441636393
000121.pid, car, 17.256426591139583, -54.14597261868991, -3.18034462745373, 0.3464834690093994,-100.36131252619867
000121.pid, car, 14.429822228171611, -34.51599381186745, -3.159941120581193, 0.3296296000480652,98.08873549526399
000122.pid, person, 10.58567562103272, -4.511973190307623, -3.641691303253174, 0.48322606086730957,45.170518534580225
000122.pid, car, 22.97832634574489, -25.404048317357116, -2.9001626905642057, 0.6863827705383301,103.54220226711175
000122.pid, truck, 15.04579389095307, -37.61162096261978, -3.2024726668993613, 0.46475836634635925,98.45117851244692
000123.pid, person, 10.601883649826055, -4.501413106918341, -3.635504007339478, 0.5582692623138428,-121.26727643431084
000123.pid, car, 23.01546317338944, -25.407017529010776, -3.0032013654708862, 0.7256535887718201,78.85690977550011
000123.pid, truck, 15.914877740960378, -42.282165000313206, -3.3024560275830708, 0.39574554562568665,99.334284841526
000124.pid, person, 10.575646638870246, -4.525163412094124, -3.646109104156494, 0.43661394715309143,51.68568895119256
000124.pid, car, 22.988689299552675, -25.382345199584964, -2.931412842965895, 0.6831752061843872,98.11877226716827
000124.pid, car, 17.88923962910971, -51.13420559111097, -3.3012788579577492, 0.3177641034126282,-101.652205692817
000124.pid, truck, 15.173041003090997, -35.41622952052525, -3.2397613780839096, 0.44369640946388245,99.36099378774821
000125.pid, person, 10.540652513504035, -4.530213594436653, -3.6579589247703557, 0.47644051909446716,-123.89503719427353
000125.pid, car, 22.98381833469167, -25.410964348736936, -2.8243044334299423, 0.631033718585968,110.67759477201527
000125.pid, car, 17.03268567977413, -44.38787752582181, -3.3522597282163558, 0.4047819972038269,100.92022022969077
000125.pid, car, 18.05565770467123, -50.102989720363254, -3.3250309579512654, 0.31680312752723694,-97.89830866366762
000126.pid, person, 10.521556536356615, -4.536952177683521, -3.6647617816925053, 0.5715983510017395,-120.75804812834576
000126.pid, car, 22.9680549958173, -25.405305469737335, -2.878598353442024, 0.6473421454429626,30.843201758492274
000126.pid, car, 16.752500745985245, -43.57168331852666, -3.336041397518581, 0.5223938822746277,104.44616784040232
000126.pid, car, 18.145440321702228, -49.37846266917694, -3.2734155532641287, 0.3119158446788788,-93.87740914363368
000127.pid, car, 22.973250186804574, -25.406086892792676, -2.8550267508535674, 0.6891922354698181,103.459795554172
000127.pid, car, 17.32747962023761, -45.19078862989271, -3.3390791222855842, 0.5201797485351562,104.98507406681038
000128.pid, car, 22.963170104556617, -25.418836699591747, -2.8309735655784607, 0.6838107109069824,117.58671908920124
000128.pid, car, 16.749154581342427, -40.21875769751413, -3.4183129106249126, 0.4090867340564728,101.4426956347684
000129.pid, car, 22.993282542509196, -25.419242073507874, -2.867346861783196, 0.669327974319458,22.444495256224606
000129.pid, car, 16.814968016839796, -41.440749660615, -3.301008547506024, 0.4336421489715576,102.07999872725077
000130.pid, car, 22.981114917331276, -25.412002828386097, -2.823578953742981, 0.6394606828689575,11.512183311266437
000130.pid, car, 17.413371512764382, -42.049200911270944, -3.395971122540925, 0.39840245246887207,102.81440094471425
000131.pid, car, 23.019315193439358, -25.423512294374667, -2.890322800340324, 0.6664502620697021,67.35380086936854
000131.pid, car, 17.010932614726407, -40.871799838158395, -3.3492411490409597, 0.4211001396179199,107.77322884771552
000131.pid, car, 17.939160053546622, -43.493355971116294, -3.3428543164179874, 0.3038451075553894,106.40967675206429
000132.pid, person, 10.383587519327804, -4.591687997182216, -3.7144271532694497, 0.4512254595756531,-107.17009222185209
000132.pid, person, 12.207930163333295, -20.52603337639257, -3.555370443745662, 0.3019634485244751,97.22598484934018
000132.pid, bicycle, 22.996204488417685, -25.415275068844068, -2.7119189220316264, 0.32946324348449707,46.331314315468724
000132.pid, car, 22.978296173943416, -25.419373565249977, -2.8334591454929776, 0.6395391821861267,104.20640484125703
000132.pid, car, 18.572652925763816, -44.48662251063756, -3.2520566054752895, 0.3083328306674957,-83.44048447602194
000133.pid, bicycle, 22.979040439312275, -25.422462805723534, -2.6872058709462476, 0.3865334391593933,60.07579293253346
000133.pid, car, 22.979256880910775, -25.436604700590436, -2.830102989548131, 0.6164576411247253,19.61901802361648
000133.pid, car, 15.559782211597149, -32.87347848598774, -3.2870459923377404, 0.35210278630256653,101.70813090786645
000134.pid, person, 10.378185590108243, -4.591277758280444, -3.7161522706349697, 0.44413116574287415,-105.96606911103166
000134.pid, car, 23.00455635070801, -25.410680160522464, -2.859223794937134, 0.6178593039512634,60.65824466809879
000134.pid, car, 14.867037909371515, -29.147355709757125, -3.3351097447531552, 0.3384297788143158,101.48927983289101
000135.pid, person, 10.34244346618653, -4.626033624013274, -3.7307651042938237, 0.34939301013946533,-106.7032765720343
000135.pid, car, 22.98238825798035, -25.4060652256012, -2.869085868199667, 0.5520684123039246,41.962633825291086
000135.pid, car, 16.392957097008118, -37.34999524979364, -3.1853855791546044, 0.3633582592010498,104.30317890653785
000135.pid, car, 18.49871232774523, -41.72504244910347, -3.352087292406294, 0.3362492024898529,109.12291082347669
000136.pid, car, 22.969348483615455, -25.38884862263998, -2.8616538136093705, 0.49429574608802795,146.84174261864166
000136.pid, car, 11.50323160956888, -14.85515277525958, -3.406832274268654, 0.3647328019142151,-76.52478994433869
000136.pid, car, 16.829035902023314, -38.77004766464234, -3.295321428775786, 0.324668824672699,108.50661752203924
000137.pid, person, 10.34407806396485, -4.594497871398933, -3.7275295734405525, 0.36147430539131165,-106.81005967496657
000137.pid, car, 22.9514656724601, -25.43266191153691, -2.8270581015225114, 0.43750065565109253,109.73731661677793
000137.pid, car, 11.73017874218169, -16.437632015773232, -3.4187971750895167, 0.3517780601978302,-76.34887790395382
000137.pid, car, 18.694687302907315, -40.50746758778891, -3.3018224636713662, 0.3168735206127167,110.23761728767315
000137.pid, car, 17.35780150095622, -39.52303810119629, -3.258401473363239, 0.3042515516281128,109.01237627995194
000138.pid, person, 10.339344501495365, -4.607268810272224, -3.730176508426666, 0.4285317361354828,-107.53174282880127
000138.pid, car, 18.894323984781906, -40.505614235287624, -3.2078722488312494, 0.4546957314014435,-83.68408866445213
000138.pid, car, 22.98944965485604, -25.433976757910948, -2.7666107531516784, 0.43992191553115845,72.6526030612371
000138.pid, car, 15.812010083879747, -35.36467170715332, -3.2217230342683325, 0.3878575563430786,-61.907823873269
000139.pid, car, 22.990763312891914, -25.422647576583064, -2.7923035056967485, 0.5134420394897461,48.62376506480764
000139.pid, car, 11.51876951518812, -14.979472511693054, -3.4022440784855887, 0.39948132634162903,-76.22954991082347
000139.pid, car, 17.1875943183899, -38.23954887390137, -3.1708433628082253, 0.38111910223960876,111.06765999722279
000140.pid, car, 22.978159063002646, -25.433244200313794, -2.8071766390519985, 0.47402745485305786,140.89717438249306
000140.pid, car, 18.79447408822867, -39.19093359433688, -3.332311309300936, 0.34636572003364563,115.5848813954184
000140.pid, car, 11.501488068524532, -14.781828375423656, -3.4732611319598026, 0.3444983661174774,-76.21287119764892
000141.pid, car, 22.988413991154854, -25.42775396398596, -2.8387616260631665, 0.5350664854049683,27.17253458140108
000141.pid, car, 18.77021015167237, -38.62184799194336, -3.2820273303985594, 0.40646812319755554,116.15337677453604
000141.pid, car, 11.627371311187748, -15.689252924919131, -3.4321285843849174, 0.3673597276210785,-76.26598564524775
000142.pid, person, 10.326515674591072, -4.6487650871276935, -3.737898230552674, 0.3509301543235779,59.046609893000756
000142.pid, car, 22.987141242394085, -25.417525438162002, -2.8522128141843357, 0.5880057215690613,82.5552284189767
000142.pid, car, 18.212791478192372, -37.10140871118617, -3.298835312878644, 0.45647379755973816,119.64916281374444
000142.pid, car, 11.953190803527834, -17.984135714444246, -3.5125541036779224, 0.37751010060310364,97.63203152855563
000143.pid, person, 10.311841487884529, -4.70550978183747, -3.747518658638001, 0.4166664779186249,-116.2548843757946
000143.pid, car, 23.00733627992518, -25.415269851684574, -2.821393545936136, 0.5614942312240601,56.273230315032905
000143.pid, car, 18.868435106779405, -37.26447376451995, -3.2685539596959163, 0.41190093755722046,103.2348374915041
000144.pid, person, 10.315676307678228, -4.6950874328613335, -3.745371294021607, 0.6485728025436401,64.86457041615026
000144.pid, car, 18.8615957406851, -36.07401706010868, -3.3141168508774195, 0.44404008984565735,-74.47901356957487
000144.pid, car, 22.99025388864371, -25.407044043907757, -2.8448904936130237, 0.34557539224624634,54.14372156616972
000145.pid, person, 10.2809336980184, -4.783295949300137, -3.764180580774944, 0.42977067828178406,57.64769264121032
000145.pid, car, 22.95946934643914, -25.412443609798657, -2.8338547945022583, 0.4838145077228546,105.42289025267743
000145.pid, car, 18.851856378408584, -34.57139726785513, -3.3220544961782603, 0.39188459515571594,-85.48366084160193
000146.pid, person, 10.219395909990592, -4.847769941602442, -3.7896589551653186, 0.5366005897521973,44.58689611797467
000146.pid, car, 22.98981144848992, -25.4258321874282, -2.77426315055174, 0.5186835527420044,77.38605813745119
000146.pid, car, 18.69917414909186, -33.36021591896235, -3.3698793621950376, 0.3423426151275635,133.42053487730828
000147.pid, person, 10.238587538401292, -4.863568147023526, -3.784780184427898, 0.5792225003242493,44.95364548684081
000147.pid, car, 22.985261864132355, -25.41221544477675, -2.779924942387475, 0.6378483772277832,36.12693189618211
000148.pid, person, 10.24718208312989, -4.860718250274665, -3.781756973266602, 0.47947582602500916,-130.4586063022641
000148.pid, person, 10.127649647848953, -4.752270051411221, -3.348566004208155, 0.3106619119644165,121.52770811526568
000148.pid, car, 22.985994859175253, -25.43815150405422, -2.764493255904227, 0.6923334002494812,58.98180431299409
000149.pid, person, 10.312755823135383, -4.785660147666938, -3.754055619239808, 0.5985265970230103,55.6362603424063
000149.pid, car, 23.019950866699222, -25.42324195188635, -2.771333063350004, 0.6291412115097046,36.32983043822494
000150.pid, person, 10.29012846946717, -4.820309877395638, -3.764366388320923, 0.5706540942192078,43.248296983940044
000150.pid, car, 23.007457601613016, -25.401336077986095, -2.744985358468418, 0.6138603091239929,111.72480527266491
000151.pid, person, 10.29894129435222, -4.819158395131435, -3.7614105542500806, 0.6335343718528748,50.33805232939044
000151.pid, car, 23.00031305396039, -25.40036831731382, -2.6764909702798594, 0.6380625367164612,143.01956784893173
000151.pid, car, 18.57497383418836, -31.52829707296271, -3.227482965118006, 0.3180016577243805,137.51996029200615
000152.pid, person, 10.30085992813111, -4.806228876113899, -3.759676992893219, 0.7007235288619995,53.75526870718628
000152.pid, car, 22.988398892538893, -25.412842001233788, -2.6828453285353526, 0.6533911824226379,162.0997718331781
000153.pid, person, 10.308366457621263, -4.80133247375489, -3.756827354431153, 0.6544638872146606,57.47813724903555
000153.pid, car, 23.03437995910645, -25.409707621524216, -2.7902426092248214, 0.6275842189788818,166.82531375269787
000154.pid, person, 10.27827199300131, -4.8132208188374905, -3.767627716064453, 0.6457868814468384,55.16956117955246
000154.pid, car, 22.98752569383191, -25.397661147579075, -2.7005528250048236, 0.7055242657661438,151.44651877640803
000155.pid, car, 23.0120782291188, -25.413031858556415, -2.785175281412461, 0.6327147483825684,136.51209936494263
000156.pid, car, 22.995524839921433, -25.424332618713382, -2.737052494829351, 0.6768593788146973,163.86661678850686
000156.pid, car, 19.135297162192213, -28.88326532500131, -3.1626246997288296, 0.33417001366615295,-84.31432434770895
000157.pid, car, 22.975938262939458, -25.41214508056641, -2.6650707817077635, 0.6777171492576599,132.6790729428059
000158.pid, car, 22.95755378723145, -25.453844451904303, -2.640097074508667, 0.6084286570549011,145.9983466258289
000159.pid, car, 22.951031978313743, -25.46065132434552, -2.709731340408325, 0.5096102952957153,150.33933463492744
000160.pid, car, 22.976235182388972, -25.454462963601824, -2.641028217647387, 0.5702760815620422,145.14511119627397
000160.pid, car, 20.06107951145546, -26.403255986232384, -2.9503437444275495, 0.3020666539669037,26.865206107685623
000161.pid, car, 22.975355661832374, -25.44607866727389, -2.6428230817501364, 0.5042476654052734,147.02934773975124
000162.pid, car, 23.022739237005062, -25.464484995061706, -2.68970571864735, 0.39430364966392517,149.64017653948528
000162.pid, car, 19.749867786060683, -25.9917728250677, -2.9675547534769233, 0.3075188398361206,78.18821806809835
000163.pid, car, 19.7356805589464, -25.59310773213705, -2.9361108038160535, 0.3279103934764862,75.67712655429081
000164.pid, car, 19.765370347764758, -25.159432178073466, -2.8413286897871233, 0.4752090573310852,67.8233775776037
000165.pid, car, 20.134585182621798, -24.42863377984965, -2.8479390639179165, 0.505889356136322,-96.54155447546543
000166.pid, car, 20.27010353873758, -23.82703775518081, -2.8755415502716515, 0.4708423316478729,-107.53263813715674
000167.pid, car, 20.399724058671435, -23.555653693459256, -2.8470027490095657, 0.560056209564209,80.58001852656604
000167.pid, car, 21.32199711269803, -22.6903594688133, -2.910053818314164, 0.3123682737350464,-84.59571920730073
000168.pid, car, 20.556921762578632, -23.192485023947327, -2.834751637542949, 0.3703702688217163,75.38287092473081
000169.pid, car, 22.39433271234686, -22.979526433077726, -2.8498795249245386, 0.7206898927688599,-71.09133172467742
000169.pid, car, 20.766602053786773, -22.772340774536136, -2.814249858711705, 0.38911572098731995,77.8396263130076
000170.pid, person, 9.76157987117768, -4.852040112018583, -3.051727861165998, 0.33223187923431396,-105.06156101622784
000170.pid, car, 22.44963417053223, -22.678723971048996, -2.8143012364705404, 0.735703706741333,-72.93810287575457
000170.pid, car, 21.20835685729981, -22.28859450851662, -2.8262515724569126, 0.6921131610870361,69.21081216142194
000170.pid, car, 21.662583186708652, -22.988237348096124, -2.718064119075906, 0.34815019369125366,-62.948445072602176
000171.pid, car, 21.85325686136882, -22.64565811157227, -2.704030394554138, 0.6271637678146362,-67.29316591927477
000171.pid, car, 22.605365533095146, -21.226077153132515, -2.9052597742814283, 0.5226698517799377,-76.69948067955619
000171.pid, car, 21.492681281511175, -22.20003576056902, -2.7306729139283643, 0.39467066526412964,-68.90592375300224
000171.pid, car, 22.466210683186848, -20.64222191319321, -2.930497805277506, 0.30181509256362915,101.9384534464362
000172.pid, car, 22.212249427006167, -22.331967584018052, -2.750100172799209, 0.679716169834137,-72.44409452424335
000172.pid, car, 23.09380782277961, -20.063675830238747, -3.0831563974681653, 0.6213579177856445,100.94128793980691
000172.pid, car, 22.750062697973007, -20.476945877075195, -2.897814811804355, 0.49235808849334717,85.72622136416243
000173.pid, car, 22.341409717906608, -22.116794239390984, -2.808689745989713, 0.75395268201828,-75.21217107278551
000173.pid, car, 23.693492571512863, -19.705368995666507, -3.2289351820945744, 0.6844336986541748,-96.82675117653008
000173.pid, car, 22.99289951324463, -20.1712321472168, -2.9428181123733514, 0.5699106454849243,46.73555753580548
000173.pid, car, 22.20670180625104, -22.601298230759642, -2.761041458616865, 0.463650107383728,-69.57920447054258
000174.pid, car, 22.5988045839163, -21.862582390124984, -2.8241764169472914, 0.657012939453125,-78.96863516142167
000174.pid, car, 23.210660161198795, -20.06246989482158, -2.972590775103182, 0.5938960313796997,51.83079781821742
000174.pid, car, 23.99603151020251, -19.527682254188942, -3.195722291344091, 0.5548445582389832,74.76458881207306
000174.pid, car, 22.33477511550441, -22.995945728186406, -2.7382455450115772, 0.47446009516716003,104.17457930502543
000175.pid, car, 22.81822938739129, -22.118462544567183, -2.8047154039706825, 0.6527606844902039,-81.65299897553231
000175.pid, car, 23.580147834051225, -19.907821655273438, -3.0797335704167677, 0.6383386850357056,45.43381201274958
000175.pid, car, 22.476624322974168, -22.923688473908797, -2.7528124892193335, 0.5440846085548401,101.98216684288562
000175.pid, car, 24.117765903472904, -19.451299142837527, -3.047230541706085, 0.4931682348251343,67.40457105812793
000176.pid, person, 13.523567786583543, -25.754942380465, -3.2286556317256045, 0.34668484330177307,177.19167423957944
000176.pid, car, 23.001527422950385, -21.084815706525532, -3.038315018018087, 0.5216082334518433,-83.25649513342341
000176.pid, car, 23.712047718189382, -19.703526885421187, -3.0790372512958664, 0.4513554573059082,42.19196984923657
000176.pid, car, 24.51603617668152, -19.1470067024231, -3.1042493879795074, 0.37299084663391113,71.94975637199423
000177.pid, person, 13.565148500295795, -25.587859960702758, -3.2189945074228143, 0.3116171956062317,158.80057980579573
000177.pid, car, 23.561949695859642, -19.565462623323718, -2.920612654515675, 0.5032865405082703,-112.94596008741951
000177.pid, car, 22.86603754758835, -24.82339435815811, -2.701083160936832, 0.43320760130882263,100.84447264959111
000178.pid, person, 13.54816913604737, -25.488025426864628, -3.2436814159154896, 0.3820793926715851,172.36488346806763
000178.pid, car, 23.245157241821293, -21.980634327592526, -2.842059176543663, 0.46722519397735596,-87.5474141131491
000178.pid, car, 24.76962266317228, -18.728993997341252, -3.082536877655402, 0.4173676073551178,61.5200162273567
000178.pid, car, 22.975165632035996, -25.44972329669529, -2.680469671885172, 0.37815773487091064,120.17229555657009
000178.pid, car, 23.799271974407258, -19.435070131645826, -3.013639043589107, 0.36734065413475037,41.43872038171475
000179.pid, person, 9.505164827619286, -5.184511661529543, -3.299290180206298, 0.31843382120132446,-120.68717738828519
000179.pid, car, 23.286142587661747, -22.887628714243572, -2.8478734542926145, 0.47866687178611755,83.30345301557648
000179.pid, car, 24.76418031964983, -18.890898140109314, -2.985322981464619, 0.4119257628917694,47.12404031098359
000179.pid, car, 23.81001596047845, -21.36289459550885, -2.9397813199271616, 0.3964134752750397,75.58138301484419
000179.pid, car, 22.944944572448733, -25.414414310455324, -2.3971415638923643, 0.3522306978702545,70.00235113125221
000179.pid, car, 13.551153818766284, -25.385637156168624, -3.2532556533813475, 0.3121996521949768,174.01238488470023
000179.pid, truck, 13.551153818766283, -25.38563715616862, -3.2532556533813457, 0.490002304315567,174.01238488469997
000180.pid, car, 24.7423093215279, -19.069379184557043, -3.1916663128396734, 0.5393437743186951,39.708962519325034
000180.pid, car, 23.22901960519644, -23.356121992453552, -2.8481260874332524, 0.47723424434661865,83.36044085083215
000180.pid, car, 22.997026848070554, -25.412869251135625, -2.7012800592364683, 0.4590802490711212,37.87203509210467
000180.pid, car, 24.46088657379151, -19.068498007456466, -2.956190876166026, 0.3917352557182312,47.92289795917261
000181.pid, person, 13.517311175664274, -25.250017325083423, -3.258811116218567, 0.4237510561943054,177.1277712968002
000181.pid, car, 25.47833810286089, -18.928092471036045, -3.1492398522116916, 0.61094069480896,20.110671866795414
000181.pid, car, 24.69637229919434, -20.947388114929204, -3.0509080266952515, 0.5648216009140015,-107.40223983349279
000181.pid, car, 22.960338332436304, -25.422796075994324, -2.3969542438333686, 0.508390486240387,-129.44539187464258
000181.pid, car, 22.985825388055098, -25.412458720960114, -2.7032058050757954, 0.4448082745075226,38.81877931768185
000182.pid, person, 13.520600711598123, -25.1836545607623, -3.211327594869277, 0.569653332233429,-6.372365184284742
000182.pid, car, 24.751196208753086, -21.31654528567666, -3.026165799090737, 0.6522651314735413,64.07914717253637
000182.pid, car, 22.953624169031784, -25.410551389058437, -2.394134054581324, 0.4648034870624542,74.79261236892944
000182.pid, car, 25.517444685393688, -18.87405444126503, -3.178177894330492, 0.3858729600906372,16.352454343297556
000183.pid, person, 13.50190991621752, -25.08702512887809, -3.2555225812471837, 0.48954328894615173,-170.31075293921407
000183.pid, car, 25.828039223807203, -19.269984980991907, -3.1787889889308376, 0.6781166195869446,-114.28049171777798
000183.pid, car, 24.711723186351637, -21.714143081947615, -2.987622605429755, 0.6328140497207642,63.31672369264494
000183.pid, car, 22.964523587908065, -25.42738527570452, -2.6847712312425878, 0.36516493558883667,85.89986826499951
000184.pid, person, 13.488477843148376, -25.061180795942043, -3.369902423449925, 0.3174923062324524,40.72316639056676
000184.pid, car, 24.906924088795986, -21.7607878446579, -2.994396691521009, 0.6151828765869141,61.09990478561896
000184.pid, car, 26.59630534762428, -18.73229558127267, -3.1541304872149505, 0.5219014286994934,6.159215935112657
000184.pid, car, 23.000846414005057, -25.41219649595373, -2.686336706666385, 0.30615827441215515,55.531987380174975
000184.pid, truck, 13.490597656794963, -25.01234000069755, -3.3046567440032955, 0.3654078245162964,-154.19605637512188
000185.pid, person, 13.52694293430874, -24.960357257298064, -3.4118199859346663, 0.4002363383769989,-126.52219676925134
000185.pid, person, 9.380973989313304, -5.323885094035759, -3.390887108716096, 0.3131427764892578,-93.93312937972681
000185.pid, car, 26.72177808934992, -18.61885265870528, -3.143582360310987, 0.6521751284599304,14.443940307453218
000185.pid, car, 24.665656150655547, -22.164483293573912, -2.9293919218347426, 0.6283515691757202,61.172057022286495
000186.pid, person, 13.526294962565112, -24.877409617106125, -3.4853922684987384, 0.5483279824256897,-112.04027577694927
000186.pid, person, 9.312090317408249, -5.365015109380085, -3.563826302687326, 0.3167063891887665,-118.67529069658471
000186.pid, car, 25.11800046120921, -21.65598998531219, -3.0205600492415896, 0.5621058344841003,58.51585864414645
000186.pid, car, 26.61270625774677, -19.789910316467285, -3.1284843224745518, 0.5597852468490601,-118.4213368525628
000187.pid, person, 13.511893104104441, -24.745155110078702, -3.3977586101083195, 0.5310713648796082,-107.02548079065934
000187.pid, car, 24.844068970791135, -22.461468009061594, -2.9504813149917957, 0.663101315498352,57.332570731754636
000187.pid, car, 27.64423174328274, -18.796215852101643, -3.210016773806677, 0.6504859328269958,17.369460726858073
000188.pid, person, 13.492223819096893, -24.591599623362228, -3.333311339219412, 0.6663092374801636,-127.71745183314101
000188.pid, car, 27.741039071764266, -18.759694984980992, -3.1633101190839485, 0.6477369666099548,11.609131020557877
000188.pid, car, 24.89499343313822, -22.63306780559261, -2.894736795890622, 0.6354697942733765,54.53787480326488
000189.pid, person, 13.514929453531908, -24.46661588880751, -3.3567282491260104, 0.4668293595314026,-129.61630411110332
000189.pid, car, 27.61707967122396, -19.79359722137451, -3.0070519844690953, 0.7993282675743103,-123.67947107581759
000189.pid, car, 25.272136786045174, -22.557419312305942, -2.781673168524718, 0.6235429644584656,51.24710683840061
000189.pid, truck, 13.531931400299078, -24.402370214462284, -3.22541345655918, 0.3633752465248108,-166.5983163721738
000190.pid, person, 13.512958526611335, -24.30256729125977, -3.2114882628122965, 0.4542046785354614,-172.77131458115116
000190.pid, car, 27.773601955837673, -19.988990783691406, -2.978397978676689, 0.7131303548812866,-125.09220752615144
000190.pid, car, 25.562863046472728, -22.306767333637588, -2.877068519592285, 0.5103554129600525,49.88396242192163
000191.pid, person, 13.496271967887886, -24.1819863319397, -3.2535705268383026, 0.427207887172699,-169.18649368252585
000191.pid, car, 27.495350494384766, -20.184126739501952, -3.102525672912597, 0.6545344591140747,-123.3207936092411
000191.pid, car, 26.337889262608122, -21.523510960170203, -2.944467599051339, 0.5774324536323547,-124.70127742424961
000192.pid, person, 13.375640187944693, -24.052506446838382, -3.217253684997559, 0.46959972381591797,-159.93703130286366
000192.pid, car, 25.87358044355344, -22.33070368644519, -2.9150812442486105, 0.6403748989105225,46.74726249137067
000193.pid, person, 13.337338374211244, -23.94724655151368, -3.233054601229154, 0.30525827407836914,-163.13566611635105
000193.pid, car, 25.700307357005588, -22.760324282523918, -2.904905575972337, 0.6913400292396545,44.52791745242099
000193.pid, car, 27.720720427376886, -20.78954029083252, -3.2872529881341106, 0.6491513848304749,-128.47100461639985
000194.pid, person, 13.377285838127143, -23.845336914062507, -3.255708545446396, 0.31922560930252075,-172.05598633927076
000194.pid, car, 24.036983797627116, -24.471030019944717, -2.9666894020572787, 0.5952982306480408,39.932595443943804
000194.pid, car, 30.220970426286975, -18.822588421049574, -3.046243395124163, 0.328645795583725,-71.22520474515449
000194.pid, truck, 13.59739881091648, -27.429262797037765, -3.281635999679565, 0.45446670055389404,-79.82717427320998
000195.pid, car, 23.204287370045986, -25.200680017471317, -2.80769952138265, 0.6550085544586182,39.49143367545431
000195.pid, car, 30.480133750221952, -18.864758925004445, -2.979385267604481, 0.6028830409049988,-65.09601399562021
000195.pid, truck, 13.316770700307995, -23.703765135545, -3.2145895407750045, 0.44300463795661926,-162.50466540135633
000196.pid, car, 22.979420762313044, -25.4063263441387, -2.873870322578832, 0.5873798131942749,107.75170053288788
000196.pid, car, 30.832640838623053, -19.071304798126224, -2.9364338397979735, 0.3685649335384369,91.55316340330596
000197.pid, person, 13.309903204441076, -23.47340404987336, -3.3413762599229813, 0.33748775720596313,-166.9322829569867
000197.pid, car, 23.02051048278809, -25.409430007934574, -2.9371816730499267, 0.6229777932167053,70.20244883166227
000197.pid, car, 31.251991159775685, -19.18579707426184, -3.0676571621614346, 0.4332617223262787,-79.76740491147089
000197.pid, car, 32.02441787719727, -19.201386034488678, -2.887771129608154, 0.3583598732948303,1.0487952700279397
000198.pid, person, 13.292105727725565, -23.31512811448839, -3.339847101105584, 0.43461254239082336,-164.3834584638157
000198.pid, car, 23.001235238436998, -25.385549742600016, -2.9262013188723865, 0.5779377222061157,172.11932570266293
000198.pid, car, 31.617534637451175, -19.461464074941787, -3.1978294665996847, 0.3561881184577942,82.47447299539053
000198.pid, stop_sign, 32.11857311542217, -19.28787187429575, -2.970698741766122, 0.36689814925193787,32.14674997582269
000199.pid, person, 13.258469390869148, -23.186120732625334, -3.1931342760721844, 0.3901790976524353,-164.25045784192847
000199.pid, car, 23.0329950266871, -25.403903303475218, -2.923233763924961, 0.577033281326294,51.77706760286923
000199.pid, car, 32.8997323853629, -19.402237755911692, -3.157784061772482, 0.3262854814529419,-2.5120899239558874
000200.pid, car, 22.974347741263255, -25.43032422746931, -2.8423662458147323, 0.6498550176620483,140.52389961648288
000201.pid, car, 23.00036691029867, -25.412098375956223, -2.84710480372111, 0.5881004333496094,48.25029064691686
000202.pid, car, 23.00421890459563, -25.37383260224995, -2.928062344852247, 0.5567680597305298,62.9441489777345
000202.pid, car, 34.221686045328774, -19.854949315388996, -3.0166667832268605, 0.3262808620929718,4.198397903614184
000203.pid, car, 23.02087614271376, -25.323274718390575, -2.7614863183763294, 0.5435020923614502,16.904390567283116
000204.pid, car, 23.064036928374197, -25.214476815585435, -2.7741403250858703, 0.5715575814247131,166.5551017495868
000204.pid, car, 34.85331479964718, -20.153866737119614, -2.9946096712543113, 0.34740445017814636,24.544991135802093
000205.pid, car, 23.117667198181156, -25.042038917541507, -2.7942997217178345, 0.6189335584640503,-156.41356346984753
000206.pid, car, 23.149009557870723, -24.852146075322082, -2.698373794555664, 0.7165499925613403,73.41676917992595
000207.pid, car, 23.262175948531542, -24.544294145372184, -2.8713026311662464, 0.7104443907737732,73.76072094480031
000207.pid, car, 35.927898254394535, -20.38252830505371, -3.044210567474364, 0.5277615785598755,-108.98664478015343
000208.pid, car, 23.34995949268341, -24.37407386302948, -2.651942007243633, 0.6850226521492004,82.79108048880907
000208.pid, car, 11.173872947692875, -15.029754340648651, -3.7474409192800513, 0.40196117758750916,103.34571765996857
000208.pid, car, 36.18274660463687, -20.510514224017108, -2.972157919848406, 0.34295982122421265,-78.22673794645524
000209.pid, car, 23.469432892337924, -24.11020881898942, -2.863366211614301, 0.7346320152282715,108.7933155087663
000209.pid, car, 36.79213073730469, -20.508896865844726, -3.1033819293975817, 0.4457129240036011,48.675807948026325
000209.pid, car, 11.007235727812118, -14.378660829443684, -3.8424669943357763, 0.37415236234664917,103.6071233039549
000210.pid, car, 23.55899238586426, -23.816963619656036, -2.869668633849533, 0.6945874691009521,79.29519058358237
000210.pid, car, 11.08754569292069, -14.57252442301251, -3.5227852463722225, 0.3869761824607849,103.15420789638311
000210.pid, car, 37.044110558249734, -20.472664312882856, -3.0940861268476993, 0.31919243931770325,48.72873446033921
000211.pid, car, 23.67733848571778, -23.450249481201176, -2.8436552524566654, 0.6603386998176575,76.12982344478864
000211.pid, car, 10.822269386715364, -13.718913873036703, -3.816930400000677, 0.3281853497028351,-69.95643775893527
000212.pid, car, 23.778880323682518, -23.033168656485426, -2.943937821047647, 0.6714797019958496,71.29106618203242
000212.pid, car, 13.234342166355683, -26.059853326706666, -3.276297183263869, 0.39275333285331726,-78.44306937725923
000213.pid, car, 23.91300280888876, -22.5640139579773, -2.9098908007144932, 0.6827899217605591,-101.04929484444204
000214.pid, car, 24.038096046447755, -22.065135478973392, -2.7345045447349547, 0.7262852191925049,-104.40891219283529
000215.pid, car, 24.203803380330406, -21.598573139735635, -2.90416685740153, 0.6322925686836243,61.63904483663513
000215.pid, car, 13.078544817472766, -25.376777548539014, -3.256410987753616, 0.37237846851348877,-77.93487613335472
000216.pid, car, 24.32187105814616, -21.291299819946296, -3.1119232972462973, 0.7174698114395142,-109.20201765536609
000217.pid, car, 24.502244051764997, -20.79561300838695, -3.07257360570571, 0.7002236247062683,-110.80474931789118
000217.pid, car, 13.182823694669288, -27.141141744760372, -3.2129372450021587, 0.37079647183418274,-77.50190405120847
000218.pid, car, 24.69697179292378, -20.332804127743373, -3.0181584107248405, 0.752798318862915,-122.30873796103094
000219.pid, car, 24.860679927625153, -19.992361369885895, -2.970349700827347, 0.7810113430023193,-109.38369083199277
000219.pid, car, 9.883217474993543, -9.849642354775881, -3.8434828449698046, 0.3224713206291199,-71.86343378665686
000220.pid, car, 24.98760831356049, -19.5751383304596, -2.87774857878685, 0.7706435918807983,-105.6450983749344
000220.pid, car, 10.824200963974002, -16.608677482604982, -3.3975160717964163, 0.3881426453590393,-73.32129092889124
000221.pid, car, 25.17533123493195, -19.12551867961884, -2.931313574314118, 0.6757745146751404,70.49639987119069
000222.pid, car, 25.319100932071084, -18.648073096024365, -3.012527239950078, 0.6725703477859497,-101.40015998506553
000223.pid, car, 25.477576087502875, -18.214891882503736, -3.057824050678925, 0.6940727829933167,-100.03355894208593
000224.pid, car, 25.64383207048689, -17.74526337214879, -3.112107719693866, 0.5903846025466919,-103.15666273122292
000224.pid, truck, 12.89667070828952, -26.64797401428223, -3.346147097074067, 0.4295555353164673,-76.26094367141644
000225.pid, car, 25.82405874464247, -17.248546176486546, -3.130427744653489, 0.6501758694648743,62.620200378098616
000226.pid, car, 25.94071731567383, -16.86036434173584, -3.194719346364338, 0.7618318200111389,-107.17903293487822
000227.pid, car, 26.068720408848357, -16.41893754686628, -3.0346888644354677, 0.7806692719459534,-114.61859563291256
000227.pid, car, 10.78351854023181, -16.62958502377335, -3.257460016953316, 0.343385249376297,-73.20165324497503
000228.pid, car, 26.25235544840495, -15.99122823079427, -3.094680213928222, 0.7343915700912476,63.06253467102452
000229.pid, car, 26.395823955535892, -15.59842723608017, -3.19379562139511, 0.7107204794883728,60.930273994888545
000229.pid, car, 9.61904266902379, -10.56359695523445, -3.400870646749223, 0.3568727374076843,102.40334319125061
000230.pid, car, 26.625793965657554, -15.073424275716146, -3.382106288274128, 0.6957995891571045,63.72871683383535
000231.pid, car, 27.52683743563566, -17.459731362082746, -3.0887375528162155, 0.6600743532180786,-66.47431225597953
000231.pid, car, 26.75379738440881, -14.798463454613323, -3.2168504274808445, 0.6171305179595947,-110.56428266232544
000231.pid, car, 10.14243691762289, -13.328821245829264, -3.46631539662679, 0.36788371205329895,103.20962686840346
000232.pid, car, 26.93297906355425, -14.449230714277787, -3.296371416612103, 0.6955459713935852,58.29698396775981
000232.pid, car, 10.670553979419534, -16.376669523261842, -3.514420532044909, 0.4060089886188507,-73.71234662567417
000236.pid, car, 9.914169669151311, -11.981736953370273, -3.754961848258971, 0.3159927427768707,99.15893110376444
000236.pid, stop_sign, 27.744902080959747, -12.568193435668945, -3.00560630692376, 0.43441978096961975,104.50615706763777
000237.pid, car, 9.99299287796021, -13.109229463152591, -3.357289535658699, 0.35622450709342957,101.37098604588189
000238.pid, stop_sign, 28.083230972290043, -12.3730255762736, -3.064877867698668, 0.4264412522315979,-124.40196853556816
000239.pid, stop_sign, 28.73219089508057, -13.873727607727057, -3.0172328233718857, 0.45726674795150757,-68.42168995976061
000240.pid, stop_sign, 28.33895826339722, -11.684620857238775, -3.285895496606825, 0.39110904932022095,67.63412520291607
000241.pid, stop_sign, 29.466887368096245, -15.067920684814453, -2.927068206999036, 0.4574807286262512,-66.36373758014037
000242.pid, stop_sign, 28.378440062204998, -11.37964383761088, -3.251112341880797, 0.38769251108169556,62.3338772928509
000243.pid, person, 10.807811975479133, -18.59202798207602, -3.4052851597468057, 0.3132550120353699,-67.50301369857573
000243.pid, stop_sign, 29.48834300041199, -15.2008370757103, -3.3049834668636318, 0.43957793712615967,-68.44519810609043
000244.pid, person, 10.715773900349943, -18.48145739237468, -3.5820641915003466, 0.3383312523365021,-65.69215555081783
000244.pid, stop_sign, 28.439145905630934, -11.261133943285264, -3.2375051123755307, 0.43663468956947327,77.06535440366049
000246.pid, stop_sign, 28.543039533827045, -11.1567317114936, -3.274526702033148, 0.41764649748802185,-94.19302028540892
000247.pid, car, 9.42227461224511, -12.003069657654992, -3.677298386891682, 0.3234345316886902,97.7132051463808
000247.pid, stop_sign, 30.349188963572185, -16.565996885299686, -3.1038284897804247, 0.38594111800193787,-64.72325376398695
000249.pid, car, 9.16852188110352, -10.919762584070368, -3.6729091140958983, 0.3458579182624817,96.94479706172926
000249.pid, stop_sign, 28.664002990722658, -11.102904129028321, -3.3214732329050696, 0.3647186756134033,-94.42589015440518
000250.pid, stop_sign, 28.662467076228218, -11.064385854280914, -3.3885081181159373, 0.49677175283432007,77.76781569544879
000251.pid, car, 9.230114412307746, -13.401277160644536, -3.4382955551147445, 0.32387039065361023,99.6680520791832
000251.pid, stop_sign, 28.680088520050052, -10.99472181002299, -3.2221716443697592, 0.40472543239593506,-92.19162853022803
000252.pid, car, 9.112727862138023, -10.719954080306572, -3.964937741939837, 0.33777064085006714,95.94693154706646
000253.pid, car, 10.803489548819412, -20.55528804234096, -3.422883766038076, 0.37359365820884705,-72.22810539483046
000259.pid, car, 8.71993593069224, -12.80957797972056, -3.6469944623800403, 0.30351585149765015,96.34970363935807
000260.pid, car, 8.625174155602094, -12.787807204115852, -3.736838725896981, 0.3367297053337097,96.630791819364
000260.pid, stop_sign, 28.72851626078288, -11.046142260233566, -3.301760097344715, 0.3379250466823578,-89.9626945793043
000261.pid, car, 8.527336947123214, -13.815654913584394, -3.6797990957895905, 0.31632083654403687,99.22713501688304
000262.pid, car, 8.30886734448947, -10.462494781384105, -3.856262647188626, 0.35492876172065735,94.92838330843377
000263.pid, car, 28.726731960590072, -10.816637332622824, -3.2590116904332076, 0.35118091106414795,-94.71247802787428
000263.pid, car, 8.17840304741493, -10.97433981356713, -3.829087789242083, 0.33120036125183105,95.57333715667659
000264.pid, car, 8.392849191029875, -13.71751648585002, -3.6341008027394603, 0.3139025568962097,97.25785555786754
000264.pid, car, 28.678432846069335, -10.960135746002205, -3.3528911352157578, 0.30363914370536804,-94.90804708549575
000265.pid, person, 8.810269423893526, -17.27841404506139, -3.4038253171103343, 0.332999587059021,-106.46597479228032
000265.pid, car, 8.212928573290514, -10.7809094923238, -3.7939992547035204, 0.30054184794425964,93.93735512235548
000266.pid, car, 7.939135074615485, -11.441941958207348, -3.791372574292695, 0.3527531623840332,-75.95075670681388
000267.pid, car, 7.968671938952281, -12.214748494765342, -3.691672016592586, 0.33985042572021484,97.49489908270606
000269.pid, person, 28.55512237548829, -12.41705799102784, -3.548288762569428, 0.4273522198200226,-72.71294148015289
000269.pid, car, 7.867455426384424, -12.174465459935805, -3.761807427686803, 0.39273354411125183,97.19485925817622
000270.pid, person, 28.532955169677745, -12.45736185709636, -3.6120943228403726, 0.42787477374076843,114.59329848689912
000270.pid, car, 7.837221980094916, -12.487193167209629, -3.70065540075302, 0.31182968616485596,97.17434632814278
000271.pid, person, 28.522228240966808, -12.460986137390146, -3.7601629892985033, 0.42989128828048706,113.67570309630665
000271.pid, car, 7.894055057974428, -13.33034529405482, -3.5067872299867506, 0.35991883277893066,96.74681527723604
000272.pid, car, 7.87008184856839, -13.13817530870438, -3.5104272630479594, 0.3627520203590393,94.18995014966809
000273.pid, car, 7.930986909305358, -13.528021998046082, -3.442695421331068, 0.35234835743904114,93.18286418693106
000274.pid, parking_meter, 28.664047681368313, -11.155236537639913, -3.3303110782916723, 0.4222815930843353,-89.33020133467366
000275.pid, car, 7.69675378238454, -13.241766228395353, -3.493146433549768, 0.36154183745384216,95.59659387620678
000276.pid, person, 28.47450828552247, -12.38946024576824, -3.601557890574138, 0.3047413229942322,-59.608013448095555
000277.pid, car, 7.5098874709185495, -11.942681256462542, -3.557936626322128, 0.35059604048728943,94.5690964492658
000277.pid, stop_sign, 28.684480520395134, -11.086790818434496, -3.343605444981501, 0.3275277614593506,-90.75424599501318
000279.pid, person, 7.720232820510871, -16.749020957946783, -3.1704629659652714, 0.3188093602657318,-62.72705554050646
000279.pid, car, 7.444651603698737, -12.163613186942207, -3.572128971417744, 0.36636319756507874,93.45942151246227
000280.pid, car, 7.369083298577207, -12.177087227503458, -3.5774286852942563, 0.309748113155365,93.58037991745522
000281.pid, car, 7.37724102244658, -11.484901123187122, -3.6152228046866015, 0.3691011965274811,91.74653004415252
000281.pid, stop_sign, 29.339529917790344, -13.518753932072567, -3.279998045701246, 0.31628531217575073,-68.68673039774475
000282.pid, car, 7.18007259368897, -10.525555896759034, -3.76262331008911, 0.3598487377166748,-79.9850016441911
000282.pid, stop_sign, 28.706278228759764, -10.960489145914714, -3.2848640759785965, 0.3207363188266754,-91.16841613579044
000283.pid, car, 7.229654497570465, -12.70346744855245, -3.4845617877112485, 0.37558355927467346,93.11622668380323
000284.pid, car, 28.68281618754069, -11.024355634053547, -3.283057991663613, 0.4720346927642822,-92.19666687608495
000285.pid, car, 28.743784141540534, -10.640085124969481, -3.183087348937987, 0.4098680019378662,-94.94068427238167
000286.pid, person, 28.57581647237143, -12.450851440429695, -3.7650436560312905, 0.3975486755371094,96.49539657160317
000286.pid, person, 7.241474628448495, -16.4771770477295, -3.347252082824707, 0.3555191457271576,-85.08486051811883
000286.pid, car, 28.685967063903814, -11.122397613525388, -3.4596613883972154, 0.5104085803031921,-90.92766801028418
000286.pid, car, 7.2563714981079155, -10.578420177102092, -3.720588648319244, 0.3419007956981659,88.00288717640312
000287.pid, car, 7.077433636313995, -11.96202678821589, -3.5604266367460546, 0.36100175976753235,89.26597137193323
000287.pid, car, 30.018288685725285, -15.848705951984112, -3.2560791052304774, 0.35750600695610046,-68.66623939730414
000288.pid, person, 28.565423329671233, -12.477989196777353, -3.7651607990264897, 0.3104283809661865,96.313532323674
000289.pid, person, 28.538193384806323, -12.471750577290862, -3.613618930180868, 0.42013823986053467,120.0174827110572
000289.pid, car, 7.137938363211499, -10.49799928849652, -3.7375941276550284, 0.34811171889305115,86.32065207086885
000290.pid, person, 28.4852261543274, -12.41349959373475, -3.5402216315269475, 0.3985083997249603,-91.43069484822377
000290.pid, car, 6.843743212082813, -12.565760230919459, -3.554209274404189, 0.3218316435813904,88.24324071817111
000290.pid, stop_sign, 28.694600618802586, -11.017358119671162, -3.331112696574283, 0.3390679657459259,-94.40325354411209
000291.pid, car, 7.046999269061623, -9.526449749039282, -3.8195597993002988, 0.4175533652305603,85.3783943677139
000291.pid, stop_sign, 28.708213965098064, -11.023725509643555, -3.361901303132374, 0.39373746514320374,-89.96525375653206
000292.pid, car, 6.5717429273268815, -10.59217795203714, -3.7483401859507834, 0.3942347764968872,-83.99715095667699
000293.pid, person, 28.50833463668824, -12.394988298416147, -3.5427544116973877, 0.3614062964916229,-64.20148238111415
000293.pid, car, 8.393461190737217, -15.456927104638172, -3.8043596744537345, 0.4370668828487396,-70.66078135028835
000294.pid, person, 28.143527984619148, -12.127017259597787, -3.4162518382072458, 0.3176649808883667,142.96156594431525
000294.pid, car, 6.866593281428023, -6.080419750263296, -4.040884296099343, 0.3702353239059448,74.86500019701779
000295.pid, car, 6.951556716646474, -13.5460719040462, -3.7719627107892704, 0.3718477189540863,-72.10845867648831
000296.pid, person, 28.52278137207032, -12.406638145446783, -3.544808208942414, 0.34052062034606934,-62.70105701605464
000296.pid, car, 8.864815822014448, -19.15701291538202, -3.6106256154867302, 0.3883483111858368,-69.57326604994708
000297.pid, person, 28.539098103841155, -12.413277943929044, -3.6106679439544678, 0.4045833647251129,-71.24161510150253
000297.pid, car, 9.147489603827987, -19.042931668898643, -3.7756544421700853, 0.3652786314487457,-68.84564099993665
000299.pid, person, 5.900914827982594, -16.20124212900799, -3.37285308043162, 0.42596444487571716,95.84829364225415
000300.pid, car, 6.232200426213887, -10.527232899385343, -3.834883774028104, 0.419246107339859,-88.83658231665194
000301.pid, car, 6.109116774338948, -11.922548458839838, -3.685476064682006, 0.3698650002479553,82.75536505912783
000302.pid, person, 28.57309850056967, -12.471136411031091, -3.6176150639851894, 0.3287647068500519,132.77291557586736
000302.pid, car, 9.346362664149364, -20.0768196723209, -3.7108459656055146, 0.4694560170173645,104.20242795741252
000303.pid, person, 28.511536280314136, -12.35967222849529, -3.4020336469014487, 0.38370949029922485,-76.19468148820445
000304.pid, person, 28.583333333333343, -12.456810951232917, -3.766094366709391, 0.39956116676330566,93.76107329672992
000304.pid, car, 9.500886082649236, -21.024147663265467, -3.684176266193388, 0.3919409513473511,104.51632107555216
000305.pid, person, 28.526288350423187, -12.3822250366211, -3.404749075571696, 0.3525002598762512,-68.44955998333106
000311.pid, stop_sign, 28.718486492450424, -10.828186035156252, -3.2251422772040717, 0.31080061197280884,-95.43033287277609
000312.pid, car, 28.675157229105633, -10.944278081258142, -3.270128448804218, 0.3148511052131653,-91.5684401555275
000314.pid, car, 28.691351954142252, -11.028138033548995, -3.2842589378356926, 0.38194453716278076,-91.11058592705106
000315.pid, car, 28.735075170343578, -10.755633007396353, -3.4113938374952824, 0.34879711270332336,-94.34841179890174
000320.pid, car, 8.616328207651781, -16.713483301798508, -3.9049355347951242, 0.4290492534637451,-68.16100711127464
000321.pid, car, 9.51347790445601, -15.601950557104185, -4.044054797717502, 0.39989137649536133,-71.92044051505226
000322.pid, car, 4.4105842113494935, -11.204307283673975, -3.7669955321720656, 0.4104759395122528,72.59324058160098
000323.pid, car, 4.257700078627646, -11.438661547268142, -3.8737037462346686, 0.4225262403488159,70.97216473550488
000324.pid, car, 28.721678513746994, -10.674905776977539, -3.351435349537775, 0.3897288739681244,-95.50996289021816
000324.pid, car, 7.842044671376552, -7.033695408039628, -4.403926319546168, 0.3576364517211914,-73.66925097398979
000325.pid, car, 28.711177984873455, -10.950443903605153, -3.2900039354960113, 0.38657480478286743,-94.29298903262526
000327.pid, car, 3.890902452998696, -11.63661591211955, -3.8603554831610776, 0.3965517580509186,69.10784430963359
000328.pid, car, 3.857693753744434, -11.388054747330518, -3.885841444918983, 0.30651193857192993,68.93712254450158
000330.pid, person, 28.53551483154298, -12.458135922749847, -3.6123421986897792, 0.3107507526874542,113.44156750221626
000330.pid, car, 9.533810526132592, -16.390307276509706, -3.9760278016328803, 0.35165920853614807,-71.46614182198437
000333.pid, person, 28.525412241617847, -12.374277114868173, -3.4042507012685133, 0.37724539637565613,-69.52668564188986
000334.pid, person, 28.46321423848471, -12.35768445332846, -3.397567510604858, 0.3588007986545563,-52.458588793994316
000338.pid, person, 28.577703475952152, -12.479935010274259, -3.6190694967905688, 0.39130812883377075,119.71369427398909
000338.pid, car, 5.324556112289435, -6.621172626813255, -4.064872483412424, 0.3077073395252228,3.2348735608596484
000339.pid, car, 5.430478399450136, -6.5822860110889785, -4.0319010127674435, 0.3248491883277893,171.77603982655134
000341.pid, car, 28.67560466130575, -10.92434708277385, -3.2719274560610434, 0.3178897798061371,-93.15748487767195
000342.pid, car, 5.366800467173262, -6.546408971150719, -3.9793124596277862, 0.3080357313156128,1.892013161328653
000343.pid, car, 5.328359385331478, -6.49502017100652, -3.947540213664372, 0.31736814975738525,-141.02426519970962
000344.pid, car, 7.43415136337281, -6.885809940099719, -4.308115386962889, 0.31623634696006775,-73.30857473834268
000344.pid, parking_meter, 28.664649168650314, -11.003582318623861, -3.2244713902473436, 0.309796541929245,-91.30809089637191
000345.pid, parking_meter, 28.66424387151545, -11.016128193248406, -3.2164183313196335, 0.3958762288093567,-93.03456171918654
000346.pid, car, 5.296435377814559, -6.513769019733775, -3.949172735214233, 0.34358087182044983,-137.3253248812441
000347.pid, car, 2.703602533539141, -10.560997486114502, -3.822840293248494, 0.33636870980262756,-115.15106627984233
000349.pid, car, 3.215569993873183, -9.756113453915251, -3.9072776593660037, 0.3199542164802551,-116.41350332429712
000350.pid, car, 5.25875027974447, -6.549829483032229, -3.973068912823994, 0.36638668179512024,-124.81715729492771
000352.pid, car, 2.782575846427968, -10.268044698806037, -3.8823877743312285, 0.3521786034107208,-117.70803363542558
000353.pid, parking_meter, 28.732493400573734, -10.81961337725322, -3.3634735147158294, 0.3051571547985077,-94.84639140949588
000354.pid, person, 28.539859771728526, -12.467981020609544, -3.6134411493937173, 0.3850111663341522,116.74108489446078
000355.pid, person, 28.51366869608562, -12.38139533996583, -3.4032471974690757, 0.31628555059432983,-73.03314943312873
000355.pid, stop_sign, 29.44448401711204, -14.02121266451749, -3.175877701152454, 0.3936862349510193,-68.61541293176842
000356.pid, person, 28.58555030822755, -12.481295267740895, -3.768299659093221, 0.3258996307849884,118.53192385841662
