000029.pid, person, 11.38928365707398, -2.705004930496222, -3.643096864223481, 0.6242303252220154,-123.77538079975437
000030.pid, person, 11.535459995269782, -2.544177532196051, -3.454711715380352, 0.39532655477523804,-109.14417482157691
000031.pid, person, 11.346663157145189, -2.750653266906745, -3.7479689915974945, 0.34708744287490845,-121.58724091695194
000031.pid, stop_sign, 37.67861366271973, -43.60089588165283, -2.6003660559654223, 0.5333907008171082,23.500268871323858
000032.pid, person, 11.495771884918216, -2.574278622865684, -3.4935205876827244, 0.4548489451408386,56.903478757331854
000033.pid, person, 11.399806499481207, -2.7001274824142527, -3.6383889317512517, 0.648276686668396,-121.83159659045927
000034.pid, person, 11.48455142974854, -2.6102701028188133, -3.4841178258260093, 0.6482552289962769,69.78261432935575
000034.pid, stop_sign, 38.62921333312988, -43.33413219451904, -2.617551147937772, 0.5012986660003662,-161.1396187756317
000035.pid, stop_sign, 37.72618187798395, -41.55310355292426, -2.894813656806944, 0.5501809120178223,99.80114496932508
000037.pid, person, 11.514354705810554, -2.5532329082489076, -3.572470247745514, 0.6443012952804565,66.62520938237361
000038.pid, person, 11.394233703613288, -2.666038513183601, -3.7790270447731027, 0.5539085865020752,-118.98535112298725
000038.pid, stop_sign, 38.732614789690295, -43.059819902692524, -2.4520011459078077, 0.5068779587745667,-159.8610672514305
000039.pid, person, 11.483419100443527, -2.630047082901008, -3.48476505279541, 0.5103563666343689,72.11318048721128
000039.pid, stop_sign, 37.150870186941965, -37.75836617606028, -2.0850258554731083, 0.4709649384021759,100.17439044346307
000040.pid, stop_sign, 37.919411182403564, -41.40689420700073, -2.8909870684146854, 0.37697774171829224,100.47924696280062
000042.pid, person, 11.396531820297245, -2.664128065109259, -3.777639627456666, 0.5325180888175964,-119.76249618003612
000043.pid, stop_sign, 38.12963638305664, -43.23327865600586, -2.884352684020995, 0.5506484508514404,15.333616677860196
000045.pid, stop_sign, 38.306094169616706, -43.40152835845947, -2.6123298406600926, 0.45750725269317627,26.980095053901096
000047.pid, person, 11.35118738810222, -2.751867930094408, -3.7479859193166107, 0.5532811284065247,-121.23360677174827
000049.pid, stop_sign, 37.93174743652344, -43.754072189331055, -2.356620371341704, 0.5500108599662781,-70.27653161337133
000051.pid, person, 11.375903606414802, -2.719389478365587, -3.617320617039999, 0.47256579995155334,-126.53477215424255
000052.pid, stop_sign, 37.54672622680664, -41.50488798958914, -2.4913229601723788, 0.4587552547454834,99.2125162557077
000053.pid, person, 11.516053199768074, -2.5592564582824777, -3.522230100631714, 0.5219172835350037,67.1808814777038
000054.pid, person, 11.30392519632976, -2.8629189332326326, -3.5615786711374926, 0.42775511741638184,-130.97229082692627
000054.pid, stop_sign, 37.65220478602818, -41.56828144618443, -2.4989710705620882, 0.5725686550140381,99.49052903565777
000055.pid, person, 11.529989242553716, -2.518960793813077, -3.67083477973938, 0.5220630764961243,-102.7405590137457
000056.pid, person, 11.300390243530279, -2.782521188259132, -3.819604277610779, 0.469879686832428,50.32435298574192
000056.pid, stop_sign, 37.61620426177979, -43.443909645080566, -2.757407009601592, 0.46205201745033264,84.65446586388357
000057.pid, person, 11.510397672653205, -2.5700073242187567, -3.574160635471345, 0.5337052941322327,67.1286704489993
000058.pid, person, 11.356842994689949, -2.747883796691901, -3.7459563414255785, 0.5429206490516663,-120.41286120129328
000059.pid, stop_sign, 38.203756604875835, -43.74274771554129, -2.411645122936792, 0.5544516444206238,35.644237976868126
000060.pid, stop_sign, 37.81712245941162, -41.07652258872986, -2.9577576965093595, 0.5048847198486328,100.9432077319841
000063.pid, stop_sign, 38.00947897774832, -43.46778379167829, -2.5935245582035598, 0.4998965561389923,23.300205068719862
000064.pid, person, 11.513085603713995, -2.562719523906715, -3.573789417743683, 0.3742489814758301,68.5909457062664
000064.pid, stop_sign, 37.773314581977004, -41.76519372728136, -2.6079293754365698, 0.4842815101146698,99.46816548363721
000065.pid, person, 11.3889172077179, -2.6719637513160777, -3.781018555164337, 0.5839197039604187,-118.23895051108761
000067.pid, person, 11.347573916117355, -2.748823006947841, -3.7477883497873954, 0.6046594977378845,-121.81686007394958
000068.pid, person, 11.49964570999146, -2.569330155849463, -3.5779499411582956, 0.3750295042991638,71.29090704476766
000068.pid, stop_sign, 37.43122821384006, -40.425529691908096, -2.492850859959919, 0.6001516580581665,99.87347175440983
000069.pid, person, 11.540627479553226, -2.520599007606513, -3.5798691511154184, 0.3194620907306671,-102.31019651595815
000070.pid, stop_sign, 37.99213112725152, -43.12149217393664, -2.7106526162889244, 0.6302080750465393,80.07582083939278
000072.pid, person, 11.376841227213546, -2.7154815594355335, -3.6155742406845093, 0.47140422463417053,-125.54140864889189
000074.pid, person, 11.531244277954109, -2.5053155422210773, -3.6678398450215663, 0.42090022563934326,-104.75279928898149
000074.pid, stop_sign, 38.25363969802857, -43.64242744445801, -2.4043544381856905, 0.5835688710212708,47.33628030348516
000076.pid, stop_sign, 38.39580078125, -42.93684310913086, -3.219245433807371, 0.5458049178123474,76.35992605589466
000079.pid, stop_sign, 38.36165142059326, -43.37151527404785, -2.566040456295011, 0.6161929368972778,6.958403787178891
000080.pid, bicycle, 11.513132731119796, -2.58525470892589, -3.3579925696055093, 0.5762332081794739,60.77088046275043
000081.pid, bicycle, 11.427413940429691, -2.6292602221171126, -3.5675620237986245, 0.5067892670631409,-122.45519102828723
000082.pid, bicycle, 11.506522920396597, -2.558143642213617, -3.4536417855156794, 0.4865002930164337,54.33889213011875
000083.pid, bicycle, 11.462091128031416, -2.564405149883701, -3.4540337721506758, 0.3617917597293854,-119.06742018606877
000084.pid, stop_sign, 37.64148902893067, -41.47968888282776, -2.7156877964735004, 0.5220975875854492,99.64327874643182
000087.pid, person, 11.45496569739448, -2.6078356107076077, -3.5453768306308326, 0.4374698996543884,-123.97375204782975
000088.pid, person, 11.444029808044437, -2.6660493910312715, -3.4444299936294556, 0.36297595500946045,-123.01450584433167
000088.pid, stop_sign, 37.993705749511726, -43.431905364990236, -2.485796403884886, 0.5202074646949768,-148.19899563522023
000089.pid, person, 11.50618982315064, -2.553180307149894, -3.4755177795887, 0.5946049690246582,52.62633779450894
000089.pid, stop_sign, 37.771432664659294, -41.81210496690538, -2.8331955671310407, 0.549102783203125,98.64531858871565
000093.pid, stop_sign, 37.314262390136726, -40.84606018066407, -2.2882469892501818, 0.5316244959831238,98.10114530848045
000096.pid, person, 11.499393599373958, -2.5041840076446595, -3.4980430603027344, 0.4423801898956299,-122.15402207064352
000096.pid, stop_sign, 37.61341762542725, -41.550344944000244, -2.8447631597518903, 0.5921264886856079,98.47390773130202
000097.pid, person, 11.48503649234772, -2.544117629528052, -3.4659329950809488, 0.3928529620170593,-120.68258177532766
000098.pid, person, 11.4828454123603, -2.5688374572330113, -3.448712084028456, 0.4019138216972351,-120.02486812004452
000099.pid, stop_sign, 37.87571907043458, -43.51654624938965, -2.4628260135650617, 0.4344612956047058,27.720099327939515
000100.pid, person, 11.420017600059511, -2.6070188879966802, -3.493969410657883, 0.331949919462204,-123.59793312562695
000101.pid, person, 11.452952742576606, -2.5378591120243144, -3.5559061765670776, 0.32698532938957214,-131.33011963291506
000101.pid, stop_sign, 38.11711992536273, -43.46605028424944, -2.499218497957501, 0.3390669524669647,11.425198568656395
000102.pid, person, 11.440052350362144, -2.588474829991665, -3.54435756471422, 0.43721407651901245,-120.15709699676322
000103.pid, person, 11.499735832214359, -2.4967855725969654, -3.4878524371555875, 0.3779332935810089,-126.62615880483452
000103.pid, stop_sign, 38.24735021591187, -43.201334953308105, -2.558244332671164, 0.5418625473976135,9.955297984379742
000105.pid, person, 11.447170734405523, -2.588370998700466, -3.5813700755437217, 0.3637121915817261,-120.25412284373661
000108.pid, stop_sign, 38.41753260294596, -43.457642237345375, -2.249027609825134, 0.5865966081619263,8.543950987310108
000110.pid, person, 11.462574277605333, -2.620493003300265, -3.545280729021345, 0.33449411392211914,-122.39570343802802
000111.pid, stop_sign, 38.50215975443522, -43.464172999064125, -2.4196893374125152, 0.5637534856796265,3.4080746971162776
000112.pid, person, 11.349999427795415, -2.745869557062791, -3.7473661899566664, 0.5216202139854431,-121.58207842449849
000112.pid, stop_sign, 37.504965305328376, -40.085047006607056, -2.587274059653281, 0.6483129262924194,97.9751398313637
000113.pid, person, 11.533577919006353, -2.5300685167312684, -3.581443011760711, 0.35731637477874756,-102.56639655765122
000116.pid, stop_sign, 37.79235992431641, -43.54175720214844, -2.551068973541258, 0.5261049270629883,24.59283586492383
000118.pid, bicycle, 11.3409283955892, -2.7612020174662333, -3.751989205678305, 0.3715425729751587,-122.3093346942581
000119.pid, stop_sign, 37.4597716331482, -40.22240424156189, -2.590705797076225, 0.6709563732147217,97.76566268825464
000125.pid, person, 11.347452163696296, -2.7684277892112794, -3.6480448842048645, 0.4573950469493866,-125.56092208735734
000129.pid, bicycle, 11.343817392985033, -2.757889747619636, -3.751318534215292, 0.6218758821487427,-122.79355557675558
000132.pid, person, 11.370558420817062, -2.649268547693895, -3.9418662389119468, 0.5904147624969482,-119.46159082952542
000134.pid, person, 10.276897668838505, 25.157066106796265, -4.299943387508391, 0.32028549909591675,-72.49841503727347
000135.pid, person, 11.347267786661789, -2.7498493194580136, -3.74884343147278, 0.39358198642730713,-121.51909185007764
000136.pid, car, 11.389641125996912, 21.868487040201824, -3.964063437779744, 0.32260870933532715,119.9379335819444
000139.pid, stop_sign, 37.1992172241211, -40.577225875854495, -2.4679731130599953, 0.410052090883255,97.90413144509236
000141.pid, bicycle, 11.531195004781091, -2.503860235214241, -3.6684833367665615, 0.7008154392242432,-102.60255098156426
000144.pid, person, 12.127696990966802, 15.670992504466664, -4.008898800069635, 0.3301611840724945,114.78158501983218
000145.pid, person, 12.008876966393515, 15.929046672323476, -4.052985398665718, 0.30439406633377075,-71.2819667910195
000146.pid, person, 12.05496766017034, 15.545545944800743, -3.969542264938354, 0.31574565172195435,-72.83798553714496
000148.pid, person, 12.560626610465674, 13.646457298942233, -3.8667839713718575, 0.3044146001338959,-67.4910088246906
000149.pid, person, 11.34800529479981, -2.7459878921508856, -3.7486755053202323, 0.31954631209373474,-121.56690907361249
000151.pid, bicycle, 11.365288496017463, -2.74881702661515, -3.6376217007637033, 0.42826375365257263,-122.63963167736077
000152.pid, person, 13.69423066014829, 10.046518906303072, -3.610005036644313, 0.3210214376449585,115.93500445137954
000152.pid, bicycle, 11.401503801345829, -2.6606483459472723, -3.7761021256446843, 0.3687993288040161,-120.57781891158118
000155.pid, bicycle, 11.405734062194831, -2.670221030712135, -3.7750041484832764, 0.45071351528167725,-119.67821209530732
000156.pid, bicycle, 11.350940704345712, -2.750979900360115, -3.748212575912477, 0.4523138403892517,-121.71465444140287
000158.pid, bicycle, 11.350637435913091, -2.7506728967030907, -3.7484541734059658, 0.4619802236557007,-121.91751491603756
000159.pid, bicycle, 11.520944023132328, -2.5546354293823312, -3.523235130310058, 0.3715042173862457,69.0185149588874
000160.pid, car, 17.20774408487175, -60.16462854238658, -3.4143078877375674, 0.3244834840297699,-123.06291876842093
000161.pid, stop_sign, 37.73157196044922, -43.61393203735353, -2.4840522289276117, 0.48618584871292114,15.736767798509765
000163.pid, car, 14.671298554069118, 1.7827960893597536, -3.628097025971663, 0.34111860394477844,96.91174579660814
000163.pid, stop_sign, 37.14632511138916, -40.54219675064087, -2.4480402171611764, 0.4313623011112213,97.08968444543481
000164.pid, train, 14.868438593546552, 1.0078214526176423, -3.5649224175347216, 0.43191516399383545,96.68067776670468
000165.pid, person, 17.07588720321657, -57.816736221313484, -3.3585448463757834, 0.34086036682128906,87.94032323205955
000165.pid, car, 14.958929283674376, 0.23688309721994638, -3.678806681965672, 0.6275274157524109,96.82024964763885
000166.pid, bicycle, 17.283021518162336, -56.8367647443499, -3.4882377215794156, 0.3283252418041229,84.41907447398711
000166.pid, car, 14.824804615974429, -0.44541337490081967, -3.6306553900241845, 0.6175019145011902,-79.74544733971146
000167.pid, car, 15.100970154716858, -1.2657802079227731, -3.5980776888983583, 0.3105399012565613,97.69818702344271
000167.pid, stop_sign, 37.41062273297992, -41.04503195626395, -2.3780016728809885, 0.4254280924797058,98.79910648524807
000168.pid, person, 17.558240288182322, -55.3703677528783, -3.1770047388578715, 0.3305349349975586,81.43994934357217
000168.pid, car, 15.254920323689781, -1.8214131343281943, -3.606347242991129, 0.3447416424751282,101.19918588120804
000169.pid, bicycle, 11.529557228088384, -2.525666952133185, -3.6695564587910976, 0.41045278310775757,-103.62120246337057
000169.pid, car, 17.721502849033914, -53.477185748872316, -3.3091609364464167, 0.34072235226631165,-98.35338951637101
000169.pid, stop_sign, 37.915381840297165, -43.777191162109375, -2.405347755977085, 0.33727607131004333,-63.38211324120311
000170.pid, car, 17.97775545987217, -52.605552153153866, -3.2344201478091152, 0.4690305292606354,-100.25052593186629
000171.pid, car, 18.168119239807137, -51.765386327107755, -3.2981230179468795, 0.39919334650039673,-101.47470138847504
000171.pid, car, 15.479736179775664, -4.4743189891179425, -3.5441731982760953, 0.3183702230453491,97.96841428070968
000172.pid, bicycle, 15.372550805409752, -2.9970801870028243, -3.205793261528015, 0.3070719242095947,-26.565277048050817
000172.pid, car, 18.204654562062238, -50.92106496876684, -3.225050868659184, 0.5101944804191589,-100.17300140919627
000172.pid, car, 15.506206889485206, -5.076471295467644, -3.474451952202375, 0.4429258108139038,-78.87533593404834
000173.pid, car, 18.39401328563691, -50.07676601409913, -3.291759215295315, 0.42073777318000793,-106.7396963674544
000174.pid, car, 14.960246944427492, -5.061266326904304, -3.2913052082061767, 0.5206497311592102,-115.84845481750665
000174.pid, car, 18.484681193033857, -49.23051155938044, -3.3341341707441536, 0.5103310346603394,-101.32818736613726
000175.pid, person, 13.694041105417112, -20.99185879413898, -3.2568440804114696, 0.48885995149612427,-76.56910850605817
000175.pid, car, 18.347040123409705, -48.940522087944885, -3.177663571304745, 0.5067809224128723,-95.07464174906247
000175.pid, car, 17.192969730922155, -31.39449894428253, -3.410453779356819, 0.3686962127685547,95.37064834542089
000175.pid, car, 15.972732941309614, -7.559547874662613, -3.5380084183481, 0.33213526010513306,92.01225870586012
000176.pid, person, 12.554630374908454, -11.999052906036379, -3.268935346603393, 0.45268040895462036,-76.45680706421857
000176.pid, person, 17.201125658475437, -25.53351821654882, -3.4191608734619914, 0.31896066665649414,-78.54918798252521
000176.pid, car, 18.55824900782386, -48.25581617133563, -3.1716623306274414, 0.523964524269104,-90.47111934337647
000176.pid, stop_sign, 37.79753799438477, -43.906491088867185, -2.3570801973342874, 0.4303551912307739,-56.69887327321934
000177.pid, person, 11.958108997344977, -7.163623285293582, -3.240836811065673, 0.3578585982322693,-76.38271844514543
000177.pid, person, 16.069401447589584, -9.161940748874958, -3.5206067103606, 0.3305952847003937,91.86772860787035
000177.pid, car, 15.39679098129273, -7.313408327102669, -3.405831408500672, 0.6882597804069519,-120.4265366101817
000177.pid, car, 18.612066165820977, -47.34821340200064, -3.169793161186012, 0.5326504111289978,-86.99942169535154
000178.pid, person, 11.428773403167733, -2.2812593936920207, -3.3241614580154404, 0.3317815363407135,-86.69340759483839
000178.pid, car, 15.051066398620609, -8.433076994759702, -3.456281219209944, 0.7106732130050659,-113.28662011202533
000178.pid, car, 18.698652311813007, -46.60454656911451, -3.1584678583366927, 0.530843198299408,-89.7574939851288
000178.pid, car, 17.402445810812495, -28.517732708542436, -3.3458719562601154, 0.34434986114501953,95.54410959539754
000179.pid, person, 11.420131955827989, -2.297097878796715, -3.5228094884327468, 0.3476123511791229,80.03467586692662
000179.pid, car, 15.554567760891386, -9.251237904583968, -3.3324243227640786, 0.8432353138923645,-102.53906037069072
000179.pid, car, 18.87131495909258, -45.797543699091136, -3.2239298657937483, 0.5081950426101685,-87.9146645666766
000179.pid, car, 17.41570751483624, -27.656589948214016, -3.3771751752266512, 0.42908182740211487,-78.1115668246029
000180.pid, person, 11.4449733098348, -2.2938632369041456, -3.4160814483960458, 0.4272545874118805,-89.06004542502671
000180.pid, car, 15.344070954756306, -10.07526254653931, -3.305823727087541, 0.8163734674453735,-109.69692646579892
000180.pid, car, 18.95014556573362, -44.86072112102899, -3.1555304721910127, 0.5097127556800842,-90.7176644551221
000180.pid, car, 17.340355695304225, -27.568118370185463, -3.3103560431528893, 0.4022454619407654,-77.83772267658799
000181.pid, person, 11.430354118347172, -2.3211030043088474, -3.4497941457308245, 0.49309858679771423,-41.50552674469749
000181.pid, car, 18.977724400962277, -44.164516355933216, -3.217124002735789, 0.5271903872489929,-84.79831294185726
000181.pid, car, 15.530253487664304, -10.926682549553952, -3.3331461726008236, 0.492059588432312,-114.3477998254063
000182.pid, person, 11.446106978825162, -2.3093581369944993, -3.4320587941578453, 0.507395327091217,-86.54646918241605
000182.pid, car, 15.54907871882121, -11.653521569569909, -3.339722752571106, 0.8231846690177917,-103.88617733047792
000182.pid, car, 19.005541942737725, -43.18563567267525, -3.1901494087996305, 0.517839252948761,-84.63102339747465
000182.pid, car, 17.58057671262507, -30.556167418496656, -3.201654116312662, 0.3310626149177551,96.55043713970147
000183.pid, person, 11.454328276894316, -2.3202124508944464, -3.4305836070667595, 0.4955258369445801,-61.16761684677393
000183.pid, bicycle, 11.53321552276612, -2.5118807951609354, -3.6688114007314048, 0.4426741600036621,-102.76365801817445
000183.pid, car, 15.757455945014955, -12.790404637654627, -3.1664724747339883, 0.8276729583740234,-96.22119111917974
000183.pid, car, 19.026087598980602, -42.44405724867336, -3.1875677693564937, 0.5267415642738342,-89.10019839607449
000183.pid, car, 17.817166888195537, -31.27542309139086, -3.2174981936164517, 0.3014037013053894,96.6645963250857
000184.pid, person, 11.443937821821741, -2.3113956234671864, -3.4317817904732433, 0.4558010399341583,-101.05377717220003
000184.pid, person, 17.968102662459664, -32.59243280991264, -3.2004792690277095, 0.4011085331439972,97.29037782384066
000184.pid, car, 15.687845286201032, -14.502094128552608, -3.3006013982436238, 0.88510662317276,-91.64189936606826
000184.pid, car, 19.1270699677644, -41.48099750942655, -3.22612785409998, 0.49287497997283936,-86.73877827394037
000185.pid, person, 11.406808058420824, -2.3500803907712338, -3.362781643867491, 0.4852520227432251,152.56609203913362
000185.pid, person, 18.02293124097459, -31.3374407950868, -3.2541716606058975, 0.371123343706131,98.25653257731317
000185.pid, bicycle, 11.493222236633306, -2.6158212820688953, -3.481344779332478, 0.5407689809799194,70.57454148198134
000185.pid, car, 15.830393046140673, -15.265395313501362, -3.302219904959202, 0.876501202583313,-92.28817641065785
000185.pid, car, 19.20665783784828, -41.073662115603085, -3.151685748781477, 0.5691153407096863,-83.4637986332574
000186.pid, person, 11.439097785949716, -2.3485803127288847, -3.391108584403991, 0.47744545340538025,-40.346789950806915
000186.pid, person, 18.169702218129085, -32.071116905946, -3.213598663990314, 0.4156917631626129,98.8392960628726
000186.pid, car, 15.780665874481205, -16.147445566513962, -3.256977719419143, 0.7493607401847839,-81.99815584278838
000186.pid, car, 19.13723179079452, -40.15897527730691, -3.160784289521991, 0.5187487602233887,-83.85862047935606
000187.pid, person, 11.40728886922201, -2.340337216854092, -3.3641369740168243, 0.5122086405754089,157.0030757146949
000187.pid, person, 17.93146983508406, -30.6735918768521, -3.177766014789712, 0.3900088965892792,99.10991962812847
000187.pid, car, 15.860817266547164, -16.913758505945623, -3.3094332788301553, 0.8543769717216492,-88.62725952113206
000187.pid, car, 19.251189330528526, -39.19020659348061, -3.1911719092007345, 0.4260193109512329,-83.12500130918951
000188.pid, person, 11.400825142860416, -2.3834777176380193, -3.206684619188307, 0.46815624833106995,-40.18642139639407
000188.pid, car, 15.671652030944827, -17.762018752098086, -3.246875488758087, 0.8480643630027771,-75.48779088021976
000188.pid, car, 19.357952690124517, -38.48262685139975, -3.1684954325358072, 0.46380236744880676,-79.83323570074853
000188.pid, car, 18.082446805892452, -31.24824534693072, -3.1323343130850017, 0.30630365014076233,100.22495733849635
000189.pid, person, 11.424946679009338, -2.346236175960966, -3.340029716491698, 0.5111302733421326,-39.408265387251895
000189.pid, car, 15.88228751591274, -18.446315765380863, -3.3042423588888985, 0.8168044686317444,-76.36729230665927
000189.pid, car, 19.310504169787393, -37.442732794810155, -3.2019859612998314, 0.5202406048774719,-82.66800290894415
000189.pid, car, 18.150296651400055, -30.35466509598952, -3.2540073532324567, 0.3475399315357208,100.88365543278043
000190.pid, person, 11.373396979437937, -2.386427905824451, -3.211282359229193, 0.5232515931129456,-39.84481893176339
000190.pid, car, 15.971239619784887, -19.210294342041017, -3.120227305094401, 0.8277277946472168,-79.37516981173835
000190.pid, car, 19.406322594844937, -36.922092206550374, -3.140893553242539, 0.4713267385959625,-80.75739601906412
000190.pid, car, 18.53108576232312, -31.954953623752967, -3.242133776346842, 0.3547529876232147,101.06979248196882
000191.pid, person, 11.373886320326065, -2.396960894266763, -3.215268452962239, 0.5190281867980957,-36.6226792647102
000191.pid, bicycle, 11.526169776916511, -2.6061514019966188, -3.2517815828323364, 0.3812708258628845,53.29823702516233
000191.pid, car, 15.882392827202295, -20.046819574692673, -3.134015349780812, 0.6915940642356873,-78.44216193428716
000191.pid, car, 19.386107180980932, -35.73164862774789, -3.153963550608209, 0.47269967198371887,-83.86233707767084
000191.pid, car, 18.432947811327484, -31.031988595661364, -3.2548922990497786, 0.31197047233581543,102.31470078157096
000192.pid, person, 11.40011766221789, -2.3557638062371162, -3.2111117839813224, 0.44524767994880676,-46.36811823001201
000192.pid, car, 16.221042110073952, -21.230070073117496, -3.245485774932369, 0.7523993253707886,96.82141564338221
000192.pid, car, 19.41679760326039, -35.310551313920456, -3.0837403427470815, 0.48356303572654724,-81.52716628686247
000192.pid, car, 18.02508129896941, -29.659467237967032, -3.053654957700658, 0.3192705512046814,103.94409236601092
000193.pid, person, 11.378431955973312, -2.3890666431850858, -3.212742328643798, 0.3608912527561188,-40.114361605995306
000193.pid, car, 16.22495603037405, -21.84922683631981, -3.2738733553624417, 0.8312727808952332,97.19516284801037
000193.pid, car, 19.516560342576774, -34.460557866979535, -3.149255796715065, 0.4135057032108307,-78.67229984406163
000193.pid, car, 18.183946520090107, -29.750961750745773, -3.146793063730001, 0.310050904750824,106.15075800047127
000194.pid, car, 16.0145127712152, -22.484445816431293, -3.181772005863679, 0.698904812335968,-74.24211038471901
000194.pid, car, 19.50095699573386, -33.70278305842959, -3.1539990696413764, 0.3455718159675598,-80.2844908083242
000195.pid, person, 19.48847542868721, -33.01209423277114, -3.1544092959827847, 0.38853633403778076,-75.28097197494762
000195.pid, person, 11.379160351223423, -2.3878737025790744, -3.2116290993160654, 0.304756224155426,-39.034826772239164
000195.pid, car, 15.90119002660116, -22.665835316975915, -3.1482141494750975, 0.6975900530815125,-88.89737058403435
000196.pid, car, 15.909867089370204, -23.955733595223265, -2.9474607336110084, 0.7745268940925598,-90.89499064212606
000196.pid, car, 19.552714279719765, -32.219354663576404, -3.0838668985026225, 0.4987137019634247,-83.67855286502427
000197.pid, car, 16.269882747105193, -24.91795858446059, -3.1381830068734984, 0.7881132364273071,-84.14359009443879
000197.pid, car, 19.616792631149295, -31.566268682479866, -3.073017883300781, 0.4357024133205414,-82.26100497229885
000198.pid, car, 16.261589431762697, -25.71214792463515, -3.1402883847554524, 0.8057553172111511,-80.17983963080073
000198.pid, car, 19.704858001397582, -31.401283692340467, -3.0259778742887535, 0.3734711706638336,-86.54551983735831
000199.pid, car, 16.255215182448882, -27.268226739132047, -3.1715015967686973, 0.7664378881454468,97.55094081656117
000199.pid, car, 19.691384869237105, -30.535814839024702, -3.0403337747819963, 0.38765013217926025,-81.74458190727535
000200.pid, car, 16.260583229064945, -27.10596951802572, -3.1423208300272623, 0.7086910605430603,-76.95850224905286
000200.pid, car, 19.794728692972438, -29.60710169234366, -3.090336376765989, 0.41743090748786926,-79.99975257046512
000201.pid, car, 16.232871453840655, -28.050866389012604, -3.1782022963513383, 0.6302951574325562,-78.29139965937946
000202.pid, car, 16.26416810842661, -29.070242808415344, -3.178266404225276, 0.6864927411079407,-79.26111500029347
000202.pid, car, 19.64274937173595, -28.44393290644107, -3.0784130459246426, 0.34577232599258423,-79.61941513941315
000203.pid, car, 16.15665778779147, -30.888406017370396, -3.195197264353434, 0.6688385605812073,92.66792877705628
000203.pid, car, 19.64844963398386, -27.743401263622534, -3.099559520153289, 0.5709308981895447,-81.75546681656232
000204.pid, car, 16.193223190307624, -31.422186660766606, -3.079595720767975, 0.7449471950531006,103.24967080318595
000204.pid, car, 19.652458514807364, -27.472470661379262, -3.0055411356800006, 0.6159517168998718,98.28331566449855
000205.pid, car, 16.172306414003728, -31.839317180492262, -3.0417177147335477, 0.6747816801071167,100.97806145033749
000205.pid, car, 19.727350692749027, -26.862175712585454, -2.993970375061035, 0.5905401706695557,94.80817051121375
000206.pid, car, 15.677057061876576, -32.456228937421535, -2.893120918955122, 0.564456045627594,-69.63049842152628
000206.pid, car, 19.710299861674407, -26.794075946418612, -2.936735216452151, 0.49554443359375,82.50924763476499
000207.pid, car, 15.729831748538553, -33.23358445697361, -2.757490078608195, 0.6836568117141724,109.49701556034276
000207.pid, car, 19.79094749273256, -26.243170449900077, -2.88248825627704, 0.5287981033325195,83.56295305547225
000208.pid, car, 15.604330149563886, -34.07735373757103, -2.7644917314702817, 0.7033778429031372,99.41476884360968
000208.pid, car, 19.739540686974163, -25.832776045187927, -2.8866720138451996, 0.6229530572891235,91.0190095933909
000209.pid, car, 19.671376210338668, -25.3460660970436, -2.9070409693807924, 0.6356549263000488,90.08409235850004
000209.pid, car, 15.54791668483191, -35.16678782871792, -2.818225962775094, 0.6324942708015442,-65.43130468103251
000210.pid, car, 19.57686217625936, -24.715388735135402, -2.9018491754929223, 0.7013596892356873,95.90423178103399
000210.pid, car, 15.954259745279959, -35.81532160441081, -2.8981639385223392, 0.6420713663101196,-73.81014679320029
000211.pid, car, 19.53980076566656, -24.02341684382013, -2.948919778174542, 0.683621883392334,98.68520704466286
000211.pid, car, 15.798268863133035, -36.89919680640811, -2.9801634152730307, 0.643248438835144,102.41061934589982
000212.pid, car, 15.846985191106803, -37.512374997138984, -3.0329246520996094, 0.6544690132141113,-71.79675482819195
000212.pid, car, 19.37370113372803, -23.692873840332037, -2.9589484405517577, 0.6291817426681519,93.74002251381428
000213.pid, car, 15.681108027696613, -38.20166671276093, -2.9657847434282303, 0.57734215259552,-94.23080717110645
000213.pid, car, 19.29547620287129, -22.910994062236714, -2.9778480062297747, 0.5159508585929871,94.50941141732937
000214.pid, car, 15.748837013244636, -39.07353256225586, -2.9774870586395266, 0.6574294567108154,-68.65510879218485
000214.pid, car, 19.38324752220741, -22.721805132352394, -3.0093739326183613, 0.6108153462409973,99.71817047185252
000215.pid, car, 19.172503486046427, -22.137929593599765, -3.0522693193875825, 0.6472015976905823,93.84078853377314
000215.pid, car, 15.751361406766458, -39.63887244004471, -3.088146200546852, 0.62008136510849,-70.58964536523533
000216.pid, car, 19.19208954120505, -21.489764641071194, -3.0369082935925187, 0.6810524463653564,97.37431598200493
000216.pid, car, 15.755708034221954, -40.645141161405135, -2.986816167831421, 0.6454149484634399,-84.63928699224104
000217.pid, car, 19.096677549954123, -21.239563415790432, -3.056029426640478, 0.6361402869224548,94.45036830970616
000217.pid, car, 15.441119964306182, -41.229360287006095, -2.9712500388805685, 0.6077185273170471,-75.61263486221827
000218.pid, car, 19.123907495052258, -20.899370802209734, -3.132664325389457, 0.6745284199714661,98.58758546887196
000219.pid, car, 18.90964914251257, -20.147672299985537, -3.0918484263949924, 0.5486281514167786,97.3835638904582
000219.pid, car, 15.282624085744237, -42.63828436533611, -2.9336716135342917, 0.5205067992210388,-62.33992515270699
000220.pid, car, 18.86426977383889, -19.933891328714665, -3.113539465403153, 0.6172680854797363,99.45740481518843
000220.pid, car, 15.300961685180681, -43.427500534057636, -3.015162968635559, 0.45909854769706726,-65.92152628533961
000221.pid, car, 18.72745490074158, -19.65712067484856, -3.114018425345421, 0.6702463030815125,93.60117459080705
000221.pid, car, 15.364214352199028, -44.08903966631209, -2.9335255282265797, 0.5825604796409607,-71.47008193897153
000222.pid, car, 18.6693601290385, -19.288404464721683, -3.1139058152834576, 0.6666754484176636,93.6888865891037
000222.pid, car, 14.853661317091737, -45.597460233248206, -3.224359622368446, 0.4249041974544525,-100.39051711622514
000223.pid, car, 18.527063995111188, -18.89671744674933, -3.1183075553081077, 0.5877401232719421,93.40608183673461
000224.pid, car, 18.441165534817443, -18.728748652399805, -3.143980308454864, 0.6373400092124939,93.57646356978962
000224.pid, car, 14.91054732004803, -47.27291208902996, -3.146861314773559, 0.31107863783836365,-81.28622002975547
000225.pid, bicycle, 11.103363990783695, -3.3872075557708805, -3.333221912384033, 0.42342832684516907,-103.20836381928203
000225.pid, car, 18.36081511398842, -18.388667945204112, -3.1740890618028312, 0.7690100073814392,98.18213073414222
000225.pid, car, 15.261803958726976, -48.71257765396783, -3.200105946996937, 0.4003749489784241,-69.11281478305042
000226.pid, car, 18.168071591124246, -17.691056251525882, -3.2735050211147385, 0.741588294506073,106.71310814769629
000226.pid, car, 15.166928238338905, -49.43214257558188, -3.227106829484304, 0.3714292645454407,-80.12074731163369
000227.pid, car, 18.023237101236983, -17.635712273915612, -3.1673915505409242, 0.609311044216156,103.23261759949749
000227.pid, car, 15.061047643423091, -49.94829177856446, -3.225309550762176, 0.37390652298927307,-81.23126941896132
000227.pid, car, 18.346067564828054, -17.89133310317993, -3.3275342370782575, 0.3231368362903595,100.22688410637792
000228.pid, car, 17.96393233079177, -17.11092888391935, -3.2802834694202128, 0.6579298377037048,101.27177969785525
000228.pid, car, 15.050653033786359, -50.902401076422805, -3.2009973658455744, 0.4105145037174225,-77.27467773909336
000229.pid, car, 17.880012512207035, -16.987729972263555, -3.301643326597394, 0.6947283148765564,110.44142580461175
000229.pid, car, 17.900817743937175, -16.71898848215739, -3.5203854322433465, 0.43273431062698364,110.58489010207542
000229.pid, car, 15.072024721087843, -51.6599885189172, -3.266954133004853, 0.3197210729122162,-79.62017172529855
000230.pid, car, 17.716308732827507, -16.744876364866894, -3.2669070611397424, 0.6489570736885071,108.71689856284132
000230.pid, car, 14.763925870259618, -52.56907812754314, -3.179257263739904, 0.4407370984554291,-76.6880351361595
000231.pid, car, 17.62753861637439, -16.553108102184233, -3.331474809323327, 0.6124143600463867,111.72574236159548
000231.pid, car, 14.595630125565977, -53.31022852117366, -3.2929766719991505, 0.4647074043750763,-84.13358477217349
000232.pid, car, 17.66814299992153, -16.61996079853603, -3.27973599093301, 0.589608907699585,112.80929844328472
000232.pid, car, 14.618993441263854, -54.189339229038794, -3.2255651496705546, 0.32977864146232605,-82.719494914173
000233.pid, car, 17.401069484773235, -16.189189832718647, -3.267200841278327, 0.6246947050094604,117.52771346806428
000233.pid, car, 14.642055511474629, -54.72465963924633, -3.3393648932961857, 0.41913992166519165,-79.34334995881358
000234.pid, car, 17.192117326399863, -16.045958154341758, -3.323724213768454, 0.6194536685943604,119.82436711467903
000234.pid, car, 14.352965566847072, -55.64314241762515, -3.326961128800004, 0.396859347820282,-78.49231235070175
000235.pid, car, 17.168434562105123, -15.958548907077677, -3.3113817843523896, 0.7562463879585266,115.3034271521492
000235.pid, car, 14.11056137084962, -56.04754257202149, -3.2634825611114495, 0.3141140341758728,-81.35652188814251
000236.pid, bicycle, 9.517559051513679, -6.03823924064637, -4.115875124931336, 0.3328094184398651,-117.55231771048159
000236.pid, car, 16.93955322265625, -15.757330093383791, -3.3050934505462646, 0.7177168130874634,116.6248795203934
000236.pid, car, 14.384800663700824, -57.436910558629926, -3.179172877912168, 0.32441607117652893,-74.13275233734808
000237.pid, car, 16.99140741114031, -15.60616054869535, -3.365359431818912, 0.7967957258224487,125.93783091216723
000238.pid, bicycle, 9.439554023742682, -5.984272766113288, -4.136614227294922, 0.5129726529121399,60.861083420410566
000238.pid, car, 16.512562994229594, -15.157793529963092, -3.3131980774766308, 0.8550835251808167,130.56398037594246
000239.pid, person, 9.220788240432748, -6.325311660766609, -4.234814643859863, 0.4115370512008667,-117.29141749072195
000239.pid, car, 16.39035074412823, -15.001956492662432, -3.3898911215364933, 0.7360116839408875,126.8538832792824
000240.pid, car, 16.105137805938725, -14.732446556091311, -3.423742370605469, 0.6666646599769592,130.65578281196179
000241.pid, car, 16.280355049391925, -14.96986912872832, -3.3499045008319923, 0.5629017949104309,98.44139476077389
000241.pid, fire_hydrant, 9.107692599296577, -6.677893280982979, -4.00448951125145, 0.31709447503089905,63.43822713236457
000242.pid, bicycle, 13.747779065912436, -61.054209969260484, -3.3597524382851343, 0.3103969395160675,-7.251625968706216
000242.pid, car, 15.844178469975791, -14.574330139160159, -3.4289717713991803, 0.45164263248443604,130.59564942449515
000243.pid, car, 15.905145272976018, -14.555739612114142, -3.3820067149836843, 0.6242318153381348,105.5219233499421
000243.pid, car, 13.761690378189094, -12.874804178873708, -3.405018270015717, 0.5970072150230408,-67.70407006810566
000243.pid, motorcycle, 8.799605178833014, -7.362094020843514, -3.515235042572022, 0.32697731256484985,79.86462879898194
000244.pid, car, 15.42475626203749, -14.04202480669375, -3.4393358451348766, 0.5071159601211548,140.27019012649308
000245.pid, car, 15.191232288584992, -14.016635015899062, -3.470641734553319, 0.5724519491195679,141.5614313130225
000245.pid, car, 12.934727096557623, -12.519019317626958, -3.559518098831176, 0.388580322265625,-99.45106088789157
000246.pid, car, 15.472379738943921, -14.233276012965614, -3.4308742318834575, 0.4058305323123932,81.46398613571603
000246.pid, car, 13.4612653337676, -12.835170351225758, -3.1588950568232046, 0.33689773082733154,162.6893352057899
000246.pid, stop_sign, 37.83671569824219, -43.554494857788086, -2.5190651814142844, 0.4252551198005676,24.64012509613874
000247.pid, car, 14.868806970530544, -13.832664654172701, -3.4728410120668083, 0.47114041447639465,146.12081127710465
000247.pid, stop_sign, 37.66140365600586, -38.98441632588704, -1.8047035932540894, 0.32803875207901,102.02467208049234
000248.pid, car, 14.475863345833714, -13.60812406761702, -3.4161868428075044, 0.5309202075004578,144.05044540843176
000249.pid, car, 14.608364783800567, -13.702016573685869, -3.4337057242026696, 0.7602949738502502,148.15400994035085
000250.pid, person, 7.964117685953783, -8.728520075480153, -3.658665815989177, 0.3083556890487671,-127.94425717663256
000250.pid, car, 14.404863476753237, -13.607984006404878, -3.4511321783065796, 0.5822718739509583,149.93916815863102
000251.pid, car, 14.324679902259343, -13.535013300307256, -3.4635931228069547, 0.4886075556278229,150.81848763312772
000252.pid, person, 7.424908876419074, -9.601422786712654, -3.7096521854400635, 0.3465561866760254,-119.21947587028558
000252.pid, car, 14.268035797845751, -13.460948580787298, -3.3904511077063426, 0.7697295546531677,142.43877399236064
000252.pid, car, 7.090937886919299, -4.233376302889418, -4.086478982652936, 0.34173035621643066,93.64681959410576
000253.pid, person, 7.274583101272589, -9.87931299209596, -3.7001754442850747, 0.4245763421058655,-116.29072072147883
000253.pid, car, 14.178981478621322, -13.433206348884399, -3.3928288831943427, 0.8548873662948608,148.23741596924125
000253.pid, car, 6.978261164256509, -4.313884530748642, -4.106508033616202, 0.33263930678367615,93.14663064679517
000254.pid, car, 14.003725767135624, -13.339285135269169, -3.380240386724472, 0.8076155185699463,147.14582705296797
000254.pid, stop_sign, 37.73043441772462, -43.63640213012695, -2.575191815694171, 0.5644881725311279,21.65825109612595
000255.pid, car, 14.102665124937548, -13.490952203440115, -3.4110168412674304, 0.6847060322761536,147.5551987780415
000255.pid, car, 6.793731492141203, -4.167768827800098, -4.189399390385068, 0.3175950050354004,92.33826233626856
000256.pid, car, 14.268540021535516, -13.546117550617943, -3.422235360016694, 0.770606517791748,151.29995932371895
000257.pid, car, 14.046869713327162, -13.41959213173908, -3.4203031581381094, 0.8516284823417664,148.01770346591348
000258.pid, car, 14.294157624244693, -13.52333154678345, -3.4329869866371157, 0.8750762939453125,149.73371280478537
000259.pid, car, 14.32879617737561, -13.433640270698364, -3.39418888092041, 0.8878728151321411,145.90830799190178
000260.pid, person, 6.400955359141039, -11.243730545043954, -4.115296284357707, 0.35300400853157043,45.12930987170932
000260.pid, car, 14.121748063622455, -13.424936829543698, -3.443439908143951, 0.8962686061859131,148.85859280949154
000261.pid, car, 14.131600811367946, -13.39694554465158, -3.415898113023667, 0.904188334941864,152.26166258127378
000262.pid, car, 14.168979122525172, -13.352963016146708, -3.448079228401184, 0.9098849892616272,142.29714067672242
000263.pid, car, 14.064341696825897, -13.417138836600566, -3.427876889705658, 0.9176245331764221,149.10377853399447
000264.pid, car, 14.209264061667705, -13.384322253140539, -3.414782014760104, 0.9139188528060913,146.31169946213717
000265.pid, car, 14.242289471626284, -13.428380751609804, -3.430888968706131, 0.9137696027755737,145.73550453243175
000266.pid, person, 14.833685531616213, -13.746504936218262, -3.4162752532958978, 0.34754443168640137,101.53969039856226
000266.pid, car, 13.928896563393732, -13.274097419920425, -3.406038000470116, 0.9188817143440247,147.08103148814806
000267.pid, car, 14.121234345436099, -13.428113865852358, -3.442849326133728, 0.9049453139305115,143.90322230225925
000268.pid, car, 14.089783668518068, -13.292146873474124, -3.487890259424846, 0.9097772240638733,147.65530631264087
000269.pid, car, 14.419927227253819, -13.541015625000002, -3.4741672107151578, 0.9095671772956848,152.42242406945618
000269.pid, stop_sign, 37.83238093058268, -43.55205535888672, -2.5187431971232077, 0.48688891530036926,22.09040777453256
000270.pid, car, 14.107859678046651, -13.347356552301454, -3.4502126893331844, 0.9057729840278625,146.76994207738332
000270.pid, stop_sign, 37.149202074323384, -39.87132671901158, -2.1550471952983297, 0.48953768610954285,99.85646022063236
000271.pid, car, 13.98952051488365, -13.33400914727188, -3.400771565553619, 0.91107577085495,150.54605832426617
000271.pid, stop_sign, 36.461931228637695, -32.99592590332031, -1.892642587423323, 0.37608709931373596,-74.01567544684804
000272.pid, car, 14.176907915818067, -13.353646127801195, -3.374267295787209, 0.908843457698822,148.9731902762144
000273.pid, car, 14.140337014809635, -13.356484241974663, -3.3513344617990346, 0.913239598274231,146.16743452437535
000274.pid, car, 14.277362623880078, -13.455554296804031, -3.446913436401722, 0.9063817858695984,151.97747304963494
000275.pid, car, 14.238714343623114, -13.460779516320482, -3.423654242565758, 0.9065253734588623,148.5589832308749
000275.pid, car, 14.79497782389323, -13.676777998606363, -3.438074803352356, 0.30302101373672485,105.94672598631428
000276.pid, car, 14.389577533887783, -13.455791514852775, -3.4384087064991826, 0.909142792224884,144.60908359990628
000276.pid, stop_sign, 37.602714538574226, -43.664117177327476, -2.4597284793853746, 0.43033367395401,20.11443360639191
000277.pid, car, 14.149575442802618, -13.348316541532194, -3.4461408359248464, 0.9165859818458557,146.4349304912357
000278.pid, car, 14.269469994765064, -13.497438235160635, -3.4254339658297033, 0.916042685508728,145.98285354258567
000278.pid, car, 14.35405118537672, -13.053010732838603, -3.485310987992719, 0.31450125575065613,104.49216345619243
000279.pid, car, 13.987566924676665, -13.398861257041375, -3.4310036694131245, 0.9214922189712524,146.14901088691425
000280.pid, person, 14.842518424987796, -13.78555399576823, -3.42490336894989, 0.3495020270347595,100.7472253800877
000280.pid, car, 14.156134150244975, -13.444191087375991, -3.3907760598442773, 0.9162229299545288,145.84549288229226
000281.pid, person, 14.829463869333269, -13.682910263538362, -3.4089002832770343, 0.3023127317428589,109.46286589572486
000281.pid, car, 14.175887471153626, -13.449953033810573, -3.4329623040698825, 0.912221372127533,149.20577363117877
000281.pid, stop_sign, 37.67212677001953, -43.21144027709961, -2.666665935516356, 0.39107730984687805,108.13978791501869
000282.pid, person, 14.963764361846144, -13.771560375507061, -3.5105905349438, 0.34343811869621277,79.33605146242445
000282.pid, car, 14.386891294408729, -13.46360113002636, -3.4943514046845614, 0.9130819439888,146.00061231569455
000283.pid, person, 14.802395405976672, -13.740444639454717, -3.4637711151786466, 0.3618963360786438,94.57795519981252
000283.pid, car, 13.981175971031192, -13.36484789848328, -3.3902680218219756, 0.9158937931060791,146.29132543748983
000284.pid, car, 14.193660898906431, -13.471977024543579, -3.464464949398506, 0.9160373210906982,146.54910868162438
000285.pid, person, 3.253122687339788, -7.667824804782869, -3.3963806927204123, 0.40012484788894653,-82.92962296914439
000285.pid, person, 14.906370391845707, -13.766475639343264, -3.4438377952575676, 0.35155874490737915,96.83369898494018
000285.pid, car, 14.103193478706558, -13.390429350046015, -3.4021206757961173, 0.914933979511261,148.04563355247473
000285.pid, car, 13.138730049133303, -12.842215955257418, -3.1512525379657736, 0.3380436301231384,-42.44611295853227
000286.pid, person, 3.326345708635124, -6.352642748090962, -3.3439435164133693, 0.4335534870624542,19.48030330529417
000286.pid, person, 14.903078880310064, -13.764108924865722, -3.437331218719482, 0.3891497254371643,100.35700654758654
000286.pid, car, 14.136996078491213, -13.3550482749939, -3.4311442434787756, 0.9183967113494873,143.21328050672005
000286.pid, car, 13.19172171390418, -12.84444638454553, -3.1725782914595166, 0.3018095791339874,-48.801896247637025
000287.pid, car, 14.067837063859152, -13.298886182831557, -3.4241668538349432, 0.9183250069618225,146.27828054947764
000288.pid, person, 14.906057730964994, -13.65850713978643, -3.43268757281096, 0.3068605661392212,100.42896777236699
000288.pid, car, 14.053347391959951, -13.387944294856148, -3.3892154693603516, 0.9182767868041992,151.17668570825526
000289.pid, person, 14.865861892700197, -13.811274051666262, -3.4239440560340877, 0.3274911046028137,98.83686746943997
000289.pid, car, 14.0341995716095, -13.358087205886843, -3.393809217214584, 0.9168005585670471,146.54559672273874
000289.pid, car, 13.13315044749867, -12.870354276714902, -3.177392316587043, 0.3034418821334839,-42.79349034542658
000290.pid, person, 14.941808847280651, -13.874292557056133, -3.4225988663159876, 0.31713974475860596,68.7237790695902
000290.pid, car, 14.118867683410647, -13.461085700988772, -3.3815490543842315, 0.9163199663162231,150.5807658145597
000291.pid, car, 13.986947701901808, -13.346937549357515, -3.475239237960504, 0.9181148409843445,150.92554485882806
000291.pid, stop_sign, 37.84993871053061, -43.49920209248861, -2.4618450005849186, 0.37819284200668335,33.329527411445845
000292.pid, car, 13.830192456926621, -13.375547926766535, -3.394803088051932, 0.9126852750778198,150.97338511150855
000292.pid, stop_sign, 37.7482713063558, -43.490051905314125, -2.736583828926085, 0.31312432885169983,-96.96223067229226
000293.pid, car, 14.04105835869199, -13.4343562353225, -3.417739760308039, 0.9123098850250244,147.77050216764854
000294.pid, car, 13.855034907658897, -13.273124323950876, -3.370624687936571, 0.9166141748428345,147.92171745515603
000295.pid, person, 3.9015307724475914, -12.066898902257286, -3.5163028538227077, 0.3468508720397949,86.64511703764805
000295.pid, person, 14.74965854927346, -13.62930778220848, -3.458002920503969, 0.31313878297805786,88.45218985239012
000295.pid, car, 13.991231825293568, -13.295385128114285, -3.441471937226086, 0.8832459449768066,149.81964648261012
000296.pid, person, 3.918806443611786, -12.075444201628367, -3.5459244847297655, 0.3540048599243164,86.00882507474019
000296.pid, car, 14.018096434103478, -13.377846073459938, -3.458657458021834, 0.8866186738014221,144.84209997284137
000297.pid, person, 3.9691423502835423, -12.140591816468673, -3.5206767212260845, 0.3033105731010437,85.17746241047861
000297.pid, car, 13.662049579620364, -13.17308125495911, -3.320225644111633, 0.8918219208717346,153.02325966320277
000297.pid, stop_sign, 37.234243392944336, -40.27307987213135, -2.271758884191512, 0.32157576084136963,98.35216269083465
000298.pid, car, 13.57104661729601, -13.115314933988786, -3.38256800836987, 0.8928288221359253,154.95503925548604
000299.pid, car, 13.576218103107657, -12.987566722066783, -3.5052172823956145, 0.7479993104934692,155.83465269669176
000300.pid, car, 13.55324491773333, -13.124419648306713, -3.559415885380336, 0.8777437806129456,150.3331094850075
000301.pid, car, 13.356094575697378, -12.995754949508179, -3.405997030196652, 0.8229535222053528,151.96363907839802
000302.pid, car, 13.098099412589239, -13.049654171384619, -3.318557500839234, 0.85691899061203,-13.244210262568785
000303.pid, car, 12.585311126708989, -12.730566469828291, -3.384841203689575, 0.8768520951271057,152.54032835189483
000303.pid, car, 13.221865682890924, -13.012690341833867, -3.374767556334986, 0.4087212383747101,156.67849891702105
000303.pid, stop_sign, 37.96589736938477, -43.47324752807617, -2.4868015766143783, 0.3350681960582733,-135.41478231135804
000304.pid, car, 12.773368165299702, -12.8710436692109, -3.2210967025241337, 0.7384485602378845,-12.996971238686378
000304.pid, car, 12.726022552041451, -9.841345681863672, -4.010525324765374, 0.328859806060791,100.52802367198564
000305.pid, car, 12.922731757164005, -12.660171246528629, -3.6083936870098112, 0.8239126205444336,156.66853447600954
000305.pid, car, 11.092383112226218, -12.078009605407718, -3.5146978071757715, 0.3166368305683136,144.97583441152798
000306.pid, car, 12.656688712364023, -12.746618159981663, -3.7090043023575183, 0.768976092338562,160.09273962305588
000306.pid, car, 12.613196496040592, -10.22258532239545, -3.7721446714093605, 0.3560544550418854,101.01951999944649
000307.pid, car, 12.15088932854789, -12.392396007265367, -3.670417538711003, 0.8817628026008606,155.71913080488625
000308.pid, car, 11.911751499882453, -12.32113177688034, -3.5807295640309658, 0.8687728047370911,167.38734766260185
000308.pid, car, 11.659537232440453, -10.27507475148077, -3.661013230033542, 0.4573909044265747,94.8817946481577
000309.pid, car, 11.600616801868789, -12.30466846986251, -3.506649385799061, 0.8781406283378601,173.7788537896946
000309.pid, car, 12.301753097110328, -12.48266961839464, -3.442347553041246, 0.33945876359939575,-19.49507669227348
000310.pid, car, 11.709781068744086, -12.468271775679158, -3.612142642339071, 0.517304539680481,60.01403462454067
000310.pid, car, 10.13885563817518, -11.904266258765915, -3.1729070811436095, 0.3010885417461395,-109.81194683953879
000310.pid, stop_sign, 37.684187571207694, -43.65270614624024, -2.573818524678546, 0.3964323401451111,21.749887874215204
000311.pid, car, 10.852009620666506, -12.105722198486333, -3.439368982315064, 0.7857494950294495,-173.40587751633527
000311.pid, car, 7.05014347147059, -4.373827845961964, -4.378050300810072, 0.3493429720401764,94.96211577830027
000311.pid, car, 10.500982786479753, -12.088076742071857, -3.334933807975367, 0.32857242226600647,-168.65671056555635
000312.pid, car, 10.651709829057971, -12.012710525876006, -3.6533759775615873, 0.48201680183410645,-165.45380086895966
000312.pid, car, 6.965634451972117, -3.907668482374265, -4.423964323820891, 0.3743888735771179,94.47824639189771
000312.pid, car, 10.2633422613144, -11.968696057796482, -3.540686145424842, 0.3550446927547455,-134.96053679835615
000313.pid, car, 10.172670576307516, -11.895921972062858, -3.5841825008392334, 0.7260192036628723,-159.0621674057814
000313.pid, car, 6.875901419540936, -4.750241809877859, -4.336857195558219, 0.3250636160373688,93.70792791048419
000314.pid, car, 9.766930601813579, -11.873659372329714, -3.233404690569097, 0.6403825283050537,-150.17365647376096
000315.pid, car, 9.588473743862581, -11.879986763000492, -3.277770459651947, 0.6659768223762512,-118.88659212425353
000315.pid, stop_sign, 37.86256517682757, -43.728375571114675, -2.501026902879986, 0.3443838059902191,-93.68141361979482
000316.pid, car, 9.341728334841525, -11.887419161589257, -3.350366903387982, 0.730229914188385,112.0613263031921
000316.pid, car, 9.110800707781761, -11.675861217357495, -3.394684588467632, 0.37269356846809387,131.50787290134403
000317.pid, car, 8.422779011726385, -11.595550155639653, -3.674976074695587, 0.5600307583808899,164.14782570618155
000318.pid, car, 8.185024367438428, -11.445514096154115, -3.7838344044155545, 0.8271430730819702,-170.83022201042266
000318.pid, car, 7.326194969813032, -5.570615077018742, -4.274240708351135, 0.3560064733028412,95.03667439451856
000319.pid, car, 7.0121358871460036, -12.413892364501963, -3.875152587890625, 0.6874687671661377,-123.50820899121541
000319.pid, car, 6.7960992167072956, -5.41416381251428, -4.259091569531347, 0.3201422691345215,92.66810089900108
000319.pid, stop_sign, 37.166099548339844, -39.11047744750976, -2.246431867281595, 0.33541378378868103,98.66209436952025
000320.pid, car, 7.361678238268258, -11.835865056073228, -3.8616125583648686, 0.5637733936309814,-120.06583050344614
000320.pid, car, 6.516871575386296, -4.473160586049484, -4.305285692214965, 0.471593976020813,91.55800213309668
000321.pid, car, 6.819224667549138, -11.921826203664148, -3.971946922938029, 0.6487336754798889,-117.06433845309763
000321.pid, car, 6.491574176720213, -7.57495477795601, -3.906880719321115, 0.43470802903175354,90.52915016684572
000322.pid, car, 5.662550360815871, -13.028036499023441, -3.840327528544835, 0.6552320718765259,-116.59310004212338
000322.pid, car, 6.234616180260982, -3.7001312201221803, -4.331847419341405, 0.39594554901123047,87.41979249804871
000323.pid, car, 6.2723278782584515, -1.4497857256369195, -4.60465844111009, 0.49777689576148987,-85.2169083085034
000324.pid, car, 4.988785743713383, -7.039173940249855, -4.061593689237322, 0.35547739267349243,82.54997198103209
000325.pid, car, 4.152674107716009, -12.366842615193335, -3.4015092438664927, 0.4065113961696625,80.80044417175863
000325.pid, car, 6.36379806200664, 0.27304167879951735, -4.74021467897627, 0.39156198501586914,-86.91539720349203
000326.pid, car, 6.1153251457214415, -1.1145763540268, -4.555002937316894, 0.4485686123371124,85.88739877673162
000326.pid, car, 3.5151926755905185, -13.960870122909549, -3.3041872620582566, 0.3937543034553528,93.32404502545228
000327.pid, car, 6.207160258293157, -0.9530208855867415, -4.572204720973968, 0.46981707215309143,84.58846026774835
000327.pid, car, 3.460940090092751, -14.184681762348525, -3.375863627953962, 0.3329167068004608,95.07397259619093
000327.pid, stop_sign, 37.801420211792, -43.60399150848389, -2.4353487491607653, 0.3187043070793152,22.94599885060219
000328.pid, car, 5.905217138926192, -2.1941542824109432, -4.3963303009668975, 0.377521276473999,85.62010160156638
000329.pid, car, 5.885320356913981, -2.26490273007325, -4.390376252787453, 0.41424787044525146,85.87809363868539
000330.pid, car, 5.960170153913831, -2.2129229656581257, -4.40263975899795, 0.4163459539413452,84.44948353046675
000331.pid, car, 5.872308665308464, -2.0389393732465595, -4.419458940111356, 0.44810786843299866,85.62577170098893
000331.pid, stop_sign, 37.735331217447914, -43.63925043741862, -2.5754245122273742, 0.37941497564315796,20.793616585675345
000332.pid, car, 5.891400255005938, -2.121311385056072, -4.408836224983478, 0.4076806306838989,84.9283133395113
000333.pid, car, 5.884847552688039, -2.181230456740771, -4.413887580235799, 0.35801011323928833,84.81062299173755
000334.pid, car, 5.956051254272467, -1.4458666419982955, -4.496152629852293, 0.4222128689289093,85.02974922009533
000335.pid, car, 5.92538475990296, -1.1477133979400038, -4.541237165530522, 0.3751550614833832,85.55904288117749
000335.pid, stop_sign, 36.61140727996826, -36.623454570770264, -2.0800240039825426, 0.4223737418651581,-73.63132846793809
000336.pid, car, 6.200999668666299, -0.20152391138531217, -4.665690308525448, 0.36178359389305115,85.30576761570254
000337.pid, car, -2.8868107795715288, -10.207567953294323, -3.5622439230642007, 0.3965560793876648,40.1023803356205
000337.pid, car, 6.173441489537563, -0.24375680420134038, -4.66545824209849, 0.34476879239082336,85.29280305926522
000337.pid, stop_sign, 37.9255241394043, -43.89859161376954, -2.36060252189636, 0.35996443033218384,-63.83529210772905
000338.pid, car, -3.1887562134686593, -9.795237653395713, -3.8259715893689314, 0.3050084710121155,-106.86030436534378
000358.pid, car, 6.235407257080083, 0.05178679823875001, -4.701487052440642, 0.329539954662323,85.14275056318375
000359.pid, car, 6.047373445410482, 0.21740940370057385, -4.710657220137746, 0.3471601903438568,-87.80503956634226
000360.pid, car, 6.091057232448039, -0.7019416973704397, -4.614689475014096, 0.36135128140449524,84.83720735000786
000361.pid, stop_sign, 38.01610183715821, -43.297489929199216, -2.5423441171646113, 0.3036823868751526,-13.207407134997098
000365.pid, car, 5.958434104919439, -1.7014102106509035, -4.574699847594551, 0.3327349126338959,85.12085862366973
000366.pid, stop_sign, 38.86310904366629, -43.40560368129185, -2.322626812117439, 0.4029238224029541,-122.96870619473879
000367.pid, car, 6.251518726348882, 0.14655817548433742, -4.790375259187486, 0.30798983573913574,-87.14693095504595
000367.pid, stop_sign, 37.95442485809327, -43.05495786666871, -2.8806779086589795, 0.424679696559906,-104.34188801226728
000368.pid, car, 6.269952111774028, -0.7076449990272577, -4.719477494557697, 0.36130160093307495,84.04257873016847
000369.pid, car, 6.140011592344809, -1.2854083668101952, -4.666706562042235, 0.3177962601184845,85.22216430994428
000370.pid, car, 6.314859151840216, -0.5845707226544672, -4.74587532877922, 0.3050990104675293,85.64204373475654
000371.pid, car, 6.041077375411993, -0.9768768191337628, -4.701865887641906, 0.3704374432563782,86.32276609458259
000373.pid, car, 5.941040439605717, -1.7274907159805337, -4.621224288940429, 0.3533613085746765,85.73282443349235
000374.pid, car, 5.90076930434616, -2.1489258607228607, -4.565360722718415, 0.3638509213924408,85.104028217744
000374.pid, stop_sign, 37.648408072335386, -41.587343760899145, -2.4522679362978224, 0.3379989266395569,98.77170956031098
000375.pid, car, 5.940713787078862, -1.963441884517674, -4.577075878779093, 0.3425596058368683,85.17155220269868
000376.pid, car, 5.823944585663937, -2.234229087829595, -4.539924332073756, 0.35223838686943054,85.16571618393057
000378.pid, car, 5.999710627964571, -0.5910983880360983, -4.685092006410871, 0.35156363248825073,85.93505251703803
000380.pid, car, 6.174883340534419, -0.18407834831037542, -4.724802594435841, 0.3316962420940399,-88.8316120740462
000380.pid, stop_sign, 37.99740552902222, -43.33741998672486, -2.8514696955680825, 0.40047717094421387,-152.61764939832054
000385.pid, stop_sign, 37.459607805524556, -41.523181642804836, -2.7299123321260708, 0.3013276159763336,98.39146031338605
000394.pid, stop_sign, 37.91094589233399, -43.48383903503418, -2.7985069751739484, 0.3731275796890259,-118.06635190165494
000397.pid, stop_sign, 37.93908745901926, -41.70393180847168, -2.1698107549122385, 0.3413415551185608,100.63946244171045
000405.pid, stop_sign, 37.94678388323103, -43.67600468226841, -2.550105333328245, 0.33245134353637695,27.5632855376622
000406.pid, stop_sign, 37.22286224365235, -38.051253128051755, -2.4578586816787698, 0.366456001996994,98.39142290161436
000410.pid, stop_sign, 37.778195517403745, -43.175216674804695, -2.715662854058401, 0.3328518271446228,115.16124714116326
000415.pid, stop_sign, 37.07395044962565, -40.342793994479706, -2.2638376421398574, 0.3604877293109894,98.62599701221652
000419.pid, stop_sign, 37.925437927246094, -43.49870157241821, -2.604793846607207, 0.3562700152397156,-120.54270913119245
000427.pid, stop_sign, 38.202754974365234, -43.94000625610351, -2.232186579704284, 0.31271010637283325,0.5784991676839821
000430.pid, stop_sign, 38.30060704549154, -43.58906364440918, -2.526483356952665, 0.3227877616882324,18.96937902453128
000431.pid, stop_sign, 37.59411839076451, -41.321211678641184, -2.7248559509004857, 0.3384878635406494,98.67367480220035
000435.pid, stop_sign, 37.98465619768415, -43.34141595023019, -2.5402407986777154, 0.4074631333351135,45.80970104718325
000436.pid, stop_sign, 37.75770034790039, -40.78113288879395, -2.0903631925582866, 0.33919310569763184,100.43776869813877
000446.pid, stop_sign, 37.587075551350914, -41.27981313069662, -2.3556240200996377, 0.3813822269439697,99.07986741565466
000448.pid, stop_sign, 37.66939036051432, -38.961472829182945, -1.8041142622629796, 0.3026411831378937,101.92901680706284
000458.pid, car, 4.309530982604398, -10.922713884940514, -3.657730652735783, 0.3000366687774658,-91.20924964044681
000463.pid, stop_sign, 37.819444928850444, -40.87431825910296, -2.76081621646881, 0.38553446531295776,101.0302891361384
000464.pid, stop_sign, 39.140323638916016, -42.997047424316406, -2.02933879693349, 0.3276311159133911,50.510717650510884
