000032.pid, stop_sign, 36.9710807800293, -39.306907653808594, -2.1202858686447126, 0.4650174677371979,96.52025351497024
000033.pid, stop_sign, 38.39767742156983, -40.71363067626953, -2.3674451112747184, 0.47347891330718994,103.35963385795704
000035.pid, stop_sign, 38.296996646457245, -44.32561492919922, -2.502586589919196, 0.34213384985923767,58.95004689086337
000037.pid, stop_sign, 37.0327091217041, -40.083972454071045, -2.3665059208869916, 0.5159093141555786,94.65571814915134
000038.pid, stop_sign, 39.02606964111329, -42.924662017822264, -2.500819015502928, 0.47322654724121094,-154.16947252313275
000039.pid, stop_sign, 36.83185005187988, -38.490283489227295, -2.2018401473760596, 0.5518815517425537,96.3105496623307
000041.pid, stop_sign, 36.79253053665161, -38.572633504867554, -2.1696356534957877, 0.47333914041519165,95.38553556768416
000042.pid, stop_sign, 39.190210342407234, -42.934569358825684, -2.623738467693327, 0.4288718104362488,-149.72091219484247
000044.pid, stop_sign, 36.996859656439895, -39.33556620279948, -2.121625065803526, 0.5353679060935974,96.38333122437125
000045.pid, stop_sign, 38.32350222269694, -41.92572466532389, -2.3728717764218636, 0.5369197130203247,96.94420822190898
000046.pid, stop_sign, 36.971455891927086, -39.311736424764, -2.1202445957395755, 0.47863584756851196,96.37064189609295
000048.pid, stop_sign, 38.95105743408203, -41.73209698994955, -2.5604820648829123, 0.44473597407341003,105.84053406153302
000049.pid, stop_sign, 37.196817398071296, -44.34807205200195, -2.5280759334564196, 0.4851268529891968,62.184609493119424
000050.pid, stop_sign, 39.18243408203126, -41.28962783813477, -2.7342172622680634, 0.5276810526847839,108.09055113424249
000052.pid, stop_sign, 36.65987443923951, -38.40222382545471, -2.3239144086837755, 0.3149237334728241,94.73417901347887
000053.pid, stop_sign, 38.33478927612305, -43.84342880249024, -2.4426325559616067, 0.36751309037208557,-119.25824142182717
000054.pid, stop_sign, 38.28061294555664, -41.91202608744303, -2.2586662173271175, 0.5715317726135254,96.41608846938152
000056.pid, stop_sign, 38.15354442596436, -44.417630672454834, -2.4294301718473426, 0.5768737196922302,65.41086481914928
000058.pid, stop_sign, 38.150285243988044, -44.360201358795166, -2.3847148567438112, 0.5653228759765625,69.58579127411262
000060.pid, stop_sign, 38.15425533718533, -41.308717515733505, -2.3034518957138044, 0.5261114239692688,101.33694527618574
000061.pid, stop_sign, 37.363686879475914, -44.241814931233726, -2.2473344802856423, 0.5299225449562073,42.571094088450174
000062.pid, stop_sign, 38.511229923793245, -41.97407041277204, -2.371818763869148, 0.5873528718948364,101.36224429728966
000064.pid, stop_sign, 37.00342135959201, -39.1204956902398, -2.109960397084553, 0.5259759426116943,96.90522879434967
000067.pid, stop_sign, 38.34780406951906, -43.48950862884522, -2.36295488476753, 0.5756010413169861,12.537004231015887
000069.pid, stop_sign, 38.72807884216309, -41.54926427205404, -2.261241614818571, 0.5537951588630676,104.63888610422195
000070.pid, stop_sign, 36.97076416015626, -39.52810559953962, -2.2809402091162525, 0.5687539577484131,94.09887546481464
000072.pid, stop_sign, 38.83556238810222, -41.709939956665046, -2.4978152116139705, 0.5425379872322083,105.01113874790892
000074.pid, stop_sign, 37.94240442911785, -43.51880009969076, -2.2387206157048523, 0.46734243631362915,22.640856526755808
000076.pid, stop_sign, 37.85568237304688, -43.361036682128905, -2.277938103675841, 0.5173407196998596,-122.9430919650004
000077.pid, stop_sign, 37.18982410430909, -44.33960151672364, -2.5274942517280574, 0.5941212773323059,60.81872408863594
000078.pid, stop_sign, 36.991692134312224, -42.11026654924665, -2.6226928404399312, 0.5593233704566956,97.31573528647114
000079.pid, stop_sign, 38.31809082031251, -43.831400299072264, -2.4426326274871797, 0.4850899577140808,-112.10850356430518
000081.pid, stop_sign, 38.42741428722035, -43.21220675381747, -2.455133156342939, 0.45989468693733215,-74.07918439918433
000083.pid, stop_sign, 38.07237434387208, -43.699386596679695, -2.4177938699722277, 0.4367138743400574,-145.8962847431914
000084.pid, stop_sign, 37.186388969421394, -44.341214179992676, -2.5275640487670885, 0.45836788415908813,62.624262191676145
000085.pid, stop_sign, 38.5890998840332, -41.71981493632, -2.5467713673909493, 0.3196198344230652,101.6089649567763
000086.pid, stop_sign, 37.18722629547119, -44.34047603607178, -2.5275058746337877, 0.5306520462036133,61.316300482092
000089.pid, person, 19.047100782394413, 10.414950728416441, -3.350957170128821, 0.36761635541915894,167.53057443072774
000090.pid, person, 19.050102361043294, 10.333991877237956, -3.3907342433929437, 0.35990068316459656,165.73434533094695
000090.pid, stop_sign, 36.85042826334636, -39.1689075893826, -2.257239368226791, 0.5089496374130249,95.80215566056172
000091.pid, stop_sign, 38.41408767700195, -41.31927337646484, -2.2326254844665514, 0.5990169048309326,102.1857312618503
000093.pid, stop_sign, 38.45491027832031, -43.5295524597168, -2.452482640743254, 0.5589869022369385,-139.19878699443834
000094.pid, stop_sign, 38.09202337265015, -44.484474658966064, -2.515928789973258, 0.5238523483276367,73.10637996946201
000095.pid, person, 19.160978198051456, 10.047919809818266, -3.356255114078521, 0.3769535422325134,168.5222839402343
000095.pid, stop_sign, 37.330550800670274, -39.754648902199484, -2.3647754842584776, 0.5854699015617371,99.67312557596145
000096.pid, stop_sign, 37.05993652343751, -44.560858408610024, -2.475509087244667, 0.5171309113502502,78.09448838742591
000097.pid, person, 19.168735776628772, 9.93771232877459, -3.3745344706944054, 0.34105977416038513,-172.3429600255912
000098.pid, person, 19.1384267171224, 9.880443318684895, -3.39449446996053, 0.37001940608024597,1.709763691682907
000098.pid, stop_sign, 37.366832733154304, -44.09050114949545, -2.6922908624013253, 0.3987410068511963,-112.67043152047094
000099.pid, person, 19.18598620096843, 9.848579406738281, -3.393777834044562, 0.3227114677429199,-169.024689597425
000100.pid, person, 19.163840230305993, 9.746499506632485, -3.387234656016031, 0.38593900203704834,3.4208323220684496
000100.pid, stop_sign, 37.103579929896775, -39.755954197474885, -2.1446536609104685, 0.44195204973220825,95.12489682024237
000101.pid, person, 19.174574152628583, 9.672837130228679, -3.3765638828277584, 0.3787831664085388,-161.6610285862393
000101.pid, stop_sign, 38.228128814697264, -43.60770797729492, -2.5670864105224602, 0.46014726161956787,39.53544383795892
000102.pid, person, 19.1465461955351, 9.62460136413574, -3.389094016131232, 0.34748658537864685,2.2932790976694477
000104.pid, person, 19.15953350067139, 9.514248916081018, -3.3505511965070447, 0.3555683493614197,168.8739247728576
000104.pid, stop_sign, 37.194034576416016, -44.34130096435547, -2.527854800224303, 0.5191368460655212,63.95018072159723
000105.pid, stop_sign, 37.5228988647461, -44.45815200805664, -2.5026201486587505, 0.5658836960792542,-52.8698314001146
000106.pid, stop_sign, 37.634044647216804, -44.34767532348633, -2.450787574052809, 0.4916165769100189,-56.73628170744956
000107.pid, stop_sign, 38.991751352945975, -43.087158203125, -2.481666803359985, 0.5211853384971619,-157.87798080324856
000108.pid, stop_sign, 36.957921504974365, -40.078282833099365, -2.0841706246137606, 0.49987533688545227,96.53696098979376
000109.pid, stop_sign, 38.16724522908529, -41.70634206136068, -2.250743389129637, 0.41138678789138794,98.19046340285738
000110.pid, stop_sign, 37.261353810628265, -44.1753896077474, -2.467846870422361, 0.3629392087459564,59.8672806541001
000111.pid, stop_sign, 38.39726638793945, -42.52211380004883, -2.4228824824094755, 0.368565171957016,98.53786566859387
000113.pid, stop_sign, 38.39660390218099, -43.54648462931315, -2.4795376062393175, 0.5377123355865479,-136.10760213873172
000114.pid, stop_sign, 36.85195498996311, -39.146215226915146, -2.2570451233122055, 0.6727945804595947,96.0779625443463
000116.pid, stop_sign, 37.905650547572556, -44.658657618931365, -2.485934819493973, 0.5356526970863342,89.37081436734815
000118.pid, stop_sign, 37.06946690877279, -40.710460662841804, -2.47257908185323, 0.6574653387069702,92.80503820326277
000120.pid, stop_sign, 36.8516755104065, -38.68115425109863, -2.442590698599814, 0.5771614909172058,-81.08281250865991
000121.pid, stop_sign, 38.70397458757674, -43.51195362636021, -2.6179409027099596, 0.6156631112098694,-140.11252514307589
000122.pid, stop_sign, 37.236044565836586, -44.23774337768555, -2.4691963195800772, 0.5399296283721924,-112.77112330926408
000123.pid, stop_sign, 38.77787844340007, -41.60219637552897, -2.2638123035430877, 0.5412440299987793,104.82856996899882
000125.pid, stop_sign, 37.43962478637696, -44.3872267405192, -2.4201680620511357, 0.49116086959838867,-49.39505935909988
000126.pid, stop_sign, 38.069265842437744, -44.402313709259026, -2.4703642725944506, 0.531074583530426,70.82109213480179
000127.pid, stop_sign, 38.40046977996827, -40.68371295928955, -2.366630971431731, 0.5522443652153015,103.52154699067314
000128.pid, stop_sign, 37.12158203125, -42.39446449279785, -2.204254329204558, 0.4653642177581787,98.4944540718233
000130.pid, stop_sign, 37.64055919647217, -44.3630485534668, -2.4509739875793444, 0.6545564532279968,-51.97280444396103
000132.pid, stop_sign, 37.26851145426432, -40.25245793660482, -2.144243121147154, 0.48646610975265503,96.7023024885812
000135.pid, stop_sign, 37.39299545288087, -41.60942916870117, -2.168847656249998, 0.526724100112915,97.50559396211261
000137.pid, stop_sign, 37.0478720664978, -40.09091234207153, -2.3669830411672583, 0.41196057200431824,94.7489433802735
000141.pid, stop_sign, 36.872402615017364, -39.17388810051812, -2.258190472920735, 0.5712014436721802,95.98332159937996
000143.pid, stop_sign, 37.56645856584822, -43.06704602922712, -2.34578263759613, 0.451299250125885,98.15932346316445
000144.pid, bicycle, 11.254224096025743, -2.4338770253317756, -3.2178256511688237, 0.5259277820587158,66.62487051851573
000146.pid, stop_sign, 37.43576134575738, -40.3225212097168, -2.218584179878234, 0.5080704689025879,96.7660734841186
000148.pid, bicycle, 11.265007972717292, -2.4935028553009095, -3.227867285410564, 0.3862287402153015,50.59718455134214
000149.pid, stop_sign, 7.904722595214848, -5.204904238382976, -4.206688133875528, 0.30840662121772766,62.382645667094046
000150.pid, stop_sign, 38.20993868509929, -43.637682596842446, -2.421266913414, 0.5408400297164917,-136.0950419437864
000150.pid, stop_sign, 7.716857467378893, -5.498148611613686, -4.21635341644287, 0.3082667589187622,-123.42875613387918
000151.pid, bicycle, 11.256183266639713, -2.4389063119888372, -3.2208103835582733, 0.4304666221141815,67.40514067940396
000152.pid, stop_sign, 37.863780975341804, -44.95071465628488, -2.5400602817535387, 0.6005897521972656,111.99723702949802
000154.pid, stop_sign, 38.698104858398445, -41.25823440551759, -2.443404865264891, 0.3415791690349579,104.89731638757239
000155.pid, stop_sign, 37.0833969116211, -41.00616182599749, -2.414815766470771, 0.413200318813324,95.46722976081557
000157.pid, stop_sign, 37.95752286911011, -44.76253938674927, -2.521867305040359, 0.47686251997947693,93.61552405726049
000159.pid, stop_sign, 37.19114589691163, -44.34370708465576, -2.527738511562347, 0.5394484400749207,63.04103610153985
000160.pid, stop_sign, 37.767969767252616, -44.91520754496256, -2.675752600034075, 0.4733266234397888,109.85817041707736
000162.pid, stop_sign, 37.07383473714193, -40.70055262247721, -2.4724317391713457, 0.46700820326805115,92.84804831766584
000162.pid, stop_sign, 6.2996264804493345, -6.3755837787281395, -4.085746765136718, 0.31272202730178833,-165.49921894117884
000163.pid, stop_sign, 36.86623891194662, -39.17057779100206, -2.25781582461463, 0.5098350644111633,96.02931819113104
000165.pid, stop_sign, 37.621639251708984, -40.139698028564446, -2.019288102785745, 0.4702625870704651,97.85816961406788
000167.pid, stop_sign, 37.369885762532554, -44.09661483764649, -2.692601044972735, 0.5705373287200928,-111.94373251870084
000167.pid, stop_sign, 5.68298500234431, -6.452149347825485, -4.036179000681096, 0.3005277216434479,-12.0082057104677
000168.pid, stop_sign, 38.578770773751394, -41.81278555733817, -2.4653841767992284, 0.610954761505127,100.15331759669165
000169.pid, stop_sign, 38.42646026611329, -43.14191055297852, -2.577650467554725, 0.5867686867713928,-131.0388734013718
000169.pid, stop_sign, 5.447563290596015, -6.384882628917698, -4.000110507011412, 0.3084770143032074,4.84296937851906
000171.pid, stop_sign, 37.186888694763184, -44.343403816223145, -2.5276570916175825, 0.4421132802963257,62.286004053672976
000172.pid, stop_sign, 37.402663760715065, -40.777193281385635, -2.2325759463840047, 0.5442031621932983,96.98065199048962
000173.pid, stop_sign, 39.13528671264648, -43.12921905517579, -2.444524097442624, 0.4944781959056854,176.5184825363659
000174.pid, stop_sign, 37.06933085123698, -44.57210795084635, -2.476051807403563, 0.5637785792350769,76.54893285825511
000175.pid, stop_sign, 39.38649215698242, -43.33167190551758, -2.6619026660919176, 0.4764454960823059,169.970431897569
000176.pid, stop_sign, 37.06593608856201, -38.97396945953369, -2.166268900036811, 0.5333448648452759,94.96828038903217
000178.pid, car, 4.308367768923447, -6.547930717468266, -3.840498695770899, 0.3300435245037079,61.30627417904589
000178.pid, stop_sign, 39.19237518310547, -43.26950454711914, -2.588541865348815, 0.5047852993011475,-161.49493434957637
000182.pid, stop_sign, 36.74487468174526, -39.353772027151926, -2.1357165915625425, 0.49729371070861816,95.52641817943524
000184.pid, stop_sign, 37.40366151597765, -40.77927780151367, -2.232829332351684, 0.5819495916366577,96.67018992916047
000187.pid, stop_sign, 37.048115730285645, -40.091994285583496, -2.36706730723381, 0.4821337163448334,94.73341148746371
000189.pid, stop_sign, 36.97116422653199, -38.65969967842102, -2.0479043722152688, 0.5390578508377075,96.86524423850557
000193.pid, stop_sign, 37.49572229385377, -41.149948596954346, -2.2412427365779863, 0.5859097242355347,97.2152733280888
000194.pid, stop_sign, 37.3955332438151, -44.09056854248047, -2.693159421284991, 0.48662322759628296,-114.18730432223259
000196.pid, stop_sign, 37.06169939041138, -40.1052303314209, -2.36778275668621, 0.5329477190971375,94.68185283599844
000198.pid, stop_sign, 36.66544246673585, -38.41984248161316, -2.324353754520415, 0.4244173467159271,94.61895253040207
000200.pid, stop_sign, 37.96231333414715, -43.54208246866862, -2.2401475509007756, 0.6338338851928711,25.02042365743464
000202.pid, stop_sign, 36.85808999197825, -39.39151545933315, -2.459200484412055, 0.6691908836364746,92.83384992176977
000205.pid, person, 19.96858631480824, 2.9950398423454954, -3.2208613157272326, 0.3542935848236084,-167.6378281531133
000206.pid, stop_sign, 37.159367084503174, -40.1861457824707, -2.125661373138426, 0.3899989724159241,95.28701876969934
000207.pid, stop_sign, 39.11011657714844, -42.9614990234375, -2.5047787666320795, 0.471221923828125,-162.24563519462427
000208.pid, stop_sign, 36.870911916097015, -39.176267835828995, -2.2580588393741174, 0.5881110429763794,95.77406459449158
000212.pid, stop_sign, 38.30508889092339, -44.24974399142795, -2.3848418792088815, 0.5203937888145447,59.818807345475165
000213.pid, stop_sign, 37.08494822184246, -44.59550094604492, -2.477370262145994, 0.31454917788505554,78.55579091526418
000214.pid, person, 9.80847492218018, 26.434762191772457, -4.563615322113035, 0.4216722548007965,104.0721263727204
000214.pid, stop_sign, 37.28214772542318, -44.31173451741537, -2.4726478258768703, 0.42127525806427,55.6170381651224
000215.pid, stop_sign, 36.97027151925223, -39.55325535365514, -2.281512004988533, 0.47267529368400574,93.88585334237015
000216.pid, person, 10.184180021286016, 25.08809661865234, -4.312786499659219, 0.35034456849098206,106.04628367507574
000217.pid, person, 10.124563217163091, 24.750022888183594, -4.3932642936706525, 0.4604899287223816,-66.37187243864474
000217.pid, person, 10.215781927108772, 24.499067624409992, -4.1924339930216465, 0.4548655152320862,-63.87715027086832
000218.pid, stop_sign, 37.01917975289482, -39.47525133405413, -2.1835171665464115, 0.3739461302757263,93.78353726925312
000219.pid, person, 10.446995301680134, 23.18669284473766, -4.034635240381413, 0.40949922800064087,-66.46360066567846
000219.pid, stop_sign, 37.063147953578415, -39.42765862601144, -2.3190148047038477, 0.30309852957725525,95.28213060580184
000220.pid, person, 10.957248210906986, 21.549120221819198, -4.031433514186313, 0.38227126002311707,-65.47116535001007
000221.pid, horse, 11.229055277506514, 20.25022799173991, -3.9778673807779943, 0.37842902541160583,-64.89391272617968
000223.pid, person, 12.19324350357056, 17.01112880706787, -4.248522853851318, 0.33055225014686584,123.510691767745
000223.pid, stop_sign, 38.180502573649086, -43.595200856526695, -2.4747103850046765, 0.3031444549560547,39.934228598700514
000225.pid, person, 12.202838102976484, 15.446150514814589, -3.9490164253446784, 0.31218791007995605,109.82656360712375
000225.pid, car, 20.06679444085984, 1.6030844336464278, -3.2479887008666983, 0.3421279191970825,-173.2113614197735
000228.pid, stop_sign, 38.09861373901367, -43.77572479248047, -2.4331402063369736, 0.42377597093582153,27.163939293207605
000232.pid, bus, 16.298026200496793, 3.792447538086859, -3.386849352807709, 0.40670445561408997,109.75998248330082
000233.pid, bus, 16.27117851802281, 3.0897681500230503, -3.37866575377328, 0.3189801871776581,106.99640121815214
000234.pid, person, 37.740671157836914, -39.900646686553955, -2.048414215445517, 0.4504941701889038,100.29172204340406
000238.pid, train, 16.753289365768435, 2.6593090116977676, -3.5589020729064935, 0.3225614130496979,148.00927205319817
000239.pid, bicycle, 10.629566828409837, -3.3793638547261637, -4.248084545135499, 0.4753938615322113,-122.1787853532885
000240.pid, person, 10.628883225577225, -3.482764959335331, -3.9482549258640818, 0.3179363012313843,-123.97617479761871
000242.pid, car, 15.042597134908043, 1.19129351009097, -3.523545470502641, 0.31117311120033264,101.80075030205091
000244.pid, person, 20.12969117415579, 0.26508737473111255, -3.2242299381055326, 0.536821722984314,170.83396026934898
000245.pid, person, 20.143682078311322, 0.1819415116976743, -3.237108770169709, 0.42062118649482727,168.32417567110733
000247.pid, car, 15.66102015177409, -1.977483976797927, -3.60315441025628, 0.32043033838272095,89.04871970726683
000248.pid, person, 20.202636718750004, -0.09818739853550221, -3.263476417178199, 0.3545887768268585,171.40530311862656
000248.pid, bus, 13.317554342335672, -2.3429893652169906, -3.632299587644379, 0.322474867105484,153.22641016627145
000249.pid, bus, 13.986825377852831, -1.5258607846443335, -3.7153178939112905, 0.3265518248081207,175.43236857325445
000250.pid, car, 15.471145395647017, -3.332069424160742, -3.5354503497742766, 0.3786938786506653,84.47052659498262
000256.pid, bus, 14.844310760498049, -6.925567036325284, -3.352495383132587, 0.30330002307891846,-58.71753265953799
000257.pid, car, 15.274862059231465, -4.6951616221460855, -3.533524307711371, 0.6131961345672607,-55.90650349539506
000258.pid, person, 6.3077261447906565, -10.694932937622081, -4.308870911598206, 0.34279361367225647,-142.41739800392477
000258.pid, car, 14.891770895789653, -5.271247513153977, -3.726940288263209, 0.6563149094581604,173.73726831605063
000258.pid, car, 14.74486770629883, -5.827848606109623, -3.9649292850494375, 0.47707340121269226,-99.57039846360493
000258.pid, car, 14.430575561523439, -6.427657810846966, -3.38722714583079, 0.40205344557762146,-98.40921438063069
000259.pid, person, 6.345371882120776, -10.642658869425464, -4.293147881825766, 0.4948178827762604,-112.75408948490625
000259.pid, car, 14.758943603152323, -5.589635735466373, -3.639507441293626, 0.5727195143699646,-112.00470992580557
000259.pid, car, 14.382598848903882, -6.520381212234499, -3.569476429153891, 0.31766951084136963,-94.6094364731434
000260.pid, car, 14.441013209025067, -6.1763478914896695, -3.654292186101278, 0.6112209558486938,-122.94129448239721
000260.pid, car, 14.340802529278925, -6.719302163404579, -3.482509514864753, 0.33852875232696533,-105.8180720988374
000260.pid, stop_sign, 38.13712565104168, -45.334864934285484, -2.8760901689529406, 0.43752047419548035,113.11520536142463
000261.pid, car, 14.23716336709482, -6.2988799766258, -3.704500948941266, 0.6981618404388428,-122.47361832820678
000261.pid, car, 14.193561349596303, -6.038110630852839, -4.014070357595171, 0.3974268138408661,-60.57635349442325
000261.pid, car, 13.811275568875402, -7.1398851076761884, -3.55827615477822, 0.32227495312690735,-108.30268314840868
000262.pid, car, 13.952967396488898, -6.7932340127450495, -3.584827325962208, 0.7355543971061707,-132.50044286297407
000262.pid, car, 14.588051557540899, -6.991865555445357, -3.8499241471290566, 0.3589683175086975,-110.4188306329876
000262.pid, stop_sign, 37.11877695719402, -40.70912424723307, -2.425801138083139, 0.4038238525390625,92.80834903321944
000263.pid, car, 13.760152369737627, -7.239491745829586, -3.5963088423013687, 0.7684249877929688,-136.71672077667012
000264.pid, car, 13.718849954150974, -7.384154932839532, -3.541985931850615, 0.6440004706382751,-130.4090390810573
000265.pid, person, 20.2864441341824, -1.2498795809569219, -3.234289275275336, 0.32111477851867676,158.35095062129201
000265.pid, car, 13.43717329842704, -7.607941831861226, -3.5802222660609653, 0.738619327545166,-122.46836767360338
000266.pid, car, 13.262929167066304, -7.876633575984412, -3.4901985157103765, 0.7309315204620361,-127.93159519789484
000267.pid, car, 13.011045413547095, -8.045292758941654, -3.562817520565457, 0.6256113648414612,-128.46979375263203
000268.pid, car, 13.187510121952407, -8.327275850556118, -3.541821712797338, 0.5930135250091553,-118.02387912188507
000268.pid, car, 13.373576784133913, -8.026320064067841, -3.530261033773422, 0.360623836517334,-114.48791336882232
000268.pid, car, 11.956167221069343, -9.115189384011664, -3.7102699981016265, 0.35632720589637756,88.34560102550839
000269.pid, car, 12.913624734589549, -8.29564967299953, -3.507510929396658, 0.6031763553619385,-117.99878408743908
000270.pid, person, 20.33580083432405, -1.5369343913119822, -3.197690559470134, 0.43293967843055725,170.9628678651055
000270.pid, car, 13.059241513411207, -8.116404583056772, -3.528911903500557, 0.7141496539115906,-122.99202154746607
000270.pid, stop_sign, 36.97474997384207, -39.551303318568635, -2.2815884011132357, 0.3308229446411133,93.8844371897425
000271.pid, person, 19.94499524434408, -1.5349841515223235, -3.1091131369272866, 0.7235704064369202,-69.4402100384635
000271.pid, person, 20.344356756943924, -1.5904142214701726, -3.2427916985291696, 0.47753286361694336,174.7371234437703
000271.pid, car, 13.06508709522004, -8.07010637445653, -3.570606216471246, 0.7074949145317078,-122.35644338332173
000272.pid, person, 19.962318420410163, -1.6526314814885517, -3.1043519973754883, 0.6903740763664246,110.72454701016036
000272.pid, car, 12.807177419247838, -8.33516827873562, -3.5392636786336484, 0.6582022905349731,-119.65789849707537
000272.pid, car, 12.668979803721115, -8.481044054031374, -3.960216641426086, 0.3700665235519409,100.79319036234716
000273.pid, person, 19.973148345947273, -1.716421683629359, -3.118822574615479, 0.7052674293518066,-78.71459173392438
000273.pid, person, 3.9599351088206087, -15.069370587666839, -4.118730068206787, 0.4560909569263458,-77.82519056608359
000273.pid, person, 20.350722486322578, -1.7584748755801813, -3.2370680787346573, 0.3349579870700836,-172.90433581690954
000273.pid, car, 12.889821274335997, -8.381222813628444, -3.537836718004803, 0.754804790019989,-125.08653496142651
000273.pid, car, 11.956602440940012, -8.842895150184633, -3.532562394936879, 0.3675372302532196,-124.35324311692167
000274.pid, person, 19.97668933868409, -1.7334456741809894, -3.065200030803681, 0.770162045955658,-107.63186415350347
000274.pid, car, 12.826731204986576, -8.499725961685185, -3.5804383158683777, 0.8006091117858887,-123.66814728002032
000274.pid, car, 11.841384858796093, -9.104347561344955, -3.5972015496456256, 0.37343811988830566,49.88881375793841
000274.pid, car, 13.73902546275746, -7.968420830639926, -3.5592409914190113, 0.32067397236824036,-86.64638554669469
000274.pid, stop_sign, 36.896222114562995, -41.46693229675293, -2.377699285745619, 0.397888720035553,95.18385151122571
000275.pid, person, 20.046277999877933, -1.8210221018110058, -3.1045715127672473, 0.8457011580467224,-56.93934664419099
000275.pid, car, 12.519610009542328, -8.729278785426446, -3.6528558324022993, 0.7903708219528198,-127.92988838523118
000276.pid, person, 20.030783971150722, -1.8913328647613579, -3.131256222724915, 0.8306728601455688,-37.842524061871195
000276.pid, car, 12.626156026666816, -8.634377031615289, -3.6837959361798838, 0.7809827923774719,-128.39501426896803
000277.pid, person, 20.105094909667972, -1.9826370988573405, -3.1755538327353348, 0.829365074634552,132.31783684328548
000277.pid, car, 12.603918980329466, -8.625311631422779, -3.6435454258551965, 0.8581967353820801,-134.40940490190133
000278.pid, person, 20.06422004699707, -1.9309223175048877, -3.091998767852783, 0.8397400975227356,-58.45758905581375
000278.pid, person, 20.38771939277649, -2.0594752480586354, -3.2029177447160078, 0.46637433767318726,160.5549457814558
000278.pid, person, 12.809092448307922, -8.221957206726078, -3.9691377419691816, 0.3323514461517334,120.3686538373898
000278.pid, car, 12.334757022368604, -8.911515786097604, -3.732663454153599, 0.862817645072937,-134.69108076508434
000279.pid, person, 20.09226512908936, -2.0375415285428415, -3.1751263936360683, 0.8693253397941589,121.26314812770848
000279.pid, person, 20.39937728881836, -2.143713421821595, -3.2041917133331292, 0.4056042730808258,165.85171824132166
000279.pid, car, 12.35329289663406, -8.835024720146546, -3.6841528756277904, 0.8745964765548706,-131.9681844674145
000280.pid, person, 20.10289497375489, -2.0785118103027402, -3.1235342502593997, 0.8578506708145142,-49.277630443498545
000280.pid, person, 20.41659844439963, -2.209387219470481, -3.204144830289094, 0.386273056268692,159.65536341229574
000280.pid, person, 12.936407566070562, -8.239859898885092, -3.9110473593076063, 0.3413853943347931,114.56343549490369
000280.pid, car, 12.172583103179935, -8.902879450056291, -3.693648782041338, 0.840289294719696,-136.86581979504192
000280.pid, stop_sign, 37.34165361192491, -40.56364991929796, -2.1161610947714893, 0.3860674500465393,96.02467531581033
000281.pid, person, 20.090382984706338, -2.1071309021541107, -3.236429282597133, 0.8474315404891968,109.97662757162576
000281.pid, person, 20.435489109584264, -2.280188390186855, -3.2033410668373103, 0.35456955432891846,159.1555484348309
000281.pid, car, 12.221597380108305, -8.878748363918733, -3.6095727483431497, 0.8554700016975403,-136.13452423294598
000282.pid, person, 20.117211341857917, -2.2113240361213737, -3.1486456394195557, 0.8975996971130371,-63.91054579486478
000282.pid, person, 20.449801842371624, -2.323889891306561, -3.1466964284578953, 0.4245856702327728,159.62054620658984
000282.pid, car, 12.29967831202916, -8.883808898925786, -3.7021469116210937, 0.8644282817840576,-129.18607571779162
000283.pid, person, 20.13000424702963, -2.2754965623219863, -3.1554630200068154, 0.8767169117927551,-76.40828359239978
000283.pid, person, 20.457186426435197, -2.399254943643297, -3.1718657357352114, 0.4377410113811493,166.3999333601209
000283.pid, car, 11.953605274359388, -9.054700960715614, -3.4645799845457077, 0.8914920091629028,-132.75812874145905
000283.pid, car, 11.708689204129309, -9.215206597068095, -3.398407142812555, 0.3547658622264862,-129.70864004779722
000284.pid, person, 20.145129013061528, -2.326314401626593, -3.154979181289673, 0.82333904504776,-67.26490895940793
000284.pid, car, 12.140594643606269, -8.984790728125775, -3.3581022981186988, 0.8626246452331543,-129.80005751411792
000285.pid, person, 20.168322033352325, -2.4126147958967477, -3.2434203889634876, 0.8528130054473877,106.10880244063152
000285.pid, car, 12.092594027519228, -9.068355679512026, -3.342574689537287, 0.8979398608207703,-126.01398421983023
000286.pid, person, 20.161896841866632, -2.4711719921657074, -3.1553645474570144, 0.8676869869232178,123.02918252021229
000286.pid, car, 12.045413501678953, -9.019862439897327, -3.342280637650263, 0.8890787363052368,-130.98338156826193
000286.pid, car, 11.752338656672727, -9.167339563369753, -3.3393170656981286, 0.309162974357605,-135.68499299278966
000287.pid, person, 20.192287445068363, -2.5930649638176018, -3.261010497808457, 0.875931978225708,122.9367802103979
000287.pid, car, 11.870430804010649, -9.15283395283258, -3.287934306842178, 0.8758462071418762,-134.92089041967347
000287.pid, car, 11.121038241264149, -9.471150361574615, -3.3501924918248096, 0.3876131474971771,-132.23626278745843
000287.pid, stop_sign, 37.18997859954835, -41.459160804748535, -2.4533678889274584, 0.5148139595985413,93.12658208072594
000288.pid, person, 20.210408926010135, -2.654480338096624, -3.190338224172592, 0.879591703414917,133.1730957186661
000288.pid, car, 11.609346515253973, -9.292772481316018, -3.5184117932068673, 0.8954645395278931,-139.1610617557734
000288.pid, car, 10.580363909403486, -9.847228209177656, -3.557555556297302, 0.39190492033958435,-137.10327214545512
000288.pid, stop_sign, 37.51887817382813, -44.43960113525391, -2.501810479164122, 0.33713793754577637,-54.0397439667903
000289.pid, person, 20.23452832148626, -2.7447135998652588, -3.2050914030808673, 0.8792384266853333,122.19251658405872
000289.pid, car, 11.425421909852462, -9.450764070857659, -3.5821711258454756, 0.8937382698059082,-138.45449297257056
000289.pid, car, 10.475541053279755, -9.827245804571337, -3.528803556196151, 0.45155641436576843,-140.45275352234054
000289.pid, car, 12.219358002267235, -9.141413316494083, -3.4247602893085007, 0.385315477848053,85.06333067614976
000289.pid, stop_sign, 37.62149302164714, -44.58728535970052, -2.372496843338012, 0.3390559256076813,-34.11437820603576
000290.pid, person, 20.213003993034366, -2.8245791941881238, -3.19345897436142, 0.8867151141166687,129.23503308265532
000290.pid, car, 11.398561407880086, -9.338235634129227, -3.5992477463512884, 0.9002856612205505,-142.63317969956012
000290.pid, car, 10.530815467834476, -9.687695922851562, -3.510741453170776, 0.44810038805007935,-138.6229850763066
000291.pid, person, 20.208064592801612, -2.8867704868316704, -3.179517947710478, 0.8972584009170532,-36.08781145583778
000291.pid, car, 11.303452028547017, -9.49932967594692, -3.6956749303000316, 0.9107493162155151,-137.80049938665064
000291.pid, car, 10.143266148037382, -8.982634385413908, -3.6446438365512415, 0.3643018901348114,85.99058461203211
000292.pid, person, 20.218367440359938, -2.9310341392244674, -3.1718872444970265, 0.9110281467437744,-36.9952027644758
000292.pid, car, 10.854183094842096, -9.446837595530923, -3.642973840236664, 0.8992226719856262,-132.5664377242413
000292.pid, stop_sign, 37.14938116073609, -40.247679710388184, -2.2118547707796083, 0.3640826344490051,95.13187270714191
000293.pid, person, 20.232670920235773, -2.9688370738710743, -3.162649290902274, 0.9046033024787903,-29.48915044043651
000293.pid, car, 10.600586539820625, -9.658370268972304, -3.567595645001061, 0.8898002505302429,-132.84355470336752
000293.pid, car, 9.790483640587853, -9.776427808015246, -3.565618245497993, 0.3384047746658325,-157.43669992779922
000294.pid, person, 20.255913162231447, -3.006974601745612, -3.1107424100240073, 0.9052609801292419,132.82493855883297
000294.pid, car, 10.188525588424122, -9.738513946533205, -3.5717551708221436, 0.8574844002723694,-117.50217353137737
000294.pid, car, 9.80033302307129, -9.889467239379883, -3.5674432686396997, 0.35915109515190125,-156.1699168417787
000294.pid, stop_sign, 38.0501184463501, -44.94611310958862, -2.4014007598161684, 0.3373836874961853,89.29876922938922
000295.pid, person, 20.249116420745853, -3.047937850157426, -3.2204646865526843, 0.8507210612297058,-41.79260788036952
000295.pid, car, 10.255858421325687, -9.800254641352476, -3.7975480363175675, 0.8892194032669067,-107.46231554927061
000296.pid, person, 20.24684264443138, -3.132822578603577, -3.210055372931741, 0.8522194027900696,133.9018197329921
000296.pid, car, 9.85314513697769, -10.050834337870283, -3.965060891527118, 0.8565707206726074,-125.51952793102927
000296.pid, stop_sign, 37.50992965698243, -44.61751174926758, -2.456388831138609, 0.323757529258728,-28.638528075302254
000297.pid, person, 20.26095740000407, -3.1814315915107785, -3.2729327678680424, 0.8446434140205383,126.43446732436108
000297.pid, car, 9.455860751015804, -10.025448935372495, -3.9049794106256392, 0.8587625622749329,-124.97604171030085
000298.pid, person, 20.259528477986656, -3.254220803578701, -3.2249630822075743, 0.8644180297851562,130.22685090794045
000298.pid, car, 6.497349381446844, -3.6876825839281104, -4.396910458803176, 0.3051280379295349,93.54991290640396
000298.pid, stop_sign, 37.316682815551765, -44.25990676879883, -2.6968042850494367, 0.4625278115272522,64.86749210441475
000299.pid, person, 20.26473384433323, -3.262210104200582, -3.213152117199368, 0.8538358211517334,115.29135817081027
000299.pid, car, 8.433554808298753, -10.219050407409677, -3.686229089895885, 0.8957340717315674,-114.11241685052707
000300.pid, person, 20.27780652046204, -3.2916214168071796, -3.273376047611237, 0.8584371209144592,-65.59107656990003
000300.pid, car, 8.056018471717838, -10.43077936172486, -3.780882143974304, 0.8636673092842102,58.192043992280446
000300.pid, stop_sign, 37.85971908569336, -44.12837600708008, -2.2308130502700783, 0.3269357979297638,58.366798172560465
000301.pid, person, 20.251163005828865, -3.3472111821174675, -3.193380296230316, 0.793040931224823,-75.26518934585087
000301.pid, car, 6.55707298134858, -9.387879713526313, -3.4836296495401635, 0.3340093195438385,90.41011145982746
000302.pid, person, 20.303018887837734, -3.401619394620266, -3.254894614219666, 0.831508457660675,120.48461120779996
000302.pid, person, 20.609093450730846, -3.4510984805322455, -3.202068336548344, 0.34681519865989685,175.01807432755638
000302.pid, car, 5.9158720004407686, -8.678293074233622, -3.5009817050982117, 0.3170224130153656,89.66810671919384
000303.pid, person, 20.31844902038575, -3.430083195368455, -3.1573984622955322, 0.8733760118484497,-66.24701945806208
000303.pid, car, 5.23613550549462, -10.186667169843401, -3.312035655218457, 0.39931753277778625,-155.51357179682913
000303.pid, car, 6.358765295573647, -1.6853795562471687, -4.606832095554895, 0.3326442539691925,-81.582657958478
000303.pid, stop_sign, 36.75029591151646, -37.717111587524414, -2.0934385742459964, 0.43273189663887024,-78.07126105967387
000304.pid, person, 20.309894834245956, -3.5028279168265257, -3.179729734148298, 0.8750295042991638,-72.05041769244673
000304.pid, car, 5.176593808566828, -10.098868033465221, -3.703654205097871, 0.4290221333503723,-153.03389909514772
000305.pid, person, 20.371145963668827, -3.587090820074087, -3.1846291422843933, 0.7635468244552612,-40.12277778247882
000305.pid, car, 3.4485301690943158, -14.254908898297478, -3.3269340571235198, 0.37089604139328003,80.54531971795709
000305.pid, stop_sign, 36.97103563944499, -40.487847646077476, -2.320853730042774, 0.327305406332016,94.37815870511632
000306.pid, person, 20.38985019259983, -3.6166326469845305, -3.1047232680850563, 0.8224010467529297,-59.5389848488659
000306.pid, car, 3.327462729953589, -13.790298325674877, -3.36852360907055, 0.4204866588115692,86.61340557717774
000307.pid, person, 20.458440303802494, -3.756416241327928, -3.17338365316391, 0.8473647832870483,112.07300747526604
000308.pid, person, 20.45968580245972, -3.8000251253446002, -3.1661682327588405, 0.8203895092010498,102.44298335544528
000308.pid, stop_sign, 37.168635559082034, -42.09323272705078, -2.5032463312149047, 0.43052735924720764,92.6579683874639
000309.pid, person, 20.472600664411278, -3.875195877892637, -3.184121744973319, 0.7152116298675537,112.94149632490952
000310.pid, person, 20.50936963008001, -3.9082084985879812, -3.220384872876681, 0.6386036276817322,117.36410164584082
000310.pid, car, 1.0873834388330612, -10.079235336997295, -4.116504560817371, 0.3178223669528961,141.7674011492171
000311.pid, person, 20.502556355794276, -3.9638374805450507, -3.1886771361033124, 0.7253378629684448,99.9082902823378
000311.pid, stop_sign, 37.2029619216919, -44.35857009887695, -2.528564453124999, 0.34924474358558655,61.23200888357109
000312.pid, person, 20.492355933556194, -3.9860856166252794, -3.15147275191087, 0.5042829513549805,103.39004701421888
000312.pid, car, -2.813212898042461, -9.483240551418735, -4.488663302527532, 0.5445239543914795,-76.53241875629763
000313.pid, person, 20.5094372142445, -4.037550904534085, -3.133977521549572, 0.41326460242271423,121.72961643038921
000313.pid, car, -2.8954908775560724, -9.163695219791299, -4.485183585773814, 0.4887927174568176,158.94140444693937
000313.pid, car, -0.8091138124465893, -9.8071967124939, -4.274355459213256, 0.315518319606781,155.47278608765146
000313.pid, stop_sign, 37.015153067452566, -41.03400312151228, -2.278291055134363, 0.36275148391723633,94.15642973344083
000314.pid, person, 20.485945224761966, -4.092356115579611, -3.1950989067554474, 0.7512500882148743,115.24089376220279
000314.pid, car, -2.7424650669097845, -9.220097986857098, -4.487586053212483, 0.43511274456977844,156.86740914015712
000315.pid, car, -2.0219452977180423, -9.909486373265585, -3.972781747579574, 0.42869848012924194,-144.1188227124636
000316.pid, person, 20.508169555664068, -4.155558967590339, -3.228261375427247, 0.8007307052612305,77.52894492128831
000316.pid, car, -2.4913674776370653, -9.697444695692798, -4.214258138950054, 0.340682715177536,-93.66157063078285
000317.pid, person, 20.567905902862556, -4.238844275474555, -3.226272404193878, 0.7547536492347717,-88.01021583212338
000318.pid, person, 20.577594757080085, -4.291745026906337, -3.2702953020731615, 0.4605177938938141,-79.22895098256114
000318.pid, stop_sign, 37.623321533203125, -44.35282516479492, -2.45049101114273, 0.40653061866760254,-54.99729113065876
000319.pid, person, 20.629596710205085, -4.345467090606696, -3.2799288431803397, 0.6627488136291504,-92.0497398934856
000320.pid, person, 20.944035497205014, -4.412526360873519, -3.1533056127613985, 0.33508551120758057,-0.13498567641747705
000321.pid, person, 20.70875668525696, -4.472100675106055, -3.2262557744979863, 0.6561374068260193,112.81649095680268
000323.pid, person, 20.759628677368166, -4.582406568527228, -3.1918111085891723, 0.8299561738967896,109.15033999834228
000323.pid, stop_sign, 37.84774971008301, -45.491942405700684, -2.6697227954864498, 0.33583593368530273,141.29001279373904
000324.pid, person, 20.796901702880863, -4.645851400163445, -3.1699594391716857, 0.8275795578956604,102.12173158501894
000325.pid, person, 20.80319938659668, -4.737060499191291, -3.201083850860596, 0.8681657314300537,106.46982838559535
000326.pid, person, 20.847388781034034, -4.806006394899814, -3.17921596307021, 0.8764159083366394,106.27933356037217
000327.pid, person, 20.87246131896973, -4.873131348536571, -3.1923214655656085, 0.8940820693969727,113.57170628700823
000328.pid, person, 20.876819491386417, -4.876331508159644, -3.1689324229955673, 0.8998593688011169,104.24768126235615
000329.pid, person, 20.869684520520664, -4.940299134505426, -3.1487535301007723, 0.8765056729316711,107.19638320646922
000330.pid, person, 20.90883314609528, -5.000263452529913, -3.2061126828193665, 0.8873502016067505,101.50197485870443
000331.pid, person, 20.905902181352893, -5.030852385929658, -3.279309102467128, 0.7626484036445618,106.95147892866528
000332.pid, person, 20.91178092956543, -5.062445735931403, -3.273322319984436, 0.828572690486908,100.15178745812172
000333.pid, person, 20.93712467617459, -5.142365667555073, -3.2870321008894177, 0.8706439137458801,104.55171199529745
000333.pid, stop_sign, 37.27662150065104, -44.188636779785156, -2.468606948852538, 0.33790555596351624,61.073338629556424
000334.pid, person, 20.976922988891605, -5.1917583601815425, -3.2482025623321538, 0.889950156211853,106.48182862141282
000334.pid, stop_sign, 37.95692498343332, -44.58850533621652, -2.336845414979116, 0.41402667760849,91.70779627250563
000335.pid, person, 21.017273187637333, -5.235319554805762, -3.3498362600803375, 0.8808167576789856,-57.80920159077029
000336.pid, person, 21.047416687011726, -5.267867803573614, -3.3310796618461613, 0.8632256984710693,99.15153780671974
000336.pid, stop_sign, 36.96887969970703, -39.52342060634068, -2.280568071774073, 0.4426599144935608,93.93036780114497
000337.pid, person, 21.069089508056646, -5.296805667877203, -3.278986930847168, 0.8633612394332886,106.11722371520545
000338.pid, person, 21.088010470072433, -5.3354936440785785, -3.2210006713867188, 0.8667150139808655,-69.9915118437211
000339.pid, person, 21.134154456002374, -5.372599124908453, -3.280785117830549, 0.8336297869682312,103.19520635465614
000340.pid, person, 21.193329238891604, -5.423976039886481, -3.2949718475341796, 0.8433172106742859,104.33317438773388
000341.pid, person, 21.207107023759324, -5.475033760070807, -3.2081517522985292, 0.7922906875610352,97.89606762621075
000342.pid, person, 21.25692768096924, -5.529128360748297, -3.227929973602295, 0.8112027645111084,102.10028985152577
000343.pid, person, 21.280256843566896, -5.5828178882598944, -3.2094462156295775, 0.7821930050849915,99.08767105871793
000344.pid, person, 21.278993844985965, -5.657446384429938, -3.264026373624802, 0.6725436449050903,114.55679945348274
000345.pid, person, 21.31380108424596, -5.755467414855963, -3.2260175091879715, 0.7039884328842163,96.55054157648708
000345.pid, stop_sign, 38.10176658630372, -43.949859619140625, -2.1118839681148516, 0.41546210646629333,-71.49363425292736
000346.pid, person, 21.326832771301273, -5.781067967414862, -3.205549329519272, 0.8404248356819153,127.02191755737763
000347.pid, person, 21.371509824480334, -5.852141789027629, -3.2067558084215437, 0.8520318269729614,103.79509644272117
000347.pid, stop_sign, 38.20893987019858, -44.1368776957194, -2.2686866521835314, 0.39535096287727356,-86.29762270298721
000348.pid, person, 21.371022330390087, -5.843063142564568, -3.238978332943387, 0.6322559118270874,106.36768342027244
000349.pid, person, 21.382296032375763, -5.870388031005866, -3.2339487075805664, 0.8098428249359131,88.21632933198609
000350.pid, person, 21.399461030960087, -5.901965320110327, -3.235644966363907, 0.6201728582382202,97.50716059444979
000350.pid, stop_sign, 37.05996704101563, -44.566026051839195, -2.4755400816599527, 0.3225111663341522,73.713647457771
000351.pid, person, 21.419547398885097, -5.9597506523132395, -3.223066965738933, 0.8846138119697571,127.84278202828787
000352.pid, person, 21.448697226388116, -5.96472208840507, -3.25118408884321, 0.8832011818885803,-49.62708300816626
000353.pid, person, 21.484579722086593, -6.000077803929654, -3.3624587853749595, 0.8812440633773804,112.443186742027
000354.pid, person, 21.544602394104007, -6.083235820134487, -3.311877687772115, 0.8585855960845947,-68.34255911770305
000355.pid, person, 21.605753421783454, -6.140682697296149, -3.4939913749694824, 0.8725650906562805,96.19728960019037
000356.pid, person, 21.613680975777765, -6.178873811449329, -3.2674074854169577, 0.8370273113250732,-65.74892526339258
000357.pid, person, 21.664847373962406, -6.187662959098822, -3.26713764667511, 0.8014980554580688,-54.06309865499022
000358.pid, person, 21.696013450622562, -6.260060548782355, -3.323389212290446, 0.819125235080719,109.0979247054986
000359.pid, person, 21.69992696321928, -6.2890910001901545, -3.2301584757291355, 0.7685136795043945,112.30654755891754
000359.pid, stop_sign, 37.35697860717774, -42.404885864257814, -2.3126403808593734, 0.44564899802207947,94.33460619241811
000360.pid, person, 21.7389612197876, -6.361983680725104, -3.285389518737793, 0.8717635869979858,-54.65702048789163
000361.pid, person, 21.766351699829105, -6.455473899841315, -3.259154847690038, 0.8678143620491028,110.72649445497697
000362.pid, person, 21.775268554687504, -6.480332438151046, -3.1802478313446043, 0.8749908208847046,100.27400241304966
000363.pid, person, 21.812860965728763, -6.555498898029332, -3.2203461974859238, 0.8703557252883911,102.52237373278417
000364.pid, person, 21.785507538739378, -6.567791209501382, -3.106448888778687, 0.8792416453361511,98.18861553828569
000365.pid, person, 21.807452917099003, -6.617800772190099, -3.168762683868408, 0.8569850921630859,110.14539649892613
000365.pid, stop_sign, 37.220465342203774, -44.45685068766276, -2.7009145418802873, 0.31802594661712646,67.07875721548429
000366.pid, person, 21.79767104557583, -6.629591601235531, -3.152338334492275, 0.8531581163406372,107.5468483163045
000367.pid, person, 21.817357199532648, -6.647018160138816, -3.220703431538174, 0.8376007676124573,116.17351061236762
000368.pid, person, 21.81444981892904, -6.684275881449385, -3.204739427566529, 0.8446949124336243,109.97133826819702
000368.pid, stop_sign, 37.0894900730678, -39.73303658621652, -2.1437162501471363, 0.3512919247150421,95.00207412729286
000369.pid, person, 21.799745706411514, -6.6829737149752155, -3.2372040565197286, 0.854637861251831,98.87677687779417
000370.pid, person, 21.84459126790365, -6.722889804840092, -3.233571608861288, 0.8335607051849365,113.95777743576352
000371.pid, person, 21.86527494950728, -6.763306227597329, -3.2839809547771113, 0.8289445638656616,-62.87092920149011
000371.pid, stop_sign, 37.24954160054525, -40.58231544494629, -2.1595958073933907, 0.32704535126686096,96.42040541871907
000372.pid, person, 21.86123487684462, -6.76880057652792, -3.296114762624105, 0.8272377848625183,-66.34952240593077
000373.pid, person, 21.871374402727405, -6.798284462520061, -3.339341708592006, 0.7927829623222351,111.75985074217589
000373.pid, stop_sign, 37.49186134338379, -44.618408203125, -2.455929338932036, 0.4995781183242798,-31.066895901320898
000374.pid, person, 21.93399143218995, -6.816427469253547, -3.4082984328269963, 0.769331693649292,-74.5133306276216
000375.pid, person, 21.922824859619148, -6.816780090332037, -3.3025616645812996, 0.864612877368927,-70.27748666464683
000376.pid, stop_sign, 37.28565788269044, -44.244208335876465, -2.6953153610229474, 0.3492501676082611,-111.2494291866181
000378.pid, person, 21.981403986612964, -7.010998090108242, -3.3436861832936606, 0.8158078789710999,-46.424335107814656
000379.pid, person, 21.962886428833013, -6.952116775512701, -3.3451802253723146, 0.8493219017982483,124.47463288367828
000380.pid, person, 22.021808942159023, -7.029997905095425, -3.2206117312113443, 0.8732775449752808,-71.68670335549061
000381.pid, stop_sign, 37.322644551595054, -44.09828186035156, -2.69123609860738, 0.3714431822299957,-109.8732966945386
000382.pid, person, 21.994934082031257, -7.014971613883979, -3.2952673435211186, 0.8589078187942505,129.62053498553203
000383.pid, person, 22.014838218688972, -6.969306588172919, -3.399472117424012, 0.8268698453903198,91.65141428827502
000384.pid, person, 21.940940380096443, -6.82811617851258, -3.335402846336365, 0.8110417723655701,-46.60236307596543
000385.pid, person, 21.981827735900886, -6.844790339469916, -3.378893852233887, 0.7166427969932556,112.40863024800812
000387.pid, person, 21.938649495442718, -6.776994228363043, -3.37995719909668, 0.835824728012085,143.22335855019946
000388.pid, person, 21.973670323689788, -6.811242262522385, -3.355123202006022, 0.8254924416542053,111.23384360400699
000388.pid, stop_sign, 38.28671646118165, -45.553650538126625, -2.716029922167459, 0.3129478096961975,64.95712738289168
000389.pid, person, 21.95817184448243, -6.750907182693488, -3.381003141403199, 0.8496899008750916,119.38492394997392
000389.pid, car, 22.147990917337353, -6.646853233205861, -3.101467642290838, 0.3605787456035614,69.67109919488583
000390.pid, person, 21.9393840789795, -6.739751911163336, -3.421365928649904, 0.8387934565544128,-67.38906164597032
000390.pid, car, 22.139504253864292, -6.636637210845947, -3.064211249351501, 0.3756299912929535,65.43813010569286
000391.pid, person, 21.906295458475753, -6.710318803787238, -3.368730028470358, 0.8460249304771423,106.1942322714855
000392.pid, person, 21.9180840083531, -6.693243435450969, -3.2999960013798306, 0.8173617124557495,108.57228923544592
000393.pid, person, 21.894159317016605, -6.6306490103403775, -3.3028889894485474, 0.7165407538414001,-57.34137127898149
000394.pid, person, 21.852461576461796, -6.623047798871999, -3.170681357383728, 0.8254326581954956,125.88619898440604
000395.pid, person, 21.823407745361333, -6.579277038574222, -3.116948366165161, 0.876630961894989,123.90131959504998
000395.pid, car, 21.99076677137806, -6.492458128160046, -3.115054368972778, 0.3270397484302521,24.572582869388242
000395.pid, stop_sign, 37.257115046183266, -40.954325358072914, -2.265818874041239, 0.5387135148048401,94.00201100377706
000396.pid, person, 21.802977561950687, -6.497550249099736, -3.1809301733970643, 0.8758020401000977,-34.04525225809738
000397.pid, person, 21.777777777777782, -6.445003721449114, -3.0925082100762262, 0.8992851972579956,146.53500518571852
000397.pid, stop_sign, 37.49454116821289, -44.61359405517578, -2.455888628959654, 0.39071178436279297,-29.58556537850267
000398.pid, person, 21.75962595506148, -6.406378442590891, -3.180457126010548, 0.8702144622802734,-169.96547370138566
000399.pid, person, 21.72190152043882, -6.369161979011871, -3.150279926217121, 0.8707737922668457,-15.659535861503613
000400.pid, person, 21.686010059557464, -6.336522880353431, -3.1078677051945736, 0.8541864156723022,-25.227068043479246
000400.pid, stop_sign, 36.94748051961263, -40.992290496826165, -2.3825987974802643, 0.3094870150089264,91.38012970011853
000401.pid, person, 21.658502277575042, -6.318243227506943, -3.19931855954622, 0.8233922123908997,137.643285275023
000401.pid, person, 22.222051075526647, -8.020896434783939, -2.993064670335678, 0.4494791030883789,-70.28321514249836
000402.pid, person, 21.64222347035128, -6.280766150530653, -3.149049282073975, 0.7618193626403809,-32.61869322531214
000402.pid, stop_sign, 37.90532620747884, -45.16642697652181, -2.5160185893376656, 0.3380330502986908,119.95699509064983
000403.pid, person, 21.60357968947467, -6.242184695075545, -3.229804838404936, 0.7796237468719482,133.746594032425
000404.pid, person, 21.617472966512047, -6.1852250734965075, -3.286101786295573, 0.7749351859092712,137.39722728961257
000405.pid, person, 21.611601710319523, -6.119750469923024, -3.1863490045070653, 0.8136149048805237,121.5140479962837
000406.pid, person, 21.604734134674075, -6.07843275070191, -3.188228225708008, 0.8422473669052124,124.42174653824206
000407.pid, person, 21.601029078165695, -6.031226317087815, -3.2738662560780845, 0.8314871788024902,118.30515616115652
000408.pid, person, 21.59232554716223, -5.987262697780839, -3.205026808907004, 0.8553896546363831,125.76339310841335
000408.pid, stop_sign, 37.07476479666575, -39.74676295689174, -2.1436099324907567, 0.4415174424648285,95.01191850597627
000409.pid, person, 21.574255347251896, -5.925606667995459, -3.2733110040426254, 0.8451935648918152,113.11940736334269
000410.pid, person, 21.595584267064147, -5.884165086244286, -3.2774311743284525, 0.8515391945838928,110.36012689075345
000411.pid, person, 21.580110232035324, -5.816621462504073, -3.2746095392439103, 0.7789053320884705,103.17298167342325
000411.pid, stop_sign, 37.21468026297433, -41.191815512520925, -2.237971850803919, 0.3298569917678833,95.76303916568813
000412.pid, person, 21.5571043226454, -5.748134930928554, -3.250688844256931, 0.8262245059013367,-48.06921015073671
000413.pid, person, 21.542462348937992, -5.683666229248052, -3.2385955333709715, 0.7871269583702087,122.41866298402782
000414.pid, person, 21.544562732472144, -5.595324460197902, -3.2217857977923225, 0.8662601113319397,124.14656101797846
000414.pid, stop_sign, 37.778417205810555, -45.173561096191406, -2.673650074005125, 0.39174050092697144,117.00445541834819
000415.pid, person, 21.493949441348807, -5.521649641149189, -3.19444380087011, 0.8727930784225464,128.1784796706655
000416.pid, person, 21.47123444080353, -5.496548533439641, -3.174595221877098, 0.8503307700157166,-37.311462521751636
000417.pid, person, 21.460498301188156, -5.46403862635295, -3.20106635093689, 0.851459264755249,-47.31052545177229
000418.pid, person, 21.42696046829224, -5.4329382777214095, -3.178143337368965, 0.8354148864746094,133.1615139349857
000418.pid, stop_sign, 37.221193949381515, -44.403167724609375, -2.699053366978962, 0.32856273651123047,61.78564426905027
000419.pid, person, 21.429950184292267, -5.422925180859041, -3.2119875219133167, 0.8403137922286987,117.8748390736935
000420.pid, person, 21.385509899684365, -5.373550244740083, -3.2216717004776, 0.7171733379364014,124.54907729269276
000421.pid, person, 21.396120548248295, -5.348417401313788, -3.3069275816281642, 0.7691071033477783,117.60195637892738
000422.pid, person, 21.379264450073244, -5.2709835052490295, -3.1724755525588995, 0.8573978543281555,127.11799079690067
000423.pid, person, 21.366065216064456, -5.201196146011359, -3.209894824028015, 0.8566756248474121,125.64811086408908
000424.pid, person, 21.375872135162357, -5.163679281870531, -3.2507094144821167, 0.8412377834320068,125.35594288347971
000424.pid, stop_sign, 37.5071144104004, -44.6304349899292, -2.4564645886421186, 0.4661201536655426,-29.800858189542474
000425.pid, person, 21.35219502449036, -5.097569465637213, -3.330568879842758, 0.842157244682312,121.05872847591607
000425.pid, person, 21.58169809977214, -5.04146046638489, -3.11282676855723, 0.4741550087928772,13.038367999197522
000426.pid, person, 21.330640792846683, -5.006677985191352, -3.345542758703232, 0.8463021516799927,-52.56505847460707
000426.pid, person, 21.55567899243585, -4.993323687849374, -3.1196625397123134, 0.35647669434547424,-170.03069887449496
000427.pid, person, 21.355646610260013, -4.971944153308875, -3.330006718635559, 0.8460285067558289,-65.04850806234589
000428.pid, person, 21.337099075317386, -4.939243396123257, -3.2678253650665283, 0.8644083738327026,104.89520791025484
000429.pid, person, 21.30527414594378, -4.869496209280838, -3.298536130360195, 0.6788212656974792,125.7957918523779
000429.pid, car, 21.55973091125488, -4.86511532465617, -3.1104303995768223, 0.3243641257286072,-167.56593157884936
000430.pid, person, 21.319018500191827, -4.8510415213448725, -3.3062115737370084, 0.7335658669471741,110.45850839372923
000430.pid, car, 21.563902164327686, -4.810136926585234, -3.1499734089292324, 0.35221245884895325,179.93552805833139
000430.pid, stop_sign, 37.20769755045574, -44.40051142374674, -2.6985570589701324, 0.34475070238113403,62.06248129286933
000431.pid, person, 21.305684089660648, -4.774204134941107, -3.3033284544944763, 0.8419516682624817,98.29493320499255
000432.pid, person, 21.2979862689972, -4.726355791091925, -3.29957190155983, 0.8167638182640076,106.39276386453267
000433.pid, person, 21.28212235190652, -4.653629693118014, -3.2116007804870605, 0.8425872325897217,118.93878933526697
000433.pid, stop_sign, 38.02368709019253, -44.87757764543806, -2.3492791822978414, 0.39597976207733154,88.11478851186287
000434.pid, person, 21.250288356434222, -4.564786477522423, -3.120242595672608, 0.860527753829956,110.80989574574454
000435.pid, person, 21.232948493957522, -4.48767862319947, -3.2678614377975466, 0.8593891263008118,125.27842583043453
000436.pid, person, 21.23472102483114, -4.475488781929022, -3.204136629899343, 0.865166962146759,119.03405531702991
000436.pid, bicycle, 2.9985086123148696, -15.803428967793792, -3.217108011245728, 0.300374835729599,-118.00681656791667
000437.pid, person, 21.213432720729287, -4.482480968747827, -3.1594832624707907, 0.8620665073394775,114.10194096564629
000438.pid, person, 21.19736194610596, -4.430823802948004, -3.1955651555742537, 0.8770730495452881,112.84405400558794
000439.pid, person, 21.19280290603638, -4.446331898371384, -3.1823543508847556, 0.8794891238212585,118.03520008146948
000440.pid, person, 21.18273061116537, -4.422129027048753, -3.2086401462554934, 0.8711256384849548,115.48818779346931
000440.pid, stop_sign, 37.95724534988403, -44.7325382232666, -2.390995219349859, 0.3309376835823059,91.81296218666739
000441.pid, person, 21.13072187250311, -4.4157440012151605, -3.241694775494662, 0.7765001654624939,111.75966136632326
000442.pid, person, 21.13253211975098, -4.3721024439885126, -3.226302733788124, 0.8338720798492432,108.87371374860275
000443.pid, person, 21.116791556863227, -4.295500811408552, -3.2227161631864663, 0.8621699810028076,106.35880641971015
000443.pid, stop_sign, 37.84293899536133, -45.088471221923825, -2.7420605182647706, 0.3728184401988983,121.37993591638056
000444.pid, person, 21.065089583396915, -4.259465396404273, -3.22839230298996, 0.7331275939941406,102.52183160663826
000445.pid, person, 21.033769335065575, -4.229152560234076, -3.3257993800299515, 0.8414435982704163,107.55400681385052
000446.pid, person, 20.999351228986473, -4.17209844929832, -3.302668809890747, 0.8067601919174194,105.97044257298961
000447.pid, person, 20.972008109092716, -4.158019602298743, -3.268547430634499, 0.8206218481063843,106.66613467466964
000448.pid, person, 20.931562264760338, -4.143589099248257, -3.336421211560568, 0.8163569569587708,106.43242385916518
000448.pid, stop_sign, 37.70116138458252, -43.84190368652344, -2.3556030094623557, 0.3984152376651764,42.14556494480855
000449.pid, person, 20.88209915161133, -4.124719691276557, -3.3913527011871345, 0.8134021162986755,103.50666974955371
