000033.pid, stop_sign, 37.11700820922852, -39.596242211081766, -2.423016244714909, 0.3529811501502991,101.34604046073406
000035.pid, stop_sign, 37.837193965911865, -42.99876594543457, -2.7545293867588025, 0.4262995421886444,125.58863132023883
000036.pid, stop_sign, 36.83271026611328, -37.08974361419678, -1.5089425146579727, 0.43685182929039,102.19987772276522
000037.pid, stop_sign, 37.33125559488933, -43.02215321858724, -2.0982334216435734, 0.4112287163734436,-134.23563232534494
000038.pid, stop_sign, 37.86582183837891, -43.230672200520836, -2.512547532717386, 0.3515108525753021,-9.978915166301352
000039.pid, stop_sign, 38.062460581461586, -42.96776262919108, -2.7882320086161285, 0.36940115690231323,134.45557726583226
000041.pid, person, 28.34678522745769, -22.44002151489259, -3.2334628899892173, 0.3991619944572449,102.1553303785129
000041.pid, stop_sign, 37.45804214477539, -38.76876958211263, -1.7956051826477035, 0.3673286736011505,100.8697083213963
000043.pid, person, 28.33961041768393, -22.468331019083667, -3.2345163822174086, 0.38120245933532715,103.02565408455902
000043.pid, stop_sign, 37.692364374796554, -43.017571767171226, -2.891235192616779, 0.3395288288593292,124.79555252250083
000044.pid, stop_sign, 37.635088729858396, -40.27541103363038, -2.606376421451567, 0.42450588941574097,101.75136189993259
000045.pid, person, 28.314597447713226, -22.37787373860678, -3.087318181991577, 0.3684160113334656,89.74932260798927
000047.pid, person, 28.337258021036792, -22.46914736429851, -3.2344542344411225, 0.3036072254180908,99.72534437464577
000047.pid, stop_sign, 37.521570205688484, -41.2273375193278, -2.522979815800983, 0.3593443036079407,99.01728021104459
000049.pid, person, 28.328844706217456, -22.466938654581714, -3.233741601308187, 0.3420639634132385,99.70079876811214
000049.pid, stop_sign, 37.86380113874163, -43.490316663469585, -2.7360999413898996, 0.3356785774230957,5.1036706547410455
000051.pid, person, 28.328796005249036, -22.39714584350587, -3.032770729064941, 0.40430012345314026,-74.08447685025243
000051.pid, stop_sign, 37.58994547526042, -40.68507798512777, -2.4852202335993443, 0.5034599900245667,100.47345101948437
000052.pid, person, 28.33887672424317, -22.449155807495124, -3.162968039512635, 0.3496064841747284,94.23667381802002
000052.pid, stop_sign, 38.215859731038414, -43.27710342407226, -2.356201589107512, 0.47526946663856506,154.41305185464708
000053.pid, person, 28.336804389953624, -22.410032272338874, -3.05506843328476, 0.32057297229766846,101.22719161605282
000055.pid, person, 28.342727661132823, -22.47080103556316, -3.234949906667074, 0.3655153512954712,101.7698195383198
000055.pid, stop_sign, 37.60102844238281, -41.331718172345845, -2.587928959301539, 0.43073350191116333,99.68352813384433
000056.pid, stop_sign, 37.37362003326416, -39.59536552429199, -2.6267596632242185, 0.46234941482543945,101.24799014964292
000058.pid, person, 28.347471872965503, -22.447702407836925, -3.2340203126271567, 0.34340694546699524,98.21505102738439
000058.pid, stop_sign, 37.83258295059204, -42.988192081451416, -2.754130929708479, 0.4194429814815521,125.12013090794089
000060.pid, stop_sign, 36.966174125671394, -39.82065534591675, -1.9149011969566332, 0.37980926036834717,96.3691706691849
000061.pid, stop_sign, 37.804873943328865, -43.063812255859375, -2.7559799849987017, 0.39312970638275146,125.31198426576063
000063.pid, stop_sign, 37.59315567016602, -43.282963562011716, -2.4740591049194323, 0.41651198267936707,121.93168968786294
000064.pid, person, 28.350610733032237, -22.439462661743175, -3.2337570190429688, 0.35911816358566284,100.22303957499781
000064.pid, stop_sign, 37.18417061699762, -38.54119088914659, -2.4853130578994738, 0.49402302503585815,101.02054376874015
000065.pid, person, 28.32874565124513, -22.349609756469732, -3.0303626060485844, 0.4174012541770935,-68.76623805078444
000066.pid, person, 28.343623479207366, -22.37597338358562, -2.948026021321615, 0.4101289212703705,-39.893009150570975
000066.pid, stop_sign, 38.049497604370124, -43.40040969848633, -2.1844206452369677, 0.4955247640609741,15.545513688186288
000067.pid, person, 28.34704971313478, -22.430809497833263, -3.16258442401886, 0.4371175765991211,94.84008662046737
000067.pid, stop_sign, 37.606246100531685, -41.59689288669162, -2.60003356138865, 0.4539630115032196,99.7845460190039
000068.pid, person, 28.351911926269537, -22.371716308593754, -3.0330681324005133, 0.41984739899635315,-77.13392835193909
000069.pid, stop_sign, 36.44658025105795, -39.73157437642414, -2.2403464714686065, 0.3885684907436371,97.62722035213238
000070.pid, person, 28.353575388590503, -22.444270451863616, -3.234221855799357, 0.3224460780620575,98.41076657801413
000070.pid, stop_sign, 38.03087361653646, -43.00705273946127, -2.6773433287938424, 0.4333053529262543,132.21935224358464
000072.pid, stop_sign, 37.89110994338989, -40.59340739250183, -2.0166109949350344, 0.48195022344589233,102.77784959877285
000073.pid, stop_sign, 37.64963340759277, -41.275837659835815, -2.58827270567417, 0.4449543058872223,100.20893572178586
000074.pid, stop_sign, 36.720751444498696, -34.94466018676758, -1.5679384867350248, 0.44511646032333374,-66.58614097891959
000075.pid, stop_sign, 35.53123346964519, -29.750748952229813, -1.8838648001352947, 0.45621728897094727,-43.261761590551984
000077.pid, stop_sign, 37.591892787388396, -43.10466221400669, -2.859863213130406, 0.44819778203964233,130.28700613080417
000078.pid, stop_sign, 37.19294815063476, -38.92321434020996, -2.4991894245147694, 0.3778299391269684,100.56037125929423
000081.pid, stop_sign, 37.41437110900879, -40.4322696685791, -2.5028387188911423, 0.3529703617095947,99.86748335062761
000083.pid, stop_sign, 37.20796966552735, -37.83271789550781, -2.126343655586242, 0.4564492702484131,100.61787416707244
000086.pid, stop_sign, 38.06519269943238, -43.23331069946289, -2.559633433818816, 0.4217730164527893,-16.963801794047168
000087.pid, stop_sign, 37.757282257080085, -43.1421012878418, -2.7283778190612775, 0.4775368869304657,-134.57942198936297
000089.pid, person, 28.351840591430676, -22.38177947998048, -3.118112802505493, 0.39195409417152405,-82.22594544695158
000089.pid, stop_sign, 37.29096174240113, -39.54849457740784, -2.120015695691108, 0.40056467056274414,100.3283963210476
000090.pid, stop_sign, 38.233236585344585, -43.30061285836356, -2.9323718888419004, 0.4246900677680969,-98.10584238089501
000091.pid, person, 28.358598073323577, -22.38010025024415, -3.2309221426645913, 0.3817158341407776,97.60832638768743
000092.pid, stop_sign, 37.6869208017985, -43.01971117655436, -2.8911460638046247, 0.40010759234428406,125.01082842356821
000093.pid, stop_sign, 37.71760177612306, -43.18050918579102, -1.7978585958480822, 0.43449667096138,0.7269367867490475
000094.pid, stop_sign, 37.7667350769043, -41.43502562386649, -2.596490825925553, 0.5389540791511536,101.0262333064084
000096.pid, stop_sign, 37.54047584533692, -40.89408302307129, -2.6127816339333836, 0.4961800277233124,99.77326156485339
000098.pid, stop_sign, 37.82369375228882, -43.013338565826416, -2.7542532086372367, 0.45125943422317505,126.76822730717343
000100.pid, stop_sign, 36.72714767456055, -38.45180702209473, -2.0083079576492304, 0.4676177501678467,99.76845531124242
000101.pid, stop_sign, 37.552865982055664, -39.68451809883118, -2.414811432361602, 0.4675503075122833,100.35973579641134
000103.pid, stop_sign, 37.59414890834263, -41.27446011134556, -2.4891270058495643, 0.4098864495754242,99.41252984884741
000104.pid, stop_sign, 37.474737803141274, -42.925549825032554, -2.1008344093958526, 0.4058791399002075,130.18456472435005
000106.pid, stop_sign, 37.841556549072266, -43.024041175842285, -2.6713891923427577, 0.32561254501342773,127.5045359802779
000108.pid, stop_sign, 38.2510368347168, -43.16818008422852, -2.150927257537841, 0.40141773223876953,155.56489319441053
000109.pid, stop_sign, 38.026104609171554, -42.94568951924642, -2.7868940432866403, 0.41247329115867615,133.78552128319438
000111.pid, person, 28.32353305816651, -22.436406612396247, -3.1614217758178715, 0.3645273447036743,107.34774358140201
000111.pid, stop_sign, 37.4343490600586, -41.062107721964516, -2.1222676237424203, 0.43730688095092773,99.51092443810944
000112.pid, person, 28.303295135498058, -22.420448939005542, -3.0889778137207036, 0.3320305645465851,118.41426893338806
000112.pid, stop_sign, 37.53955598310991, -40.55131842873313, -2.5111813111738717, 0.42128196358680725,99.88197242322079
000113.pid, person, 28.302225748697925, -22.3747049967448, -3.0864675839742035, 0.33240869641304016,114.1257989744482
000114.pid, stop_sign, 38.190247853597015, -38.5169366200765, -1.5573786497116082, 0.4696182608604431,108.42098554918287
000115.pid, person, 28.308222770690925, -22.415611743927013, -3.159352958202362, 0.3860195577144623,115.37721685640852
000115.pid, stop_sign, 37.74774169921875, -43.19849967956543, -2.676818490028381, 0.45846351981163025,176.5191320735345
000117.pid, stop_sign, 38.22647221883138, -43.2391726175944, -1.9051045179367057, 0.4712716042995453,-159.48470947935317
000119.pid, stop_sign, 37.848365020751956, -43.23279724121094, -2.9490408897399893, 0.3848192095756531,124.82686153756185
000121.pid, stop_sign, 37.649565887451175, -43.27495346069336, -2.8115451812744126, 0.3264526426792145,160.31232910947736
000123.pid, stop_sign, 37.78893607003348, -43.01349367414202, -2.765936272484914, 0.44888755679130554,125.12505725650848
000126.pid, person, 28.320180892944347, -22.429097493489593, -3.0904812018076577, 0.3162224292755127,115.280192979507
000126.pid, stop_sign, 37.60096783108182, -41.6318350897895, -2.564007070329453, 0.37950998544692993,99.43244575730505
000128.pid, person, 28.309110164642345, -22.38397502899171, -3.157783925533295, 0.3049338459968567,112.90474428527432
000128.pid, stop_sign, 38.04207420349122, -42.97159957885743, -2.787619471549986, 0.5212059020996094,134.4137497124811
000131.pid, stop_sign, 36.50712966918945, -36.498672723770134, -2.2759413272142406, 0.40554457902908325,100.82370510890289
000132.pid, stop_sign, 37.10498733520508, -40.54442367553711, -2.069100999832153, 0.4443565905094147,98.10670725541908
000134.pid, stop_sign, 37.479834747314456, -41.0242202758789, -2.0221933841705306, 0.487496018409729,102.30218974006488
000135.pid, person, 28.30867830912273, -22.38108189900717, -3.228162050247192, 0.3064875304698944,-65.40355586887208
000135.pid, stop_sign, 37.51890754699707, -41.503034591674805, -2.676991716027259, 0.4796847999095917,99.38097201918067
000136.pid, stop_sign, 38.047341664632164, -42.96956570943197, -2.788247068723041, 0.35683494806289673,133.16671658555805
000137.pid, stop_sign, 35.52578481038412, -29.74270311991373, -1.8835313320159897, 0.36001649498939514,-43.73616256324429
000139.pid, stop_sign, 37.499617258707694, -42.8186887105306, -1.874777237574259, 0.4979320764541626,129.93809250846235
000141.pid, stop_sign, 37.1250286102295, -39.19270102183024, -1.9552521109580976, 0.4511425495147705,101.61704219375059
000142.pid, person, 28.351617813110362, -22.44674301147462, -3.2342063585917153, 0.3028709292411804,97.05301373680847
000142.pid, stop_sign, 37.66330261230469, -41.78053951263428, -2.677548098564147, 0.43027791380882263,99.66399125586034
000144.pid, person, 28.349306106567393, -22.445372899373382, -3.2339894771575923, 0.457353413105011,97.05738625472834
000144.pid, stop_sign, 37.25597936456854, -39.440044749866836, -2.4465829242359494, 0.337479829788208,99.48104564424203
000146.pid, person, 28.352261225382495, -22.390275319417327, -3.231046120325725, 0.42347046732902527,100.03882300704059
000147.pid, person, 28.36414575576783, -22.39793252944947, -3.1619338393211365, 0.3821215033531189,95.51272067658967
000148.pid, person, 28.3505293528239, -22.448121388753265, -3.2342372735341396, 0.3978533148765564,100.35738106110352
000148.pid, stop_sign, 37.42064242892795, -39.95805146959093, -2.5098289913601333, 0.4936523139476776,99.61184925909664
000149.pid, person, 28.338658332824718, -22.363811016082774, -3.158677160739899, 0.4099164307117462,-87.36672017910095
000149.pid, stop_sign, 37.866790771484375, -43.22528648376465, -2.512384712696075, 0.4443496763706207,-8.916321568055128
000150.pid, person, 28.35248311360678, -22.400703430175792, -3.2316966056823726, 0.42349520325660706,96.22807380570538
000151.pid, person, 28.34632396697999, -22.401158809661876, -3.0555438995361333, 0.3842943608760834,-72.99720569848515
000151.pid, stop_sign, 37.91533597310384, -43.181980768839516, -2.792216261227924, 0.4128624200820923,124.58596620323762
000152.pid, person, 28.3545633951823, -22.40235646565756, -3.2319290637969975, 0.395740270614624,98.1624283727088
000152.pid, stop_sign, 36.86669540405274, -43.97784805297852, -1.8955946763356517, 0.3964413106441498,-84.77842084313744
000153.pid, stop_sign, 37.90682492937361, -41.43837629045759, -2.551497323172431, 0.4556331932544708,101.67044257776027
000154.pid, person, 28.351840337117522, -22.431482315063487, -3.233447074890137, 0.3100239336490631,97.7475984845091
000154.pid, stop_sign, 38.04049835205079, -42.977664947509766, -2.608199834823606, 0.372995525598526,134.91397929318296
000155.pid, stop_sign, 37.16488952636719, -41.167314910888685, -1.9503203153610222, 0.35893797874450684,99.59234487971837
000156.pid, person, 28.35088030497234, -22.436979929606128, -3.23366395632426, 0.3233322203159332,97.33286174848357
000156.pid, stop_sign, 36.6116943359375, -34.22477849324544, -1.7537522315979002, 0.38642749190330505,-73.0078391987658
000158.pid, stop_sign, 37.66466217041015, -41.78726291656494, -2.610366237163542, 0.4067714214324951,99.72082645280743
000159.pid, person, 28.348980585734058, -22.411553700764983, -3.23213005065918, 0.4489375948905945,94.61441372717022
000161.pid, person, 28.34099197387696, -22.369387626647956, -3.0531510710716256, 0.48200109601020813,95.44222056802916
000162.pid, person, 28.345263004302986, -22.408933639526374, -3.0558460950851445, 0.4452170729637146,-78.15076959069111
000162.pid, stop_sign, 38.262698582240525, -43.27376937866211, -2.595776251384188, 0.4142966866493225,151.56886832913713
000163.pid, person, 28.322791099548347, -22.390775680542, -3.159015953540802, 0.4407871663570404,112.35832606199874
000163.pid, stop_sign, 38.04575856526693, -43.028777440389, -2.621652404467264, 0.3527146875858307,132.48790655829706
000165.pid, person, 28.309530735015876, -22.38987016677857, -3.1581209301948547, 0.33548402786254883,116.07384839918282
000165.pid, stop_sign, 37.86140680313111, -43.0147590637207, -2.7555443942546827, 0.3757980763912201,126.01244296765434
000167.pid, person, 28.313871860504157, -22.395628452301036, -3.158690512180329, 0.31017348170280457,113.10758778205334
000167.pid, stop_sign, 37.68112733629015, -41.48936398824056, -2.487108455763922, 0.3962591588497162,99.90121246811812
000169.pid, stop_sign, 37.62746919904436, -43.017411368233816, -2.570002658026558, 0.37309354543685913,135.05538329135427
000171.pid, stop_sign, 37.943709782191696, -42.87614985874721, -2.7653094700404557, 0.4265170693397522,135.61017699778301
000173.pid, stop_sign, 37.604834238688156, -41.57601653205025, -2.5997672080993635, 0.4944506287574768,99.54427579635792
000175.pid, stop_sign, 37.940639919704864, -42.98869493272569, -2.710718446307711, 0.46133971214294434,122.65990562827419
000178.pid, person, 28.34354527791342, -22.452658335367847, -3.2340048154195156, 0.41099071502685547,100.12881169750146
000178.pid, stop_sign, 37.77683188698509, -41.83759966763583, -2.586044950918717, 0.37432757019996643,100.04266206861759
000179.pid, stop_sign, 37.84062067667644, -43.02085494995117, -2.109123786290486, 0.31550833582878113,-154.3857330451143
000182.pid, person, 28.340590794881194, -22.467081705729175, -3.2345627148946132, 0.31694909930229187,97.84846510889483
000182.pid, stop_sign, 37.33380603790283, -40.050662994384766, -2.309356957674025, 0.3603641986846924,103.42365954816229
000183.pid, stop_sign, 37.347168604532875, -39.75901651382446, -2.4672019680341073, 0.3770712614059448,99.6300692156243
000184.pid, stop_sign, 37.1365826924642, -38.78708012898763, -2.6032526095708204, 0.3933168351650238,100.07925448918506
000185.pid, stop_sign, 36.20536422729492, -33.08217000961304, -1.9159164130687696, 0.43664371967315674,-71.76338628461903
000188.pid, stop_sign, 37.599705166286896, -41.568719440036354, -2.5992243289947496, 0.411728173494339,99.61437813647768
000190.pid, person, 28.336803436279304, -22.418052196502693, -3.1612477898597717, 0.42695391178131104,-74.56255742653346
000190.pid, stop_sign, 37.71883430480957, -41.690884590148926, -2.5749807357788077, 0.35452723503112793,99.88927969328647
000192.pid, person, 28.342340469360355, -22.449896494547534, -3.2338187694549565, 0.3627091348171234,97.26428383960324
000192.pid, stop_sign, 37.82556581497193, -42.99839735031128, -2.753779292106627, 0.37411025166511536,126.537925125783
000193.pid, stop_sign, 36.8380012512207, -38.61148071289061, -1.913818558057149, 0.3692297637462616,100.86662519752691
000194.pid, person, 28.337323665618907, -22.439873218536388, -3.1624448895454407, 0.32617107033729553,91.55084885407784
000194.pid, stop_sign, 37.32103042602539, -40.62424583435059, -2.48041157722473, 0.4664897918701172,98.94559735816668
000196.pid, person, 28.335139592488616, -22.473945617675792, -3.234609047571818, 0.37778469920158386,94.99835264269272
000196.pid, stop_sign, 37.99030075073243, -43.171085357666016, -2.680394649505613, 0.4359331727027893,147.07031621289056
000197.pid, person, 28.32358131408692, -22.36258277893068, -3.0307528972625737, 0.34732457995414734,106.10185040420261
000198.pid, person, 28.33400297164918, -22.415168762207042, -3.1609339714050293, 0.3412487506866455,-73.17821223721924
000198.pid, stop_sign, 37.43894844055176, -40.42090950012207, -2.5975526571273795, 0.42280113697052,99.3402554526222
000200.pid, stop_sign, 37.347658429827014, -39.190816334315706, -2.3252449716840458, 0.39106103777885437,100.16598871049237
000201.pid, person, 28.33429209391277, -22.479304631551116, -3.2348105112711596, 0.3259020149707794,97.44656184542085
000201.pid, stop_sign, 38.250059945242754, -43.252820696149556, -2.64319574832916, 0.42011788487434387,150.50227190646314
000202.pid, person, 28.331616878509532, -22.374802112579353, -3.1586097478866573, 0.32560843229293823,103.66291068816082
000204.pid, stop_sign, 37.743583679199226, -41.305867603846956, -2.4458645411900095, 0.4067988097667694,100.51828833562503
000205.pid, stop_sign, 37.662100897894966, -41.73951445685493, -2.5693897008895856, 0.36856913566589355,99.2731298828834
000207.pid, stop_sign, 35.19327036539713, -30.933449427286774, -1.4538032213846837, 0.4479345381259918,91.33493017588
000208.pid, stop_sign, 37.60993194580079, -41.5839778052436, -2.599798334969414, 0.47373834252357483,99.6687976459256
000210.pid, stop_sign, 37.76640192667643, -43.15538787841797, -2.728920698165892, 0.4468934237957001,-138.34356601853298
000211.pid, stop_sign, 38.09733963012695, -43.48154525756836, -3.165531921386718, 0.48681798577308655,-135.30574134786443
000213.pid, stop_sign, 38.00182876586915, -43.16288528442383, -2.7477267503738396, 0.4605530798435211,153.08191087779673
000214.pid, stop_sign, 37.344625745500835, -39.20881543840681, -2.3256570781980233, 0.4061971604824066,100.14429230703615
000216.pid, stop_sign, 38.22734069824219, -43.231072743733726, -1.9050036271413153, 0.30545857548713684,-158.7926161702271
000217.pid, stop_sign, 37.13154898749458, -40.17186292012533, -2.616431236267088, 0.40253326296806335,97.91001258742969
000218.pid, stop_sign, 38.225512186686196, -43.231122334798165, -1.9049570560455313, 0.31330132484436035,-158.86682621880502
000219.pid, stop_sign, 36.92885716756185, -43.04062525431314, -1.8681928714116411, 0.31324413418769836,70.82699073199868
000220.pid, stop_sign, 37.76923656463623, -41.33810305595398, -2.6632426083087903, 0.3887331485748291,100.06282088631858
000221.pid, person, 28.3412322998047, -22.48549779256186, -3.23567803700765, 0.30838048458099365,96.55974603403737
000221.pid, stop_sign, 38.13334894180298, -42.923304080963135, -2.5127860307693473, 0.3376702070236206,-46.068327606657974
000223.pid, person, 28.336909612019866, -22.480272293090824, -3.2350429693857836, 0.3837936222553253,96.96649061872381
000223.pid, stop_sign, 37.467793782552086, -42.92808151245117, -2.100787957509357, 0.4808507561683655,130.3119986171492
000224.pid, stop_sign, 37.626367568969734, -41.28655934333801, -2.5885829329490657, 0.46621519327163696,100.00990235091166
000227.pid, stop_sign, 36.925620608859596, -38.60427729288737, -2.063177320692273, 0.5020740032196045,102.76960810193468
000230.pid, stop_sign, 37.82247781753541, -43.121882915496826, -2.7997628450393655, 0.4771675169467926,125.8446165456293
000232.pid, stop_sign, 38.10690053304037, -43.30901908874512, -2.802713036537169, 0.4389432668685913,141.61270854479912
000234.pid, stop_sign, 38.62949752807617, -43.08938471476237, -2.1326716343561807, 0.49409154057502747,5.437842368266539
000235.pid, person, 28.342287063598647, -22.4328530629476, -3.232858260472616, 0.3830222189426422,95.19748402065265
000235.pid, stop_sign, 37.48050816853842, -42.428513844807945, -2.3045150438944484, 0.46874111890792847,-36.11864770650406
000236.pid, stop_sign, 34.99360020955404, -30.997265497843426, -1.5403753121693924, 0.49628517031669617,31.297507650095735
000237.pid, person, 28.34054183959962, -22.43505541483562, -3.2328581809997563, 0.42563962936401367,96.16460801049404
000237.pid, stop_sign, 37.637897968292236, -41.261316299438484, -2.5878333747386915, 0.5125129222869873,100.07181705770363
000239.pid, stop_sign, 37.921953201293945, -42.962993144989014, -2.8401961624622336, 0.4263458251953125,128.4326563959937
000241.pid, person, 28.34129778544109, -22.46832784016928, -3.2346711953481044, 0.4152451157569885,100.33284437349181
000241.pid, stop_sign, 38.05408954620362, -43.53045845031738, -3.115782618522643, 0.47909027338027954,-136.7003058182265
000243.pid, person, 28.341206868489593, -22.453468958536792, -3.2339118321736655, 0.49095025658607483,96.09740291656156
000243.pid, stop_sign, 37.54000126231801, -40.61014608903365, -2.5134884660894206, 0.5105985999107361,99.84749301577337
000246.pid, stop_sign, 36.82867889404297, -37.87211685180664, -1.925816440582274, 0.48698732256889343,105.71841148795241
000247.pid, stop_sign, 37.37182835170201, -39.30146517072405, -2.4253070524760636, 0.47606876492500305,99.80055648256905
000249.pid, stop_sign, 37.67653910319011, -42.99598821004232, -2.7773425181706735, 0.46578991413116455,123.16564627619945
000250.pid, stop_sign, 37.101128578186035, -38.01822376251221, -2.3366032540798183, 0.4471054673194885,101.01341605151224
000251.pid, stop_sign, 36.92049026489258, -43.02669779459635, -1.8678361574808744, 0.3863651156425476,70.46159339376443
000253.pid, stop_sign, 37.59913974338107, -41.57616742451986, -2.5996016263961774, 0.4734070301055908,99.6462498029177
000255.pid, stop_sign, 37.33497577243381, -40.070593939887154, -2.437044872177971, 0.4991903305053711,98.97637840050535
000256.pid, stop_sign, 38.41136868794759, -43.43361028035482, -2.588199615478515, 0.5108786225318909,2.261718892670131
000257.pid, stop_sign, 36.4987538655599, -36.26759560902914, -1.878502806027729, 0.47277289628982544,-74.99724441538436
000258.pid, stop_sign, 37.40709762573243, -40.80345458984375, -2.205748820304869, 0.5430605411529541,99.95114890678008
000259.pid, stop_sign, 37.393621826171874, -40.36215095520019, -2.5276881098747244, 0.5761719346046448,99.4980595333553
000260.pid, stop_sign, 37.35684331258139, -41.0229918162028, -2.621291836102802, 0.6145737171173096,97.86193658952368
000262.pid, stop_sign, 37.860652160644534, -43.20565338134766, -2.8139417171478245, 0.5388963222503662,125.10945334078163
000263.pid, stop_sign, 36.93044408162435, -43.05329259236654, -1.8684409856796258, 0.5224892497062683,71.09845071322324
000264.pid, stop_sign, 38.0169075012207, -43.1815185546875, -2.749182629585266, 0.4102281332015991,150.55946855451992
000266.pid, stop_sign, 37.55402119954428, -42.971407572428404, -2.8827284177144343, 0.49118945002555847,120.70278918719451
000268.pid, stop_sign, 36.90970802307129, -39.48929405212402, -2.0074172317981716, 0.5867375731468201,99.99016782048622
000269.pid, stop_sign, 37.81657075881958, -43.075462341308594, -2.7564366757869703, 0.6172873377799988,126.07529507629326
000271.pid, stop_sign, 37.62441101074219, -42.84890136718751, -2.7934045791625954, 0.5604381561279297,129.4682325109841
000272.pid, person, 28.348475138346362, -22.425034205118823, -3.23281200726827, 0.30726251006126404,98.51463431280017
000272.pid, stop_sign, 37.99345779418945, -42.93068923950195, -2.605808115005491, 0.619764506816864,133.61257363373318
000273.pid, car, 16.36372262239458, -57.60000395774842, -3.265833973884582, 0.42652371525764465,-99.25630115053735
000274.pid, car, 16.49408507347109, -56.996312141418464, -3.1145191341638565, 0.5201544165611267,77.60294310537476
000274.pid, stop_sign, 37.314916229248055, -40.72740631103515, -2.1345251321792587, 0.5961207151412964,99.37467466019535
000275.pid, stop_sign, 37.817406790597104, -41.398912702287944, -2.7789000443049834, 0.6703233122825623,101.27485379015846
000277.pid, stop_sign, 37.90463002522787, -43.185171127319336, -2.792107621828713, 0.4906370937824249,123.18050837061311
000278.pid, car, 17.37486412945917, -52.0771677353803, -3.1201103154350727, 0.35245996713638306,-99.53064374798862
000278.pid, stop_sign, 38.01765696207683, -42.9975783030192, -2.6201440095901485, 0.40815383195877075,132.1620974731394
000279.pid, car, 17.74629608790081, -51.104715824127204, -3.249252438545227, 0.3767766058444977,-89.86683173600261
000280.pid, person, 28.333113352457687, -22.43588383992514, -3.2323470910390224, 0.3028523623943329,97.0829724322145
000280.pid, car, 17.803349710279907, -49.716120319981734, -3.1676140369907504, 0.3890689015388489,-82.87733708231309
000280.pid, stop_sign, 37.85270097520616, -43.05523596869575, -2.8227097458309585, 0.5495091080665588,126.14358163809987
000281.pid, person, 28.310380458831798, -22.42767763137818, -2.9486928582191467, 0.3085346817970276,-68.7987358523381
000281.pid, car, 17.83239015851703, -49.131302315848224, -3.196373346873692, 0.47890591621398926,84.77579125836594
000282.pid, car, 17.888142834539007, -47.69862166694974, -3.238511427589085, 0.32614362239837646,-92.88552257557342
000282.pid, stop_sign, 38.29648081461588, -43.259421030680336, -2.4665516217549617, 0.3939438462257385,-123.96587846801981
000283.pid, person, 28.310067494710296, -22.439312616984058, -3.2309371630350747, 0.3335644602775574,100.07995610362005
000283.pid, car, 18.018460529606525, -46.754985064995005, -3.2633092112657502, 0.336812824010849,-88.6799388007253
000283.pid, stop_sign, 37.93957029070173, -43.15654427664621, -2.821950026920862, 0.6721394062042236,124.37035514989522
000284.pid, car, 18.14515660025857, -45.86183235862039, -3.267184625972401, 0.3540394604206085,-90.52664533883504
000285.pid, car, 18.27851151257027, -44.768082967618625, -3.216436002312637, 0.3865736722946167,-90.38388857972598
000285.pid, stop_sign, 37.88270123799642, -43.12237866719564, -2.7309853235880515, 0.395761638879776,122.2799859662249
000286.pid, car, 18.1892712712288, -43.862093329429634, -3.2317654341459274, 0.5343425869941711,-87.06761636150699
000287.pid, car, 18.3433914638701, -42.588206427437925, -3.2106447844278243, 0.4794847071170807,-86.0517438337719
000288.pid, car, 18.32503019060408, -41.40151977539063, -3.2256153943587322, 0.4334385395050049,-84.94446791423164
000289.pid, person, 28.18537902832032, -22.249805450439464, -3.1414936780929574, 0.3445498049259186,-65.82979548496482
000289.pid, car, 18.529465492735522, -40.364629055591344, -3.259907154326743, 0.48804333806037903,-83.0659201876484
000290.pid, person, 28.120644251505542, -22.166912078857436, -3.063086191813151, 0.34244272112846375,74.40028296534659
000290.pid, car, 18.565118687493463, -39.565231323242195, -3.151690274477005, 0.368403822183609,-87.52250647069201
000291.pid, car, 18.62664731343588, -38.446063722882954, -3.1955355405807495, 0.41081246733665466,-87.4830781050905
000291.pid, stop_sign, 38.09965515136719, -43.38622360229492, -2.7592525959014877, 0.44118356704711914,-121.5538560715651
000292.pid, person, 28.10410976409913, -22.148521423339854, -3.130627751350403, 0.41376084089279175,-73.84968723430723
000292.pid, car, 18.75057374670151, -37.30850349588597, -3.1732315509877305, 0.40176141262054443,-87.44581410127904
000293.pid, car, 18.761873118082686, -36.005131106906475, -3.1486386722988553, 0.3851398527622223,-83.61358632767221
000294.pid, car, 18.896760821342472, -35.09271383285523, -3.141191860040029, 0.43264439702033997,84.90855924431403
000295.pid, person, 28.00286979675294, -22.20776939392091, -3.000780105590821, 0.5981435775756836,-66.93694891469539
000296.pid, car, 18.863421014014712, -32.55992751425886, -3.1458718725975525, 0.32329562306404114,-88.3629283519684
000297.pid, person, 27.9394669532776, -22.160876750946056, -2.8066667318344116, 0.4162113070487976,-82.91827250536099
000299.pid, car, 19.112837271256883, -30.000862078233204, -3.1027423360131006, 0.33443257212638855,84.59415417761564
000300.pid, person, 27.85325121879578, -22.179342746734626, -2.9065035283565526, 0.46071428060531616,82.4872995613949
000300.pid, car, 19.103405079943073, -28.993671295490675, -3.0878206973380236, 0.3067846894264221,-81.90752932681974
000303.pid, person, 27.865010070800793, -22.209563064575207, -2.741730356216431, 0.360172301530838,-73.04718459839955
000303.pid, car, 19.136161327362064, -26.4638347029686, -3.030111365020275, 0.3187939524650574,97.61964048883462
000304.pid, car, 19.24629865373884, -25.587092535836362, -2.9801196370806013, 0.3311954438686371,92.13605888280874
000305.pid, person, 27.816665649414073, -22.23189671834311, -2.768110672632854, 0.4881661534309387,96.18427239417987
000306.pid, person, 27.84212875366212, -22.253222147623706, -2.770869175593058, 0.51115483045578,-72.59676651488542
000308.pid, person, 27.82133626937867, -22.21950054168702, -2.6983571648597726, 0.6060683131217957,-85.77557557569273
000308.pid, car, 19.292907714843754, -21.416151079638254, -3.042135949792533, 0.42381614446640015,87.57591834946385
000309.pid, person, 27.835693359375007, -22.228797435760505, -2.803876578807831, 0.6313483119010925,-82.11096937933655
000309.pid, car, 19.347176490291478, -20.248540201494773, -3.0341881359777143, 0.6106868982315063,87.54545270320948
000310.pid, person, 27.814406077067066, -22.228327433268237, -2.7678315639495854, 0.6246026158332825,-75.12412204660359
000310.pid, car, 19.189910642562378, -19.08181245865361, -3.0419727371584986, 0.6710354685783386,94.7781440773074
000311.pid, car, 19.170531873349795, -18.30130520573369, -3.0504886265154236, 0.6462752819061279,84.69689380653702
000312.pid, person, 27.817515945434582, -22.217935562133796, -2.9897436141967786, 0.6186820864677429,-81.46981112089802
000313.pid, car, 19.183413615593544, -16.566838888021618, -3.071988344192505, 0.5414599776268005,82.93927159384918
000314.pid, person, 27.812396621704114, -22.22436294555665, -2.989715814590455, 0.5492346286773682,-75.75352217532512
000314.pid, car, 19.05245768229167, -15.551951281229657, -3.042713606357575, 0.6861156225204468,85.86358714266639
000315.pid, person, 27.82271575927735, -22.143665695190442, -2.9861084938049323, 0.5299311280250549,-90.91190172014217
000315.pid, car, 19.047447080197543, -14.54418870677119, -3.030456480772599, 0.36898428201675415,90.994428621729
000316.pid, person, 27.82873878479005, -22.19748840332032, -2.9893903732299805, 0.5720690488815308,-77.12396252244022
000317.pid, person, 27.826573848724372, -22.13798379898072, -3.110931158065797, 0.5430463552474976,-80.24743363466854
000317.pid, car, 18.951083109929012, -12.714091521043047, -3.090424799002134, 0.4820225238800049,84.65308022268678
000318.pid, person, 27.832645416259776, -22.182154464721688, -3.0721616268157965, 0.6258994340896606,-85.11721408435932
000318.pid, car, 18.829980728474073, -11.738389786253586, -3.067275940103734, 0.45450112223625183,87.02573187247141
000319.pid, person, 27.81881268819174, -22.170432726542163, -2.9040168523788448, 0.5537816286087036,-81.03830217094668
000320.pid, person, 27.821264743804942, -22.159049510955818, -3.1116865873336796, 0.5824083685874939,-78.91863464572094
000321.pid, person, 27.82303714752198, -22.152020454406745, -3.1114309430122375, 0.5920116305351257,-85.37696865285307
000321.pid, car, 18.658445407182747, -8.568125590299951, -3.076151499381432, 0.3469752371311188,88.35782995995206
000322.pid, person, 27.825542449951183, -22.13287115097047, -3.1105825304985046, 0.5963870882987976,-82.98193491385257
000322.pid, bus, 18.60538106086927, -7.649397238706934, -3.1244431764651566, 0.40436017513275146,109.02672946372087
000323.pid, person, 27.828247451782232, -22.120066833496104, -2.9851974964141847, 0.5990904569625854,85.3314356342618
000323.pid, car, 18.466063326055355, -6.7427794933319145, -2.968029022216797, 0.46683600544929504,122.16240518137695
000324.pid, person, 27.824100875854505, -22.195636749267585, -2.988981342315674, 0.6188248991966248,-76.43540420041245
000325.pid, person, 27.810507202148443, -22.16411590576173, -2.9863410472869876, 0.6033425331115723,-82.8227396135324
000326.pid, person, 27.831464004516608, -22.140234375000013, -2.9865084171295164, 0.5941122174263,-80.9239042551763
000326.pid, car, 18.98925116966511, -5.441825134808135, -3.3845471267042484, 0.3166150748729706,-60.85034195908489
000327.pid, person, 27.806833267211925, -22.168725204467783, -2.9863595485687258, 0.6064699292182922,89.68427987151318
000327.pid, car, 19.55357623100281, -7.191915639010925, -3.2242753931454247, 0.30889004468917847,-61.879396340799836
000328.pid, person, 27.820940399169935, -22.21108856201173, -2.9896227359771728, 0.6290492415428162,-74.59158535580141
000329.pid, person, 27.819302368164067, -22.141547393798838, -2.9857923507690436, 0.6438425183296204,80.1083872496424
000329.pid, car, 17.266696854641566, -2.3136752169383223, -3.3925592460130383, 0.3084236681461334,-60.05837684229832
000330.pid, person, 27.807825469970716, -22.17130775451661, -2.986619758605957, 0.639141857624054,-82.70005537973225
000331.pid, person, 27.799944686889653, -22.196533584594736, -2.987354469299316, 0.6379169225692749,-77.38065487383889
000332.pid, person, 27.80437564849854, -22.224734306335453, -2.905853192011515, 0.6297726035118103,-82.74698602902487
000333.pid, person, 27.811730702718105, -22.203739484151214, -3.0441678365071616, 0.6341584920883179,-87.46451679632952
000334.pid, person, 27.800027084350596, -22.193868255615246, -2.9872519969940186, 0.6265826225280762,-86.14343603261486
000335.pid, person, 27.817621469497688, -22.22328901290894, -2.9584275782108307, 0.598800003528595,-83.70227485915336
000336.pid, person, 27.7744354248047, -22.247673416137708, -3.0906658172607426, 0.5497685670852661,-84.41191211733394
000337.pid, person, 27.747797648111984, -22.241518020629893, -3.212398568789164, 0.6679788827896118,71.56943508935333
000338.pid, person, 27.750143289566047, -22.271195173263557, -3.1883481144905095, 0.6800577640533447,88.01119740417252
000339.pid, person, 27.682910101754334, -22.247544969831203, -3.1639161450522293, 0.6530939936637878,71.16030393889137
000340.pid, person, 27.678484598795578, -22.249027570088714, -3.122856974601746, 0.6112672686576843,-116.93768602933275
000341.pid, person, 27.6481420993805, -22.221999406814582, -3.167560875415802, 0.5920470356941223,35.26118209896437
000342.pid, person, 27.58980960845948, -22.278946495056157, -3.256135106086731, 0.5937591791152954,82.87761163611826
000343.pid, person, 27.534990855625704, -22.261753899710527, -3.273728200367519, 0.6488396525382996,94.15070893382754
000344.pid, person, 27.52117517259386, -22.262937969631626, -3.1880000167422824, 0.6230748891830444,93.03120558948372
000345.pid, person, 27.493422508239753, -22.265866994857795, -3.274922132492066, 0.5981360673904419,-85.61773737242163
000346.pid, person, 27.449841605292434, -22.31783739725749, -3.28866367869907, 0.5137484073638916,-92.83080858687046
000347.pid, person, 27.39641020033095, -22.333708021375873, -3.3315620687272816, 0.45221027731895447,-102.42007665480259
000348.pid, person, 27.39625477790833, -22.29613399505616, -3.2696192860603337, 0.3790346384048462,-106.86543318221183
000349.pid, person, 27.353319985525957, -22.35167503356934, -3.456600529806955, 0.3012342154979706,-106.9999772039061
000350.pid, person, 27.327358669704868, -22.326732211642803, -3.22354613410102, 0.31825295090675354,69.46662682446863
000351.pid, person, 27.280787573920364, -22.355696148342563, -3.221948729621039, 0.3600558340549469,-98.54907754943952
000352.pid, person, 27.241743511623813, -22.375486797756626, -3.2202563285827646, 0.3918302655220032,78.02945600616552
000352.pid, car, 16.995226012335884, -8.052314122517904, -3.34882935418023, 0.32584235072135925,111.7752216461738
000354.pid, person, 27.16048049926759, -22.317847887674976, -3.0756621758143114, 0.41570138931274414,-117.03137868331797
000359.pid, car, 17.706113223371837, -9.536146196825754, -3.2727231157237084, 0.8609945774078369,-63.3410479745563
000360.pid, person, 26.087780543736052, -21.321746553693504, -3.1544332504272465, 0.3689673840999603,125.14145892798356
000360.pid, car, 18.185977041721348, -10.0537403523922, -3.033798649907112, 0.8849519491195679,-73.50660938531789
000361.pid, person, 26.00999170939128, -21.183846410115564, -3.1911217053731282, 0.33938509225845337,121.91753622488817
000361.pid, car, 18.391027845185384, -10.494177160591917, -3.0227943206655574, 0.8680509328842163,-68.05003481448128
000362.pid, person, 25.04191560011644, -19.676166681142952, -3.2210608812478867, 0.35914313793182373,-156.73087171935686
000362.pid, car, 18.65107450814083, -10.844049420850034, -3.073574288138028, 0.9184831976890564,-65.22574425493335
000363.pid, person, 25.860013058311065, -20.93488010607268, -3.1159949553640267, 0.4098038673400879,-54.28000400785387
000363.pid, car, 18.818524826404662, -11.15798047531483, -3.057702042335688, 0.895634651184082,-57.700915801095846
000364.pid, person, 25.89977402157254, -21.00731171502008, -3.023018545574612, 0.30919063091278076,-55.20356027412413
000364.pid, car, 18.926544392362555, -11.315677297876238, -3.083310588877252, 0.9071481823921204,-58.62204423848299
000365.pid, person, 25.962496063926007, -21.13166783072732, -3.0329477787017822, 0.6529832482337952,116.69457687155831
000365.pid, car, 19.160778799722365, -11.521700016287873, -3.147890750751939, 0.8982163667678833,-56.85498865348191
000366.pid, person, 25.957011508941655, -21.148123741149906, -3.0070518374443056, 0.5099284648895264,114.82417243445111
000366.pid, car, 19.399907457067613, -11.809039947834423, -3.091145043677472, 0.9245491027832031,-54.19702813385202
000367.pid, person, 25.94568295912309, -21.105402512983844, -3.0224727500568735, 0.6975681185722351,112.6961112417721
000367.pid, car, 19.7752214050293, -12.278774871826174, -3.1134833908081054, 0.9218515753746033,118.71945911872723
000368.pid, car, 19.88799717741193, -12.38060782090673, -3.1094661388757094, 0.9068469405174255,122.81989879124359
000369.pid, person, 25.678377532958983, -20.33002347946167, -3.087965190410613, 0.303468257188797,-65.74410559338358
000369.pid, car, 19.972721231394804, -12.460991382598879, -3.081346791366051, 0.8822470903396606,-47.628650516822326
000370.pid, person, 26.011988681295648, -21.198614949765414, -3.0152803192967954, 0.669551432132721,105.72603116379862
000370.pid, car, 20.121622379009544, -12.522390897457418, -3.1288038813150845, 0.8669964671134949,-46.706658218614464
000371.pid, person, 25.894453751413447, -20.85751453198885, -3.1108224140970333, 0.5855415463447571,103.57168366291926
000371.pid, car, 20.341075522000676, -12.688894412556634, -3.100977925003552, 0.8917363286018372,126.26069462091178
000372.pid, person, 26.29980621337891, -22.625173695882165, -2.9966772556304933, 0.405466765165329,135.81355481507578
000372.pid, car, 20.403997795254583, -12.715739904665481, -3.1437848455765667, 0.9248038530349731,-45.7090558968337
000373.pid, person, 26.241800171988356, -22.60955565316337, -3.039116450718471, 0.40208759903907776,137.20484696445433
000373.pid, car, 20.422288998690522, -12.801318844881926, -3.1607166116887875, 0.9238672852516174,-44.750543117679705
000374.pid, car, 20.551389370324483, -12.845573011434306, -3.1410080171980947, 0.9188914895057678,-45.152127443056784
000375.pid, person, 26.086476961771652, -22.635587374369308, -3.0359025001525883, 0.39132359623908997,-143.2666854038763
000375.pid, car, 20.632106456350776, -12.964086999284463, -3.1236307874638984, 0.906464159488678,-40.83475873582585
000376.pid, person, 26.038658366483805, -22.661095338709217, -3.0233112363254326, 0.3654671907424927,-172.54359109294296
000376.pid, car, 20.71666098477548, -13.081607684754491, -3.1209982821815894, 0.9082364439964294,-41.35830156932264
000377.pid, car, 20.85870594881019, -13.127770307112716, -3.081286858539192, 0.9017743468284607,132.19508226154318
000378.pid, car, 20.82921263149807, -13.078986372266499, -3.1050731667450497, 0.9006283283233643,-38.41736147044881
000379.pid, car, 20.947234153747562, -13.190367336273196, -3.1344114446640017, 0.8838135004043579,-38.07003682226365
000379.pid, car, 21.59861640930176, -14.593594217300415, -3.5638382554054253, 0.34927770495414734,-50.78662195696951
000380.pid, person, 25.848727035522465, -22.50873184204102, -3.064714463551839, 0.4680221974849701,95.3243986664544
000380.pid, car, 20.788540894130495, -13.201719661928575, -3.1674423397711995, 0.8821799159049988,-37.29793425393726
000381.pid, person, 25.855658581382354, -22.843961213764395, -3.0308289778859994, 0.46232473850250244,123.06789877298085
000381.pid, car, 21.033775703579778, -13.33408583846747, -3.070473497989131, 0.9137076139450073,137.1796157847381
000382.pid, car, 21.028205043864705, -13.381299432718532, -3.1290958467519507, 0.8904058337211609,133.7727701274535
000383.pid, car, 21.187781590681816, -13.33667193926298, -3.077389588722816, 0.8999655842781067,137.23218249553938
000384.pid, person, 21.333874225616455, -13.534438788890839, -3.071948871016502, 0.446236252784729,130.5984608803922
000384.pid, person, 24.946354370117188, -20.395626182556153, -3.112237329483031, 0.37361371517181396,107.42016376955256
000384.pid, person, 19.540901384855573, -12.453752768667124, -3.2629000011243305, 0.30924561619758606,108.09632304738095
000384.pid, car, 21.1058388835979, -13.385026050063802, -3.093849973858528, 0.9177873134613037,136.00712252098046
000385.pid, car, 20.93498229980469, -13.251328242908826, -3.157694387435913, 0.9229792952537537,-34.18834735799411
000386.pid, person, 25.561882781982426, -22.897553126017257, -3.1736139774322516, 0.3834310472011566,-44.93624397261951
000386.pid, car, 21.226222498663546, -13.457997206983897, -3.095992663810993, 0.9192107319831848,135.44045501514805
000387.pid, person, 25.50660750445198, -22.918504602768845, -3.1956881495083085, 0.3723185062408447,139.58080065464767
000387.pid, car, 20.97321680613927, -13.361333336148945, -3.1721061936446597, 0.916210412979126,137.19245092752726
000388.pid, person, 25.46597661972046, -22.929103946685792, -3.210265552997589, 0.36424586176872253,136.30134648090558
000388.pid, car, 21.038417816162113, -13.279280829847906, -3.141309951481067, 0.9122651219367981,136.71599353667474
000389.pid, person, 25.415109027515765, -22.96943655881015, -3.2334106835451992, 0.4603077471256256,129.4589405089952
000389.pid, car, 21.05342105283576, -13.35423390339997, -3.1297933125900013, 0.912168025970459,137.20343844647488
000389.pid, car, 22.798064480657168, -17.145842261936355, -3.183919844420059, 0.43176355957984924,115.03340316178834
000390.pid, person, 25.28871370951335, -22.982920837402347, -3.266840871175131, 0.5612360835075378,104.43505386018
000390.pid, person, 26.025375366210938, -17.245112313164608, -3.268445703718396, 0.30394503474235535,-168.49270434777006
000390.pid, car, 21.126566473043194, -13.354929294226306, -3.1361641568957634, 0.9113287329673767,140.30026024481327
000390.pid, car, 22.04808024871044, -15.650648043705868, -3.1510969369839392, 0.40746867656707764,-59.020012722556835
000391.pid, person, 25.311589982774525, -23.014134301079647, -3.2430371840794887, 0.38347727060317993,128.98367366615224
000391.pid, car, 20.926745108195718, -13.344127280371533, -3.096285424062184, 0.9077224135398865,-34.96463234390598
000391.pid, car, 22.14878047596325, -16.035777937282216, -3.0910317951982664, 0.38715675473213196,-58.75050275487529
000392.pid, car, 21.144760199955535, -13.425225428172523, -3.1731307421411787, 0.9151001572608948,134.3304326650869
000392.pid, car, 22.222179226759007, -15.955819571890482, -3.1882490297643145, 0.49100854992866516,-59.65529112304076
000392.pid, car, 19.48597848415375, -12.436374485492706, -3.287523001432418, 0.30151286721229553,110.08312887913529
000393.pid, car, 21.035688323974615, -13.354912242889407, -3.1306536960601807, 0.9213653802871704,137.85247944507722
000394.pid, person, 25.165416187710235, -23.11373159620497, -3.302444868617588, 0.3197000026702881,148.19399583138102
000394.pid, car, 21.109128669456204, -13.356743971506758, -3.11128110797317, 0.9174603819847107,135.43917711858018
000395.pid, person, 23.036282479763035, -17.097965210676193, -3.0543693453073497, 0.33169350028038025,-65.0148861575577
000395.pid, car, 20.996587233109913, -13.284390588240193, -3.130452095378529, 0.9210505485534668,138.03764523280938
000396.pid, car, 21.023437284073744, -13.329644203186037, -3.1180142726538316, 0.9041345119476318,137.17906952990663
000397.pid, person, 25.064678497314457, -23.2548072052002, -2.9906386661529543, 0.405261367559433,164.91602917253292
000397.pid, car, 21.15342899669301, -13.420984875072135, -3.133782976323908, 0.9022496342658997,135.0208899316974
000398.pid, person, 24.978946772488687, -23.266102704134855, -2.867551001635465, 0.3154277205467224,175.01488464218394
000398.pid, car, 20.97910047346546, -13.33266890433527, -3.0848219702320714, 0.9107414484024048,138.592573094895
000398.pid, car, 22.360807782127747, -16.401119095938547, -3.018265332494463, 0.30572566390037537,-61.5863707179602
000399.pid, person, 23.056205166710747, -17.240441030926174, -3.0390436119503437, 0.30316677689552307,-65.63275830811608
000399.pid, car, 21.010766335896086, -13.293103814125063, -3.166564026049205, 0.9124332070350647,-35.97907660677777
000399.pid, car, 20.353178914388025, -12.821872478061252, -3.147502374649047, 0.322486937046051,-49.88088152044523
000400.pid, person, 23.0289377413298, -17.39567402789467, -3.059954555411087, 0.30529847741127014,-65.59227183446032
000400.pid, car, 20.943707534245085, -13.304134573255268, -3.1415655059473857, 0.9186277389526367,-34.68664691080187
000401.pid, car, 21.08651234308879, -13.398705609639487, -3.1310753424962363, 0.9127926230430603,136.09100786803248
000402.pid, car, 21.165279942174116, -13.423629222377656, -3.0941460940145675, 0.9128196239471436,138.0593754958622
000403.pid, person, 24.604893003191272, -23.446343694414416, -2.786709410803659, 0.3057841658592224,-162.46480383533702
000403.pid, car, 21.104454329519566, -13.42598867416382, -3.143837549469688, 0.9117540717124939,135.0111651089182
000404.pid, person, 24.564934458051415, -23.492361477443154, -2.800211991582598, 0.3012710511684418,-157.29839740742958
000404.pid, car, 21.176891261133658, -13.478061659582732, -3.127323763123874, 0.9181877970695496,135.89344062031444
000405.pid, person, 24.52115509726785, -23.515297976407144, -2.8454238501462075, 0.4295421242713928,-144.76400943611418
000405.pid, car, 21.220948416611247, -13.520810275242248, -3.141959675427141, 0.9182469248771667,134.47280668810237
000406.pid, person, 24.51394618641247, -23.59938950972124, -2.8371083519675517, 0.3728586435317993,176.60013634527851
000406.pid, car, 20.93125701772756, -13.250061364009465, -3.162514127534011, 0.9169139266014099,-36.373467247665374
000407.pid, person, 24.481709260206962, -23.669666437002334, -2.8577869855440587, 0.41037651896476746,166.85701730405663
000407.pid, car, 21.03810012946695, -13.362258991952672, -3.113206536082898, 0.9196867346763611,136.4686611646253
000408.pid, car, 20.97095006087731, -13.25714522394641, -3.142120250340166, 0.9141672253608704,-33.746065082050876
000409.pid, person, 24.401550674438482, -23.771936607360846, -2.910612773895264, 0.3253506124019623,170.1082494550224
000409.pid, car, 21.11090712393484, -13.388591412575016, -3.15960257668649, 0.9087830185890198,137.2488520844593
000410.pid, car, 21.148049957898202, -13.410153058110453, -3.1750160966600696, 0.9155394434928894,138.42385284532878
000411.pid, car, 20.940792379708128, -13.232283921077336, -3.1527254869197976, 0.9229246377944946,-35.033106837340334
000412.pid, car, 21.019475839905823, -13.354907989501955, -3.156250391976308, 0.908457338809967,136.3308123154518
000412.pid, car, 21.946681976318363, -16.15368938446045, -3.0622745752334586, 0.30860576033592224,-65.70829240677062
000413.pid, car, 20.960623887869033, -13.2968759903541, -3.149689711057223, 0.9164784550666809,-37.264304594737396
000413.pid, car, 21.665934880574543, -15.242672284444174, -3.000882849548802, 0.37927159667015076,-65.81432473479228
000414.pid, car, 21.097653271859155, -13.318681231716225, -3.1260758031878555, 0.9191107749938965,138.85737240823923
000414.pid, car, 21.57902139605898, -15.153604536345512, -3.053315690069487, 0.38965266942977905,-65.93655000958117
000414.pid, fire_hydrant, 24.234837086995448, -24.087803522745773, -2.891283082962036, 0.3519340753555298,175.297039408273
000415.pid, person, 24.20374898910523, -24.17548475265503, -2.8997413516044617, 0.39673104882240295,165.46599922523433
000415.pid, car, 21.080350832505662, -13.252012469551783, -3.1461755524982107, 0.9236612915992737,137.9217602614535
000416.pid, person, 24.124349767511546, -24.245034824718132, -2.81725875897841, 0.3698866665363312,-154.50731814006784
000416.pid, car, 20.946664151278412, -13.23097307031805, -3.099733096903021, 0.915625274181366,-34.35092550303307
000417.pid, person, 24.087561686833705, -24.30441268285116, -2.8109713097413382, 0.30117344856262207,178.27346890248242
000417.pid, car, 21.065604670294405, -13.323053064017461, -3.1666601649646102, 0.9099538326263428,137.3714207799408
000418.pid, person, 24.019723545421257, -24.38332470980558, -2.833459984172474, 0.3576148450374603,173.9992720220891
000418.pid, car, 21.149466453060032, -13.398617744445803, -3.0991071616449664, 0.9108642339706421,137.65478562879903
000419.pid, car, 21.1331323203394, -13.455445855350819, -3.157137939485453, 0.9092658162117004,136.5267108742838
000419.pid, car, 21.940153920373252, -16.761585346488065, -3.0169630716013347, 0.30747345089912415,-67.75728452122647
000420.pid, car, 21.06605031755236, -13.32533665056582, -3.1197298853485673, 0.904239296913147,138.0496225905535
000420.pid, car, 21.9625330203917, -16.825087803166088, -2.9350171728831964, 0.3446548581123352,-68.11421041188876
000421.pid, car, 21.08573823226126, -13.402934141326371, -3.178828611708524, 0.9005282521247864,135.974897401605
000421.pid, car, 21.835524422781813, -16.845161340674576, -3.0223825269815867, 0.34680405259132385,-67.94419190785388
000422.pid, car, 20.9322053317366, -13.291008817738502, -3.0961173649491935, 0.915515661239624,-33.80504973930194
000422.pid, car, 21.856800867163617, -16.677500351615574, -2.925768515338068, 0.3722468912601471,-68.36222671205718
000423.pid, car, 21.022350470225017, -13.297348876794182, -3.1682634552319846, 0.8991559743881226,-36.61076332049324
000424.pid, car, 21.10143429892404, -13.346273677689691, -3.178630381822586, 0.8996644616127014,136.598852070495
000425.pid, person, 23.75642822528708, -24.756886186270883, -2.932782797977842, 0.3974197804927826,175.91337111690424
000425.pid, car, 21.008552586590806, -13.306310847953515, -3.1203304043522593, 0.917018473148346,-35.82635944245709
000426.pid, person, 23.68264358520508, -24.80166885375977, -3.062448015213013, 0.31803789734840393,162.92118569365135
000426.pid, car, 20.957847288676675, -13.315887740680152, -3.187466263771057, 0.9001867175102234,136.3521279011423
000427.pid, person, 23.591395696004238, -24.817299604415897, -2.993873655796051, 0.3669426739215851,-1.8950159564951736
000427.pid, car, 20.941992477134427, -13.24717841324983, -3.115970426135593, 0.8995857834815979,-35.98156503535114
000428.pid, person, 23.569226758233437, -24.876061932793984, -2.961273431777954, 0.3348206877708435,-173.63716560814947
000428.pid, person, 27.35167503356934, -13.829940001169847, -3.448302507400511, 0.3059363067150116,153.25381052426377
000428.pid, car, 21.01606997128191, -13.311709223122435, -3.099445836297397, 0.9027913212776184,136.52217308561134
000428.pid, car, 21.886045953501824, -17.481170301852018, -3.0431303407834918, 0.3204664885997772,-70.13823055980657
000429.pid, car, 20.996376431177538, -13.314284400334436, -3.1607919496203225, 0.9080413579940796,137.94283788579924
000429.pid, car, 21.959551030939277, -17.75749473138289, -3.059365776452151, 0.33995121717453003,-70.61209159219723
000430.pid, person, 27.441198825836185, -13.66709899902344, -3.484211117029189, 0.3267683684825897,-5.299650392048434
000430.pid, car, 20.947874986208408, -13.291386604309084, -3.121784026806171, 0.918811559677124,-36.9757370112532
000431.pid, person, 27.462183952331543, -13.605344057083132, -3.4920290708541852, 0.35048508644104004,-0.9268035294326662
000431.pid, car, 21.183528797967096, -13.45627113751003, -3.127702248947961, 0.920586109161377,138.58565408827738
000432.pid, person, 27.47624588012696, -13.562342882156369, -3.4916445016860944, 0.3191887438297272,164.88319758966
000432.pid, car, 21.080903812990353, -13.324331332061252, -3.1484650151204256, 0.9112961888313293,139.80800428780898
000433.pid, car, 21.20372476577759, -13.425730737050376, -3.093885056177775, 0.907583475112915,138.09575550745177
000434.pid, car, 21.1005350310227, -13.36912408368341, -3.126873073906734, 0.9082115888595581,136.0642914995714
000435.pid, car, 21.251894073486334, -13.42958745956421, -3.153682246208191, 0.9131498336791992,137.43091288289335
000436.pid, car, 21.02137693865546, -13.399470016874117, -3.1901325891757835, 0.9178096652030945,136.80121879624494
000437.pid, person, 27.637697219848633, -13.022800718035016, -3.5452890055520183, 0.3241572380065918,137.90528750028898
000437.pid, person, 22.03894639015198, -13.885281413793566, -3.0844990313053122, 0.3047778308391571,116.06198261707095
000437.pid, person, 21.775969071821734, -18.211097327145666, -3.0405202887274996, 0.3041975796222687,-71.79903552166039
000437.pid, car, 21.018128089185034, -13.33658052840323, -3.1263093813410343, 0.9086683392524719,138.75908543336476
000438.pid, person, 27.63980007171631, -12.851600885391228, -3.3766169548034655, 0.3957131803035736,79.92295116640513
000438.pid, car, 21.175711115852735, -13.427812982778082, -3.1162547908845495, 0.9133480787277222,136.51736642511867
000439.pid, person, 27.639442443847656, -12.781586011250814, -3.2801684538523332, 0.3189433813095093,-96.04901211833422
000439.pid, car, 20.87879791906325, -13.281511516894327, -3.137725947266919, 0.9182993769645691,-35.43642000030861
000440.pid, car, 21.011490787778587, -13.355192610195706, -3.089132560150964, 0.9040278196334839,136.1822807964501
000441.pid, car, 21.111883088654167, -13.373655375312358, -3.1308363044963166, 0.9086707234382629,137.39204141017686
000442.pid, car, 21.096182328683362, -13.447534101980706, -3.157431549496121, 0.9064070582389832,137.37146466402797
000442.pid, car, 22.02283407294232, -19.279328201128088, -3.084755669469418, 0.32639703154563904,99.05756182683763
000443.pid, person, 27.859929800033576, -12.57549619674683, -3.575709640979765, 0.32833191752433777,166.9007914329311
000443.pid, car, 21.03447917591442, -13.216895502263851, -3.053408895839344, 0.9043153524398804,137.2839186327483
000444.pid, car, 21.00264378251701, -13.299932594957024, -3.15797587509813, 0.906377375125885,137.62778962710988
000444.pid, car, 21.476576118469243, -17.09577501296997, -3.0512218427658073, 0.39663198590278625,-73.8295377846876
000445.pid, car, 21.141708445998862, -13.321738656961696, -3.1023145621677615, 0.90926194190979,139.0720463270872
000446.pid, car, 21.135825431953045, -13.4479911933511, -3.178534228922957, 0.9225095510482788,138.2947542733443
000447.pid, car, 21.001575546264654, -13.291591835021975, -3.1627677488327026, 0.9239994883537292,-34.67616000711086
000448.pid, car, 21.142897912434172, -13.388972452708655, -3.1046483388968875, 0.9121785163879395,138.17721918189548
000449.pid, car, 21.10426573319869, -13.355767960981892, -3.1159939029000028, 0.9170804023742676,136.13821414309768
000450.pid, car, 21.175799421830614, -13.399964037808507, -3.069448401711204, 0.9051035046577454,138.42422521288498
000451.pid, car, 21.15648206075033, -13.408387202842565, -3.1533679868660722, 0.9117827415466309,136.1554760884849
000451.pid, car, 21.56607449308355, -17.5887954387259, -3.0352602207914305, 0.4156084656715393,-76.22409962124172
000451.pid, car, 20.30161637526292, -16.439160640423115, -3.1911416420569774, 0.3219388425350189,-71.7539544266844
000452.pid, car, 20.931090607935072, -13.16106311642394, -3.115606604790201, 0.9092242121696472,-35.23967723680086
000452.pid, car, 21.631370823557784, -18.591095761554996, -3.0156644437371223, 0.380215048789978,-76.30742732874734
000453.pid, car, 21.030780296325688, -13.291631164550784, -3.1313539648056032, 0.9163373112678528,138.20910612235704
000453.pid, car, 21.358099288940434, -14.402332458496096, -3.0197866630554193, 0.32960209250450134,-74.72274464076838
000454.pid, car, 20.959698661428988, -13.410102687898231, -3.1567667273224376, 0.9156636595726013,136.19011110855558
000454.pid, car, 21.43406188488007, -13.75911827882131, -3.1152169009049726, 0.35538095235824585,128.6104522035278
000455.pid, car, 21.087064710156675, -13.327794042126888, -3.078958141392675, 0.913372814655304,139.02919373247155
000456.pid, car, 21.190923196298108, -13.437695503234865, -3.0891576210657754, 0.9102171063423157,138.12427007872785
000457.pid, car, 20.888963667551682, -13.326220544179282, -3.1654025197029116, 0.9186529517173767,-36.407857123306044
000458.pid, car, 20.955827168055947, -13.330189237789234, -3.0872451042642397, 0.9155234098434448,138.78331882627828
000459.pid, car, 21.062743590428283, -13.341081765981823, -3.0794765444902272, 0.9193562269210815,137.19880860895083
000460.pid, car, 21.143515352932916, -13.397740094166883, -3.0910299634033778, 0.9235444664955139,137.61065999150833
000461.pid, car, 21.150994093521785, -13.28324195613032, -3.0956584318824443, 0.9211484789848328,138.4672780341067
000462.pid, car, 21.098368446781954, -13.32324375296539, -3.1259388608752556, 0.915626585483551,138.25875285571988
000463.pid, car, 20.950624681868646, -13.269273038180371, -3.079064436678617, 0.9129195809364319,-35.89335601465486
000464.pid, car, 21.090838222180388, -13.343086970054499, -3.0572900974144375, 0.9128477573394775,137.08232927502473
000465.pid, car, 21.031398809181074, -13.332236541892, -3.117553270088052, 0.9105835556983948,138.06954395477754
000466.pid, car, 21.086802482604984, -13.34273793620448, -3.0862273247011247, 0.9079663157463074,137.99995390597803
000467.pid, car, 21.157449789214557, -13.475315646121379, -3.0941355730357922, 0.9218673706054688,138.162699036392
000468.pid, car, 21.060907964353213, -13.412103211438216, -3.11080883608924, 0.9205780029296875,134.65547445785018
000469.pid, car, 21.070195954421475, -13.342948058555868, -3.169734108036962, 0.9144406914710999,137.86667395096302
000470.pid, car, 21.094100069116667, -13.389116817050512, -3.105634230154532, 0.906720757484436,138.3560979761868
000471.pid, car, 20.9465740270782, -13.28525205244098, -3.1385370848471656, 0.9066510796546936,-36.860225051292545
000472.pid, car, 21.00794042859759, -13.365385157721386, -3.0735792006765092, 0.9126051068305969,137.53568299281818
000473.pid, car, 21.047897694474564, -13.353025355581511, -3.1206942251173118, 0.9082656502723694,138.67801776175583
000474.pid, car, 21.094463236191693, -13.295789905622897, -3.101516807780546, 0.9044563174247742,138.11684479474746
000475.pid, car, 21.107252155650748, -13.429549477317119, -3.1762226711619985, 0.9170201420783997,138.07799434502945
000476.pid, car, 21.073707912279215, -13.260993066041369, -3.1114129398180093, 0.9231255650520325,139.97027180823673
000477.pid, car, 21.18503538228698, -13.41904494722011, -3.132153062497155, 0.9260729551315308,140.24794210215367
000478.pid, person, 22.090976757473417, -26.917523956298833, -2.9537182119157586, 0.32419338822364807,-105.484536883126
000478.pid, car, 21.442312116208285, -13.636623776477318, -3.0438456638999614, 0.8941732048988342,137.36441426968057
000479.pid, car, 21.229364170747647, -13.46243938745237, -3.11501452034595, 0.9009320735931396,138.72237336934282
000480.pid, car, 21.189258302961083, -13.488105177879335, -3.1345902340752736, 0.9025527834892273,139.51163515487272
000481.pid, car, 21.27603018517588, -13.470126339033541, -3.0739807989083086, 0.9189980030059814,137.27180038944377
000482.pid, car, 21.284990271743467, -13.528097872831387, -3.0917874015107447, 0.9282197952270508,139.07592299774447
000483.pid, person, 22.116994235826578, -26.88541810408883, -2.9360980002776436, 0.33170178532600403,-117.68972852693352
000483.pid, car, 21.105708066154932, -13.489903562209188, -3.069586992263794, 0.9253342151641846,-34.736237351766206
000484.pid, car, 21.37188598957468, -13.641634900519191, -3.059363065881932, 0.9183008074760437,137.0478893601562
000485.pid, person, 22.10542450881586, -26.855025640348114, -2.937019412110492, 0.4355543553829193,-121.1623876622399
000485.pid, car, 21.260361727546247, -13.530231588027059, -3.125354766845703, 0.9128425717353821,135.35011847632188
000486.pid, person, 22.107631807741914, -26.861867614414386, -2.9291781705358755, 0.33382073044776917,-122.04387660890177
000486.pid, car, 21.185622253417975, -13.502467479705812, -3.091002764701843, 0.9111118912696838,-38.560440537023844
000487.pid, car, 21.06056962933457, -13.479521784866067, -3.1154109093180873, 0.9055884480476379,-38.758968566918035
000487.pid, car, 20.993856012821198, -14.440575420856478, -3.1447541266679755, 0.39145976305007935,-75.7273620888572
000488.pid, person, 22.092117479112417, -26.85560463799371, -2.919474056031969, 0.3733213245868683,-117.26414571665259
000488.pid, car, 21.51983824230376, -13.698317119053435, -3.010920314561753, 0.8878152966499329,134.74400016749925
000488.pid, car, 21.696054737742354, -24.508828791176402, -3.0076840040160384, 0.36095720529556274,99.29214930650734
000489.pid, car, 21.640115281809933, -13.931863411613135, -3.0827570117038228, 0.9143290519714355,133.32150782486752
000490.pid, car, 21.537255048751835, -13.890397105898177, -3.0138122822557176, 0.9117910265922546,-36.63623093342995
000491.pid, car, 21.75393808538264, -14.06821356686679, -3.0248040199279784, 0.9181870222091675,136.16678269146897
000492.pid, car, 21.66551040390791, -14.026491811719993, -2.979148096957449, 0.9160643219947815,-40.30313784885268
000493.pid, car, 21.782253814955894, -14.2665748272912, -3.0863966376094494, 0.9119992256164551,-38.96731478044478
000493.pid, car, 22.078223152160646, -20.11819459915161, -3.0163128376007076, 0.4723895788192749,90.90517404680031
000494.pid, person, 22.07766345977784, -26.854328994750983, -2.968038110733032, 0.33760201930999756,-118.81159653303382
000494.pid, car, 21.97464857296068, -14.449105126517162, -3.1042880233453243, 0.8979507088661194,-38.644413873393816
000495.pid, car, 21.982413794777614, -14.29688954786821, -3.0277819936925714, 0.9142968654632568,-40.15974498927946
000496.pid, car, 22.217604783865127, -14.604127645492555, -3.050464437558101, 0.9065845012664795,-38.66093766373299
000497.pid, person, 22.081121444702152, -26.864224706377307, -2.9241224300293696, 0.3421786427497864,-123.64392282430126
000497.pid, car, 22.423829682019296, -14.91764208735252, -3.071888437076491, 0.8993949294090271,135.25761185652996
000498.pid, person, 22.09413650708321, -26.856034254416446, -2.932114356603378, 0.3401803970336914,-120.51593547388416
000498.pid, car, 22.417021474530625, -14.825763840829174, -3.019023141553325, 0.8984343409538269,-39.849500860168206
000499.pid, car, 22.48931420524166, -14.800184231884076, -3.0396592527065645, 0.9090686440467834,-39.49172882367564
000500.pid, person, 22.105883689153764, -26.861091704595662, -2.9335525376456126, 0.4407656490802765,-129.5156771092882
000500.pid, car, 22.548535416765915, -14.933231144416625, -3.045869402769135, 0.8960974812507629,-37.69988641445565
000500.pid, car, 22.105883689153764, -26.86109170459566, -2.933552537645612, 0.32214581966400146,-129.51567710928902
000501.pid, person, 22.100479328885996, -26.865457453626274, -2.956078727194604, 0.5382588505744934,-123.80742485849643
000501.pid, car, 22.754473951127796, -15.053459167480472, -2.984776920742459, 0.9086976647377014,-78.09545989386797
000501.pid, car, 22.095015168190006, -26.86903142929077, -2.972487181425094, 0.322956383228302,-127.10493430879856
000502.pid, person, 22.096201715015233, -26.85857368650891, -2.9614156768435524, 0.5347845554351807,-132.2741580285745
000502.pid, car, 23.091329935434704, -16.201433439512513, -3.1075448023306356, 0.8920570015907288,-84.44768840435785
000502.pid, car, 23.212971420288092, -15.546420707702637, -3.1223736476898187, 0.5825151801109314,-36.3649879338373
000503.pid, person, 22.09012134258564, -26.879263608883594, -2.8805855726584415, 0.40325209498405457,-132.31233531083402
000503.pid, car, 23.069442388173698, -16.359090676178806, -3.0153448710570463, 0.876624584197998,-86.16216060533662
000503.pid, car, 23.458899793953734, -15.640573633128199, -3.087627168359427, 0.597819983959198,-36.9098742289171
000503.pid, car, 22.092891426973566, -26.874546982521235, -2.917250422544257, 0.3196191191673279,-108.78017933627535
000504.pid, person, 22.103307533264164, -26.851928281784062, -2.947805953025818, 0.43255454301834106,-126.37448138659161
000504.pid, car, 23.232488897111683, -15.584069516923696, -3.013411263624827, 0.8623555302619934,-80.58353088587418
000504.pid, car, 23.530743104440194, -15.711251276510733, -3.0555344599264633, 0.4524398744106293,-36.822585249713214
000505.pid, person, 22.103188048017792, -26.859357590370994, -2.9073903560638428, 0.4508541226387024,-118.15683520987506
000505.pid, car, 23.326384635198686, -15.625067915235249, -2.9716021787552607, 0.8068655133247375,-81.79550321707893
000505.pid, car, 22.217351306568496, -26.80973989313299, -3.067436283284967, 0.3645985722541809,83.94660228546472
000506.pid, person, 22.091344515482586, -26.86941310337612, -2.96230863957178, 0.38552239537239075,-121.20368708337588
000506.pid, car, 23.74322543068538, -15.892659989614337, -2.978436417049832, 0.8444145321846008,-35.91375894760309
000507.pid, car, 24.137405727220624, -16.213326785875406, -3.0499634276265684, 0.8492228388786316,-37.714454201268225
000507.pid, car, 22.923014274010292, -15.766822228064903, -3.1726098244006806, 0.33928558230400085,120.62285740415314
000508.pid, person, 22.093110431324355, -26.855094216086652, -2.9329417618838223, 0.3547019958496094,-119.55236975251819
000508.pid, car, 24.1698750318107, -16.18098677619029, -3.0054672976671637, 0.8762103319168091,-39.81765955285139
000509.pid, person, 22.079902267456056, -26.873389720916755, -2.9378214836120606, 0.46990105509757996,-126.05096122825594
000509.pid, car, 24.43295019323176, -16.353964762254197, -3.1451656926761973, 0.8892812728881836,-37.13246195784567
000510.pid, person, 22.075162972344295, -26.875704913669168, -3.004469076792399, 0.5214386582374573,-112.66665830750108
000510.pid, car, 24.440486635480614, -16.187725436930755, -2.994664425752601, 0.8420543074607849,-38.88553356090141
000511.pid, person, 22.09159660339356, -26.847970862137647, -2.928620369810807, 0.4084194004535675,-138.30134785386753
000511.pid, car, 24.71161234378815, -16.33617581923803, -3.1219440748294196, 0.8270590901374817,-34.53345837759271
000512.pid, person, 22.071255884672468, -26.850492678190534, -2.9475853317662293, 0.48201826214790344,-112.12506226792422
000512.pid, car, 24.86567115783692, -16.401547749837242, -3.1437456891650246, 0.8496385216712952,-36.79757812407188
000513.pid, person, 22.068383838819422, -26.870632917984675, -2.9264808685883232, 0.5782141089439392,-119.59194910457379
000513.pid, car, 25.753613717215405, -16.964083235604427, -2.9229329654148652, 0.7473400235176086,-31.509159324973055
000514.pid, person, 22.092341292988174, -26.837952527132906, -2.951636791229248, 0.45954278111457825,-133.00654005069526
000514.pid, car, 25.902807950973514, -17.041925638914112, -3.0009618774056435, 0.8162440061569214,-33.032601629060615
000514.pid, car, 24.968961443219865, -16.813371930803573, -3.081390891756329, 0.5072694420814514,106.15768772336173
000514.pid, car, 22.055372820960155, -26.87153238720364, -2.8783542513847347, 0.3149745464324951,96.82351751817394
000515.pid, person, 22.090480348338254, -26.833115328913156, -3.003293674925099, 0.40590953826904297,-135.3250688180064
000515.pid, car, 25.922893740096185, -16.897170264765904, -3.039004285380526, 0.8507760167121887,-34.01682135186299
000515.pid, car, 25.349508173325486, -17.05996322631836, -3.1496277977438516, 0.4576268792152405,109.27179207179879
000516.pid, person, 22.06462432013618, -26.863574642605258, -3.016388760672675, 0.3851976990699768,-114.5774309353431
000516.pid, car, 26.47259995876215, -17.220275389842502, -3.1888305957500753, 0.8548046946525574,-33.11477379813297
000517.pid, person, 22.047650098800663, -26.845749676227573, -2.9229314625263214, 0.5166659355163574,43.08106777895754
000517.pid, car, 26.866596942477763, -17.403002039591474, -3.1996762487623425, 0.8570801019668579,-37.040647554642014
000517.pid, car, 22.00473045349121, -26.86531311035156, -2.8451498031616205, 0.3075064420700073,104.58259911366943
000518.pid, person, 22.074572517758327, -26.8614426567441, -2.929356098175049, 0.4808727502822876,-117.71242797616367
000518.pid, car, 27.047497797012333, -17.45810356140137, -3.267015129327774, 0.857502818107605,-38.95756367824871
000519.pid, person, 22.068186718484633, -26.85551713860554, -2.9999133141144463, 0.3190620243549347,-116.16857210661763
000519.pid, car, 27.509488356740857, -17.66045359561318, -3.0991194938358513, 0.7991386651992798,-40.18919454907246
000520.pid, person, 22.065478605382587, -26.863723193897926, -2.957493683871101, 0.4798346757888794,-138.62156261051496
000520.pid, car, 27.71667077806261, -17.676545725928417, -3.1383980645073786, 0.7775024771690369,-56.78604593004137
000521.pid, person, 22.085440790930463, -26.85666017754134, -3.0351254496463502, 0.4096793234348297,-99.86164106115646
000521.pid, car, 27.854991045865148, -17.671191880197238, -3.1153255592692988, 0.8587207794189453,-75.22839931723269
000522.pid, person, 22.06553901114115, -26.86366834873107, -3.0422895943246235, 0.326620876789093,-109.57617005124305
000522.pid, car, 28.204630584716803, -17.793710556030277, -3.1376623916625976, 0.8228503465652466,-71.18574675130378
000523.pid, person, 22.083131048414444, -26.8539481692844, -2.928454266654121, 0.37204259634017944,50.929259441091865
000523.pid, car, 28.759441770356283, -18.003889346944877, -3.0716676054329706, 0.8819542527198792,-42.747703313413645
000524.pid, person, 22.080514907836918, -26.858986132072683, -3.0127076163436426, 0.40637242794036865,-124.9548936566247
000524.pid, car, 29.030270668768118, -18.047926318260934, -3.102697326290992, 0.8422337770462036,-67.91082192781968
000525.pid, person, 22.102499198913577, -26.84115085601807, -3.0018442571163177, 0.3771710693836212,-129.92487055821417
000525.pid, car, 29.60792057854789, -18.174753189086918, -3.073209660393851, 0.7946982979774475,-61.68302672805208
000526.pid, person, 22.0797290802002, -26.86508118765695, -3.0320706503731865, 0.46744370460510254,-115.36649893556859
000526.pid, car, 29.968803547046807, -18.214278609664355, -3.074348061173051, 0.8777341246604919,98.0258962113698
000527.pid, person, 22.087769235883442, -26.862527892703106, -2.9886950822103593, 0.35956287384033203,-120.65203926248705
000527.pid, car, 30.406293282142055, -18.284620138315056, -3.127142099233774, 0.8691835999488831,-70.52921770920852
000528.pid, person, 22.079270362854007, -26.861812162399296, -3.071637284755707, 0.4014490842819214,-108.68396706307186
000528.pid, car, 30.792085520426436, -18.495004526774093, -2.964907105763753, 0.7761192917823792,107.66161511259119
000529.pid, person, 22.089553333464124, -26.861713591076086, -3.0543327047711326, 0.4791329503059387,-99.31487558360581
000529.pid, car, 31.172991888863702, -18.484467370169508, -2.9560241699218754, 0.7077658176422119,97.88538933011013
000530.pid, person, 22.078474521636966, -26.86999130249024, -3.086757355928421, 0.39403003454208374,78.407776682312
000531.pid, person, 22.090983158833275, -26.850605887335703, -3.0864535215738655, 0.3715139329433441,-89.9872615053911
000532.pid, person, 22.104377495615108, -26.867572433070137, -3.1288307340521566, 0.35859841108322144,-101.72392589078325
000533.pid, person, 22.077513831002374, -26.865253720964706, -3.0319002287728445, 0.4281126856803894,80.73531500402488
000534.pid, person, 22.086551515679613, -26.869815173902012, -3.0648604505940487, 0.37897729873657227,-104.25445090627204
000535.pid, person, 22.076760075309064, -26.876610712571583, -2.956340182911266, 0.3327743411064148,65.35509580039358
000536.pid, person, 22.087051657743235, -26.879916701205946, -3.0192811156428143, 0.3760190010070801,63.82998131086394
000537.pid, person, 22.094880580902103, -26.860848850674103, -3.0648904310332403, 0.3491494655609131,-102.83953841397886
000540.pid, person, 22.06787967681885, -26.844982197410186, -3.0686735353971777, 0.3104008138179779,104.97807329795766
000540.pid, stop_sign, 30.234593391418464, -16.90200357437134, -3.3188822627067553, 0.34663090109825134,-69.86114719933826
000541.pid, person, 22.058616017186367, -26.845533548399466, -3.0188955096311347, 0.32513293623924255,99.3767937327921
000541.pid, car, 22.047774171829225, -26.84052176475525, -2.9504860222339624, 0.33406099677085876,87.39244336551515
000541.pid, stop_sign, 28.67058062553406, -10.28961026668549, -3.6791349053382856, 0.37656840682029724,2.459663391191146
000542.pid, stop_sign, 28.660899480183918, -10.267699983384874, -3.777543783187864, 0.334380567073822,-3.63112145183276
000548.pid, car, 22.038455086785397, -26.86135884877798, -2.956380637916358, 0.31105923652648926,106.80023497817146
000548.pid, stop_sign, 29.783703486124676, -13.885549757215713, -3.517854756779139, 0.38565793633461,-65.76668457941929
000549.pid, stop_sign, 32.90757144581188, -25.304398363286804, -3.2666868730024845, 0.33816277980804443,-67.78101390805182
000550.pid, stop_sign, 28.709262847900394, -10.287082036336264, -3.712249954541523, 0.32199791073799133,171.81142787350103
000551.pid, stop_sign, 28.69355310712542, -10.255524362836567, -3.737345797674996, 0.3413977324962616,-14.594179582936466
000553.pid, person, 22.06697156952649, -26.83706269613127, -3.0607206705139904, 0.3560839295387268,108.2459587479788
000553.pid, car, 22.06656078670336, -26.840229946634043, -2.985830426216125, 0.3062486946582794,89.45095847197152
000553.pid, stop_sign, 28.61871967315674, -10.263815975189212, -3.7781791687011697, 0.31553420424461365,-1.767756531755536
000556.pid, person, 22.063608867366142, -26.83052937577411, -3.0728820009929376, 0.3459224998950958,-68.51907609395451
000556.pid, car, 22.048642658051993, -26.8587254569644, -2.979594486100333, 0.3262055218219757,107.78995341778231
000556.pid, stop_sign, 32.2921130840595, -22.94155502319336, -3.366324498103213, 0.33109334111213684,-67.4887350460308
000557.pid, person, 22.056721369425457, -26.833748597365165, -3.0508268613081713, 0.3265599012374878,91.22118122270368
000557.pid, car, 22.06214141845703, -26.853323480357293, -3.0166920268017305, 0.3172220289707184,88.49291872327831
000557.pid, stop_sign, 28.63105357776989, -10.268683000044394, -3.729131243445656, 0.33998391032218933,4.034607004007139
000558.pid, stop_sign, 33.26591920852661, -26.684146006902058, -3.267155269781748, 0.4741811454296112,-68.00463774454548
000559.pid, stop_sign, 28.634640433571562, -10.280517751520328, -3.738698179071599, 0.4315715432167053,0.47223359243478136
000560.pid, person, 22.07429398988423, -26.851825362757637, -3.0687336357016313, 0.3498341143131256,84.22899508927425
000560.pid, stop_sign, 28.633652305603032, -10.25486688613892, -3.787954211235045, 0.3578259348869324,-10.958163145483901
000561.pid, person, 22.070067644119266, -26.847664213180547, -3.068194615840912, 0.3355156481266022,93.57048430805848
000561.pid, stop_sign, 32.52718242009481, -23.87591791152954, -3.365012168884276, 0.39556196331977844,-67.69381365872417
000562.pid, stop_sign, 29.89165987287249, -15.02935137067523, -3.5486405917576365, 0.31807076930999756,-68.95345620826913
000563.pid, stop_sign, 29.566438886854385, -13.947855101691353, -3.4754835897021814, 0.33568283915519714,-69.31013292483274
000564.pid, person, 22.077346801757816, -26.84952039976378, -3.1137195922232963, 0.34180325269699097,-91.02312367020062
000565.pid, person, 22.06453263132196, -26.852141832050528, -3.076383502859818, 0.34899643063545227,115.28517598457707
000566.pid, person, 22.07533401098007, -26.84456776349973, -3.0619405599740834, 0.3898223340511322,-102.08680323856086
000566.pid, stop_sign, 28.634750713001605, -10.267299912192605, -3.728328011252662, 0.3801605701446533,3.7602271473155655
000567.pid, person, 22.083059910365517, -26.85420003618513, -3.1484383038112096, 0.37622663378715515,-79.18076750419982
000567.pid, stop_sign, 32.89076511676495, -25.45196496523344, -3.262103575926559, 0.43701955676078796,-67.87580884738713
000568.pid, person, 22.073082703810474, -26.850473012679668, -3.0830491017072634, 0.37336698174476624,-91.90676508601766
000568.pid, car, 22.08175931078323, -26.860694520016935, -3.0136621353474062, 0.36510732769966125,-103.94348909688881
000568.pid, stop_sign, 28.621048147028148, -10.27559826590798, -3.730754505504261, 0.4219684600830078,2.464619476005922
000569.pid, person, 22.09205752924869, -26.861488593252083, -3.1097795147644844, 0.37146881222724915,-99.7198432909826
000569.pid, car, 22.077710958627556, -26.883928641294823, -3.015418443924341, 0.310592383146286,-102.66630301453665
000569.pid, stop_sign, 31.75078121821086, -21.316264311472576, -3.4772682587305686, 0.4175874888896942,-67.9185736715527
000570.pid, stop_sign, 30.752662870619037, -17.52944204542372, -3.348675198025172, 0.42557501792907715,-67.384744684107
000571.pid, stop_sign, 28.6964579990932, -10.256419045584545, -3.7369853087833924, 0.36610889434814453,-13.74392968831576
000572.pid, stop_sign, 28.62823191556064, -10.267635692249648, -3.73319480635903, 0.3969140946865082,4.935558390459311
000573.pid, stop_sign, 30.682888031005866, -17.652302742004395, -3.421333180533514, 0.3881848454475403,-68.17772699064253
000574.pid, person, 22.074854951155817, -26.857130351819492, -3.0684823487934314, 0.30930280685424805,-83.3607373701989
000574.pid, stop_sign, 28.66055274009705, -10.260348916053776, -3.7518873810768114, 0.3768204152584076,-4.018846929899638
000575.pid, person, 22.090974569320682, -26.872874259948738, -3.043622428178787, 0.3358640670776367,-98.34846231849758
000576.pid, car, 22.085430269655976, -26.86872544495956, -2.961154144743214, 0.31104353070259094,-104.97757390547068
000577.pid, person, 22.07958177839007, -26.859219033377514, -3.071806035723005, 0.3149806559085846,-83.10270320828107
000577.pid, car, 22.080273561699446, -26.881598938343135, -3.0012799307357425, 0.32058143615722656,-92.13805660712637
000577.pid, stop_sign, 28.656285524368286, -10.261707425117494, -3.75260269641876, 0.33175694942474365,-5.2155099871306305
000578.pid, stop_sign, 29.662935018539432, -14.405566930770876, -3.416312634944914, 0.36030226945877075,-69.28485161415719
000579.pid, person, 22.08133781247023, -26.86685469092393, -3.0701052561038877, 0.30017611384391785,101.57504354364846
000579.pid, stop_sign, 28.660680532455444, -10.262352943420414, -3.7518392205238316, 0.3473038077354431,-4.190667364754944
000580.pid, person, 22.067589539747974, -26.854822305532608, -3.05801972364768, 0.3204970061779022,88.68454196010649
000580.pid, car, 22.076476969617477, -26.857846402107402, -3.014463632664781, 0.33826324343681335,75.20209506355314
000581.pid, car, 22.0832974959393, -26.8602068375568, -2.9893280438014433, 0.30592429637908936,-103.37480632950277
000582.pid, stop_sign, 28.618684196472174, -10.266079998016362, -3.7064457654952987, 0.3621516227722168,5.553259560446468
000583.pid, stop_sign, 32.91515835848722, -25.318089745261453, -3.2678549506447525, 0.38714519143104553,-67.74093271172381
000584.pid, stop_sign, 29.50296253628201, -13.97078132629395, -3.548009342617457, 0.3485305607318878,-70.49511443472241
000585.pid, stop_sign, 28.623976135253912, -10.275189876556396, -3.716805648803709, 0.346244215965271,-1.6750965750519962
000586.pid, stop_sign, 28.668451690673827, -10.272690010070805, -3.7946195840835557, 0.4115496277809143,-4.532781754254042
000587.pid, stop_sign, 28.641923904418945, -10.279593294317076, -3.737443685531615, 0.3676527738571167,-0.9054778845202218
000588.pid, stop_sign, 28.63794574737549, -10.253891277313237, -3.787148284912108, 0.4705254137516022,-11.211704754995338
000589.pid, person, 22.07702122312604, -26.840120199954875, -3.0702576709516123, 0.30740535259246826,-106.68950196893496
000589.pid, car, 22.05872526168823, -26.896110105514527, -2.9805382847785946, 0.31062719225883484,102.71809267211934
000589.pid, stop_sign, 32.59459924697877, -24.094412088394165, -3.3324603835741673, 0.4320734739303589,-67.79883073221137
000590.pid, stop_sign, 28.622403751720086, -10.2759617025202, -3.731938773935491, 0.40213483572006226,0.45842768964582703
000591.pid, car, 22.0258960723877, -26.8958415327401, -2.890668153762817, 0.3004624545574188,95.37675102625104
000591.pid, stop_sign, 31.04943537712098, -18.447999477386475, -3.3561568260192853, 0.41114723682403564,-67.36837614477403
000592.pid, car, 22.04844460836271, -26.899202812008742, -2.9565964442927655, 0.30159321427345276,96.29496865753896
000592.pid, stop_sign, 28.630079269409187, -10.277228164672852, -3.714478588104246, 0.3646440804004669,0.7826060359167872
000593.pid, person, 22.083849442310825, -26.863657046587043, -3.086661247106699, 0.34507274627685547,59.96864431998143
000593.pid, stop_sign, 28.621003680759014, -10.25774478912354, -3.7667890654669858, 0.37810707092285156,-10.792442672135397
000594.pid, person, 22.091737160315883, -26.849706992124904, -3.0925219425788293, 0.3438607454299927,-115.60858892945481
000594.pid, stop_sign, 28.636352365667175, -10.278843619606713, -3.738518649881535, 0.4597361981868744,-0.057819139905675776
000595.pid, person, 22.07925000871931, -26.858481270926344, -3.0704399177006314, 0.38608601689338684,-97.24557526062486
000595.pid, stop_sign, 32.91584170948376, -25.286654472351074, -3.32706822048534, 0.4329330623149872,-67.84760591534021
000596.pid, person, 22.09487262301975, -26.86489253573948, -3.0531456311543783, 0.3528338670730591,-106.28862957021329
000597.pid, person, 22.079693521772114, -26.83604226793562, -3.029686439604986, 0.36651334166526794,-163.0070762571518
000598.pid, person, 22.084838549296062, -26.831345467340384, -3.0259046838397072, 0.4105846881866455,169.73080519728754
000598.pid, stop_sign, 28.63261737823487, -10.279586315155033, -3.713902616500853, 0.30445632338523865,0.1142726082604213
000599.pid, person, 22.097691154479982, -26.850449466705328, -3.015478265285492, 0.32668501138687134,-93.60762839436416
000599.pid, stop_sign, 33.26520983378093, -26.83135334650676, -3.134193370739618, 0.33025190234184265,-68.0684452432233
000601.pid, person, 22.109183189196468, -26.859291125566536, -3.0230475083375588, 0.33509519696235657,169.8831509443415
000601.pid, stop_sign, 28.632647427645598, -10.268964767456055, -3.728491349653763, 0.33574235439300537,3.581560582227228
000602.pid, person, 22.101359176635746, -26.84580612182618, -3.036786913871765, 0.31104353070259094,159.38353971592932
000602.pid, stop_sign, 33.23962802886963, -26.81610679626465, -3.1970080494880664, 0.32037365436553955,-68.10972514958851
000603.pid, stop_sign, 28.639748732248947, -10.267428398132324, -3.7499008178710924, 0.32897305488586426,3.440539225172004
000604.pid, person, 22.120670074071644, -26.847851484249805, -3.052202304204305, 0.3696271479129791,163.59721967494093
000604.pid, stop_sign, 28.631342781914604, -10.252924389309358, -3.7640681266784646, 0.33280056715011597,-8.054011693586418
000605.pid, person, 22.100919165262365, -26.85822747393353, -3.0321228213426545, 0.3095843493938446,158.30523271110502
000605.pid, stop_sign, 28.638931447809394, -10.273696032437414, -3.7382367957722042, 0.37823015451431274,-0.24138306735174453
000606.pid, stop_sign, 28.631440904405387, -10.25376023186578, -3.7635482152303044, 0.42749685049057007,-8.289727789414847
