000032.pid, person, 22.551137182447647, -26.498231252034508, -2.9838818179236517, 0.537289023399353,172.69379615555368
000032.pid, bicycle, 12.086392190721305, -1.215427610609268, -3.4358827008141395, 0.569328248500824,-21.132933130704686
000033.pid, person, 22.544233786093226, -26.555982280421905, -3.0130619744996765, 0.4887189269065857,178.8342510328189
000033.pid, bicycle, 12.112092852592472, -1.2573140487074834, -3.4044697582721697, 0.5262821316719055,-30.22116546155778
000034.pid, person, 22.561030413653402, -26.603536966684704, -3.003028412122984, 0.47172051668167114,173.2101565165918
000034.pid, bicycle, 12.040942600795207, -1.2524904268128572, -3.4404890537261954, 0.5314971804618835,-22.05368485330795
000035.pid, person, 22.527428789836605, -26.660241708522896, -2.9918497713600716, 0.5749394297599792,164.6060501299141
000035.pid, bicycle, 12.031387329101566, -1.2122179567813873, -3.5170922279357897, 0.47490930557250977,-20.04004492290265
000036.pid, person, 22.514030896700348, -26.70148159907415, -2.9944057097801795, 0.6252628564834595,165.039707762061
000036.pid, bicycle, 12.038891050550676, -1.2287064393361424, -3.4407328499688035, 0.4659997224807739,151.92240798929126
000037.pid, person, 22.483363251937067, -26.762203417326276, -2.9913808609309953, 0.634800374507904,174.8957527378091
000037.pid, bicycle, 12.019605636596687, -1.2321551111009401, -3.4468799697028256, 0.5788654088973999,-30.675250549248616
000038.pid, person, 22.455156469345095, -26.84925255775452, -3.008815824985504, 0.7201735377311707,178.284020511681
000038.pid, bicycle, 12.053417563438419, -1.2533516734838486, -3.4508822560310355, 0.5878239274024963,155.29815110760816
000039.pid, person, 22.450095956975765, -26.89708471298218, -3.0133744911714033, 0.690117597579956,175.3395488621192
000039.pid, bicycle, 12.09762467278375, -1.2905572189225123, -3.422228097915648, 0.6116207838058472,140.33391349521182
000040.pid, person, 22.43530654907227, -26.9667896270752, -3.0189346432685853, 0.5659960508346558,170.97312296392272
000040.pid, bicycle, 12.059117423163526, -1.232636319266427, -3.43451068136427, 0.5979646444320679,-18.442947355623144
000041.pid, person, 22.425644556681316, -27.023074967520582, -3.0294277327401296, 0.5991916656494141,160.88209332983837
000041.pid, bicycle, 12.066852211952213, -1.2805487290024793, -3.4502723813056937, 0.5887720584869385,156.81495279941387
000042.pid, bicycle, 12.090501666069034, -1.2048989906907082, -3.4417567253112784, 0.5995395183563232,-18.43908021025537
000043.pid, bicycle, 12.006277243296315, -1.2324365476767294, -3.571419397989908, 0.6091858148574829,167.60169757003732
000044.pid, person, 12.021927833557136, -1.2427363574504882, -3.53396620750427, 0.6348868012428284,164.27430611898896
000044.pid, person, 22.411659649440224, -27.130422773815344, -2.9940932705288845, 0.6029446721076965,-14.182607747120265
000045.pid, person, 22.41360154023042, -27.168463320345495, -2.9556926263345256, 0.6607445478439331,-16.952911695014198
000045.pid, person, 12.127465009689336, -1.258604943752287, -3.4428090155124655, 0.6382811665534973,161.46484777048676
000046.pid, person, 12.166823387146005, -1.2545421620210082, -3.43084943294525, 0.6368787884712219,145.04057801088348
000046.pid, person, 22.455828464392464, -27.2247705748587, -2.998379794034091, 0.4820336103439331,-18.21466781715377
000047.pid, person, 12.07080353630914, -1.2510901689529466, -3.5155313279893647, 0.5218788385391235,164.30796266686323
000047.pid, person, 22.459106965498492, -27.262424295598816, -2.958845084363764, 0.3940405249595642,-21.10849105284758
000048.pid, person, 12.170902524675645, -1.2164432065827506, -3.451741865703036, 0.693681001663208,158.83962132751816
000048.pid, person, 22.512340287904486, -27.335860432805244, -3.0189557848749935, 0.5208025574684143,148.86633082991816
000049.pid, person, 22.533523840062763, -27.38197163974538, -2.961589630912332, 0.48482584953308105,147.63439597449428
000049.pid, bicycle, 12.09580338001252, -1.277114413678646, -3.535462617874144, 0.5951233506202698,167.8857020906837
000050.pid, person, 12.053190708160406, -1.229602495829269, -3.571216265360512, 0.6262633800506592,168.59708869583332
000050.pid, person, 22.54789531592167, -27.42136550672127, -2.9964558644728227, 0.47727590799331665,145.19598475149255
000051.pid, person, 12.2477103642055, -4.5243274314063, -3.5522426877702977, 0.6523284912109375,-81.3564350119957
000051.pid, person, 22.567148724117796, -27.45238221658243, -2.970816167625221, 0.4272446632385254,-27.04361637384912
000052.pid, person, 22.556725527789144, -27.4407721854545, -2.9882309630110457, 0.3035661280155182,-30.009712759121776
000052.pid, bicycle, 12.166225242614754, -1.2995878338813782, -3.408525156974792, 0.6545439958572388,-21.677495370501028
000053.pid, person, 12.722521972656258, -25.070061492919926, -3.4570718765258794, 0.43077313899993896,4.890937267962113
000053.pid, person, 22.54074096679688, -27.485612021552196, -2.9798309626402677, 0.42853865027427673,144.15764318263578
000053.pid, bicycle, 12.223837443760468, -7.922825149127415, -3.5787155287606365, 0.6497483849525452,-81.58660654636597
000054.pid, person, 22.624605756817445, -27.534959330703277, -2.9868497559518525, 0.5265395045280457,142.9293071995604
000054.pid, person, 12.730804729461678, -25.310569000244147, -3.186390864849091, 0.40583810210227966,-95.5209439474595
000054.pid, bicycle, 12.540360530217496, -11.169988075892133, -3.527181943257648, 0.6514350175857544,-82.0425156725324
000055.pid, person, 22.591820398966476, -27.492313003540044, -2.9979527552922565, 0.595923125743866,146.7890274343165
000055.pid, person, 12.657393773396821, -25.17698891957602, -3.4011211792627978, 0.39603257179260254,16.221772685166098
000055.pid, bicycle, 12.189548628670835, -7.935710310935979, -3.619654893875121, 0.6667848825454712,-81.52024631010173
000056.pid, person, 22.639451251310465, -27.52584973503562, -2.9936068338506363, 0.527956485748291,143.97686615445815
000056.pid, person, 12.696910023689279, -25.106041669845595, -3.36938887834549, 0.4077143967151642,98.4272468576366
000056.pid, bicycle, 12.438457330067957, -11.14852705597878, -3.515274186929066, 0.6483011245727539,-82.38193196412578
000057.pid, person, 22.60898034712848, -27.523986928603232, -3.008517391541425, 0.5063011646270752,140.6533619176785
000057.pid, person, 12.705049514770517, -25.102867126464854, -3.4832648833592734, 0.307773619890213,78.64710551230772
000057.pid, bicycle, 12.450028419494634, -11.206899767120683, -3.490105430285135, 0.6285527944564819,-82.477515178087
000058.pid, person, 22.61799395711799, -27.53377643384432, -3.0258292085246037, 0.5363916158676147,145.08884119833274
000058.pid, bicycle, 12.47329371316093, -11.414883422000072, -3.508328386715479, 0.6284263134002686,-81.88066221163552
000059.pid, person, 22.58332235672895, -27.51909727208755, -3.02397340185502, 0.47376200556755066,148.12132498881675
000059.pid, bicycle, 12.338020758195363, -7.698956348679284, -3.4878038276325567, 0.5525692105293274,-82.16000090204668
000060.pid, person, 22.57957814869128, -27.51254975168329, -3.0065292496430245, 0.4701966941356659,141.1254434164253
000060.pid, bicycle, 12.264607620239264, -10.69870245456696, -3.492070031166075, 0.5021357536315918,-81.55186385830555
000061.pid, person, 22.56606980373985, -27.519615675273702, -2.986071724640696, 0.457361102104187,136.97760803022632
000061.pid, bicycle, 12.177803126248454, -7.687225872820071, -3.547229593450372, 0.5292958617210388,-81.61192124145745
000062.pid, person, 22.529875633044124, -27.505850229507843, -3.0185802410810423, 0.41316452622413635,-34.29127206142545
000062.pid, bicycle, 12.245045502980552, -7.199250668287276, -3.4166300296783443, 0.5619280934333801,-81.95332596669613
000063.pid, person, 12.002083420753488, -1.2735885605216044, -3.5187147557735425, 0.5454146862030029,-15.033211778245303
000063.pid, person, 22.542893359535622, -27.512581172742347, -3.0122441806291285, 0.44884106516838074,-32.17627832915526
000064.pid, person, 11.91310892105103, -1.2780294418334974, -3.456760454177856, 0.5552881360054016,-25.24537649179612
000064.pid, person, 22.55664403815019, -27.53075730173212, -3.003542272668136, 0.43148043751716614,141.53149487644598
000065.pid, person, 22.55249796686946, -27.529745823628197, -3.0008739651860417, 0.496472030878067,-30.725201916712045
000065.pid, bicycle, 12.121187607447313, -9.090432460109396, -3.5833956996599827, 0.4419260621070862,-81.14887525522096
000066.pid, person, 22.53343782926861, -27.529870735971556, -2.9651273551740145, 0.525799036026001,-35.09292292189112
000066.pid, bicycle, 12.164228872819386, -9.776802610267294, -3.6663847403092804, 0.46967512369155884,-81.26460414008301
000067.pid, person, 22.53620248682359, -27.546232223510746, -2.977513116948745, 0.5490762591362,136.61752722986915
000067.pid, bicycle, 12.127357629629289, -10.255498883815916, -3.7434682846069327, 0.5082446336746216,-81.2566817969574
000068.pid, person, 22.532347106933596, -27.533354513985774, -3.0070904050554548, 0.4845361113548279,-39.682988376707115
000068.pid, bicycle, 12.113927650451666, -10.618316187461216, -3.6164139270782467, 0.6135691404342651,-81.23021574856102
000069.pid, person, 22.537833895002095, -27.529612186976845, -2.9964299542563304, 0.4456142485141754,134.57036896267402
000069.pid, bicycle, 12.063733418782554, -11.061132046083609, -3.5781283179918915, 0.5896735787391663,-81.11613123119355
000070.pid, person, 22.54395093415913, -27.520392869648187, -3.023894454303541, 0.4459494948387146,-39.17915077196896
000070.pid, bicycle, 11.814232873916628, -7.217957252264026, -3.5796972751617426, 0.6090242266654968,-81.1602051514497
000071.pid, person, 22.554853586050182, -27.524195988972988, -3.002208275672717, 0.3973953127861023,145.2313747986501
000071.pid, bicycle, 11.882102353232252, -9.66497607103416, -3.5090698855263835, 0.5727376937866211,-80.75747592583642
000072.pid, person, 11.860524940490729, -9.049645044406258, -3.6142674922943105, 0.5431095361709595,-80.74470508832536
000072.pid, person, 22.558990085826203, -27.52270462933709, -2.987895369529724, 0.4572003483772278,-30.00624841897462
000073.pid, person, 22.54850467046102, -27.499588913387726, -2.9960316154691906, 0.5438117980957031,-33.46640611277273
000073.pid, person, 11.794028218587245, -10.682325561841333, -3.446033000946044, 0.5361056923866272,-80.55565966616979
000074.pid, person, 22.56919442282783, -27.531996144188778, -2.9869435959392128, 0.5402767062187195,144.26715540752033
000074.pid, bicycle, 11.762970190781816, -10.216920018196108, -3.643759599098792, 0.4188407063484192,-80.77909904502096
000075.pid, person, 22.549413982190586, -27.514515023482478, -3.0246268322593286, 0.5107228755950928,-35.828033337054855
000075.pid, bicycle, 11.635747432708746, -11.273046797939713, -3.4362181425094596, 0.38109809160232544,-80.54629009324464
000076.pid, person, 22.563406510786578, -27.50093425403942, -3.003982300108129, 0.49285876750946045,130.25493521424437
000076.pid, car, 11.608296076456709, -12.96380971868833, -3.1843647294574304, 0.3234866261482239,93.24241192089859
000077.pid, person, 22.568493476280803, -27.51132862384503, -3.011163075764974, 0.5441045761108398,135.54431327341845
000078.pid, person, 22.566914953836584, -27.499182073081418, -2.9891846121811287, 0.544966459274292,131.33984904807033
000079.pid, person, 22.560137818499314, -27.477167036475212, -3.021193329880877, 0.4626290202140808,-44.56648972016116
000079.pid, car, 11.824260928414088, -15.342715052041143, -3.1293155930259, 0.33983394503593445,94.54911442731655
000080.pid, person, 22.56497563542547, -27.492962038194815, -3.015443151061599, 0.503240168094635,132.3143087733332
000080.pid, car, 11.97702227140728, -17.531289809628536, -2.9892454900239627, 0.35705623030662537,94.86823042073732
000081.pid, person, 22.60290154166844, -27.52883500638216, -2.9861549553663833, 0.384633868932724,126.41487176394547
000081.pid, car, 11.81430350409614, -15.873067902194132, -3.1177684333589344, 0.3491286635398865,95.32371670359532
000081.pid, car, 12.63286483287812, -24.804589629173282, -2.6753992587327957, 0.30328845977783203,-35.744978410264416
000082.pid, person, 22.562104845047, -27.484156656265263, -3.0172473490238194, 0.4997827708721161,-45.14283074442692
000082.pid, car, 11.619074601393484, -14.184897707058838, -3.615895087902362, 0.34019145369529724,95.97739891311436
000083.pid, person, 22.56557337443034, -27.4856432960147, -3.0486741860707602, 0.4051853120326996,-39.35961501528983
000083.pid, bicycle, 11.10140972137452, -8.776688706874852, -3.807116079330443, 0.5280479788780212,-77.05000568518793
000084.pid, person, 22.58308302389609, -27.506989453289965, -3.0005317958625586, 0.41027241945266724,131.46952680595285
000084.pid, bicycle, 11.594092455777261, -14.471168290485041, -3.58572727983648, 0.5400946736335754,96.70995416039321
000085.pid, person, 22.57082415849735, -27.498936286339397, -3.0240658796750584, 0.3167099952697754,139.04281205701278
000085.pid, bicycle, 11.277834892272951, -12.64293206821789, -3.5521200136704865, 0.49028754234313965,-76.02199454335846
000085.pid, car, 12.715089321136478, -24.901998710632324, -2.5869791984558086, 0.3390638530254364,-43.600321570777794
000086.pid, bicycle, 11.45046314826379, -14.581105754925659, -3.7982064944047176, 0.4741373062133789,98.6452205877179
000087.pid, bicycle, 11.173483610153204, -13.849910736083988, -3.8455933630466452, 0.3818044066429138,-74.25405865609147
000088.pid, person, 22.568102502822878, -27.530522918701177, -2.9679735600948334, 0.3394187092781067,128.21704338522648
000088.pid, person, 12.943648159503944, -25.089500188827518, -3.085395380854607, 0.33486977219581604,138.5169759996832
000088.pid, bicycle, 11.539171292231638, -16.48833241829506, -3.784076653994046, 0.4251532256603241,100.11527350088922
000089.pid, bicycle, 9.391369700431829, -5.44082048535347, -4.051443874835967, 0.5524951815605164,-73.39773487272228
000090.pid, bicycle, 8.965701103210453, -2.6227322022120156, -4.119513988494872, 0.5655319094657898,27.947058183464087
000091.pid, person, 8.849830700800975, -2.738743635324335, -4.143161718661968, 0.6258105635643005,-139.03469097035696
000092.pid, bicycle, 8.549491201128284, -2.865110414368767, -4.147307532174246, 0.5979446768760681,-147.08132607026812
000093.pid, person, 8.446475369589674, -3.007964645113266, -4.148728268487113, 0.5684440732002258,28.77705215490917
000093.pid, car, 13.258517710367844, -25.084676869710286, -2.908422072728474, 0.3997192680835724,111.39017250330485
000094.pid, person, 8.230907869338996, -3.20295867919922, -4.192255187034606, 0.731926679611206,30.166305354834748
000094.pid, car, 13.230430221557619, -25.07640609741211, -2.822394212086994, 0.3043156862258911,111.09390136512205
000095.pid, person, 7.993792409482214, -3.3732133740964185, -4.070264650427776, 0.5991097092628479,24.87248166849832
000095.pid, person, 13.228420151604553, -25.08311271667481, -2.9606417947345314, 0.324041485786438,-112.87539037251884
000095.pid, person, 22.544054154426824, -27.502221753520352, -3.0392916279454387, 0.30011412501335144,-43.55441715386301
000096.pid, person, 7.881730437278755, -3.5697341263294255, -4.059955209493636, 0.791795551776886,24.585840084679365
000097.pid, person, 7.729632513863707, -3.7530032396316537, -4.121667044503347, 0.7802268862724304,37.04086215226268
000098.pid, person, 7.627113133668904, -3.8779771178960862, -4.048993989825248, 0.6994720697402954,31.494205557726712
000098.pid, person, 13.38157006672451, -24.88594014304025, -2.8146865027291432, 0.34625548124313354,-77.63135079550776
000099.pid, person, 7.489737636164621, -4.0853520945498865, -4.11201746840226, 0.7873632311820984,40.796270895632226
000099.pid, person, 13.397764325141914, -24.838562846183784, -2.874001771211624, 0.4110381603240967,-75.04411987354337
000099.pid, person, 22.567489908096643, -27.521520939279114, -2.986993099780793, 0.3365500867366791,127.52725945924158
000100.pid, person, 7.396171653971958, -4.282982587814333, -4.01720697739545, 0.5064163208007812,-133.0630794506896
000101.pid, person, 7.245381978841936, -4.46441140541664, -3.9052757666661178, 0.5744985938072205,-129.82037885456725
000101.pid, person, 13.478160381317144, -24.798883120218917, -2.755391279856364, 0.3493499457836151,-83.21920500675938
000101.pid, person, 22.56120091815328, -27.520846610845528, -3.001452972722608, 0.3187040388584137,128.88750289364816
000102.pid, person, 7.151797866821296, -4.676257101694746, -3.781335147221882, 0.5162621736526489,-131.14057796578123
000103.pid, person, 7.111966451009118, -4.814979632695521, -3.81428172190984, 0.3912442922592163,-130.91654114909576
000103.pid, car, 13.609958580562052, -24.875903810773583, -2.6611444268907802, 0.3321252763271332,-83.93885436959332
000104.pid, person, 13.603182919820155, -24.90718002319336, -2.7056460062662753, 0.35526299476623535,-90.1519787835825
000104.pid, person, 6.935594749450688, -5.1246417681376135, -3.8783913135528554, 0.35284674167633057,46.04625113554731
000106.pid, person, 13.635538366105827, -25.02006710900201, -2.7700985802544484, 0.32389742136001587,-98.89305519638415
000107.pid, person, 13.576408704121913, -25.032520294189457, -2.8885687589645395, 0.5128759145736694,-91.21746465278946
000108.pid, person, 13.68075002034506, -24.992643356323246, -2.7324048201243083, 0.43040555715560913,-92.21791435207686
000108.pid, person, 22.571050114101837, -27.51362408532037, -2.9854809376928544, 0.3451732099056244,137.3044391273193
000109.pid, person, 13.546971109178337, -25.011208958095978, -2.755322052372827, 0.5625780820846558,-107.36893553763855
000109.pid, person, 22.547310723198787, -27.489578511979847, -3.020766999986437, 0.48676949739456177,-38.256889121387196
000110.pid, person, 13.617288748423265, -25.057673666212295, -2.9385326438479957, 0.6509190797805786,-103.7165408974214
000110.pid, person, 22.573161506652834, -27.506486749649053, -3.0018230438232423, 0.4804181456565857,133.2024216782994
000111.pid, person, 13.639136770497203, -25.027296149212386, -2.8548569471939755, 0.6022993922233582,-103.36101444656464
000111.pid, person, 22.561845485980697, -27.479136882684177, -3.0269995774978247, 0.46570152044296265,-40.58523526925355
000112.pid, person, 13.640907287597662, -25.018712724958153, -2.870094651267642, 0.5689424872398376,-100.12583085168296
000112.pid, person, 22.548201380549255, -27.47923041678764, -3.0195910995071, 0.440173476934433,-37.27029610480299
000113.pid, person, 22.5578984051216, -27.491424048819198, -3.034875462694866, 0.3918098211288452,137.2156615902447
000113.pid, car, 13.639699300130214, -24.997485387892954, -2.894442444755918, 0.3384741544723511,-98.14673935245375
000114.pid, person, 13.70682235197588, -24.985203569585632, -2.8074901429089634, 0.3133924901485443,-100.08344176903742
000114.pid, car, 22.548252105712894, -27.49128775596619, -2.9976776123046873, 0.33305278420448303,137.38254899022283
000115.pid, person, 13.708840219598073, -24.950135180824685, -2.830303279977096, 0.5118911266326904,-87.54835865972643
000115.pid, person, 22.518132235552816, -27.477750314248578, -3.0065493197054476, 0.48101702332496643,-33.10518644260204
000116.pid, person, 13.786859875633608, -24.958836600894024, -2.7197389602661133, 0.4406451880931854,-97.34634259538717
000116.pid, bicycle, 22.48307638901931, -27.458943195832088, -3.0568688465998726, 0.4869469702243805,-40.351814092597834
000117.pid, person, 22.45621644689682, -27.456850173625543, -3.0741766716571566, 0.6326966285705566,141.97821323599211
000117.pid, bicycle, 13.795510746183854, -25.035792941138862, -2.817513636180333, 0.48318225145339966,-102.3281793727827
000118.pid, person, 13.911230418993087, -25.026373738827917, -2.731071088625037, 0.5235912799835205,-115.90085867993605
000118.pid, bicycle, 22.389737985072994, -27.42689440800594, -3.0630850302867403, 0.565123975276947,130.92117116346253
000119.pid, person, 14.060060871971984, -25.040584458245174, -2.6957684755325317, 0.5081204175949097,-123.58936843416154
000119.pid, car, 22.328354432847767, -27.438517676459423, -3.059556902779473, 0.6479090452194214,-43.47165512198711
000120.pid, person, 22.251765002375066, -27.397642508797027, -3.045885153438734, 0.4394393563270569,-52.307970526535044
000121.pid, person, 22.161283319646667, -27.34894565235485, -2.9839636065743185, 0.3943862318992615,-59.75999620854743
000122.pid, person, 22.126462231511656, -27.362254350081738, -3.0367197783096977, 0.570214569568634,-61.50539423086179
000123.pid, car, 22.10156222752163, -27.347529586480594, -3.0687261600883637, 0.6531907320022583,-70.71083375864578
000124.pid, person, 22.061247764749734, -27.38372806792564, -3.0994584560394287, 0.5907760858535767,-83.5359204549836
000125.pid, person, 14.563479627881735, -25.209382534027103, -2.9722808940070022, 0.41645583510398865,99.2115803542592
000125.pid, bicycle, 22.00596710046133, -27.40134203433991, -3.130416547258695, 0.5877120494842529,-88.57728315691276
000126.pid, person, 14.618486086527511, -25.13654063996815, -2.7814096382686073, 0.5687500238418579,-77.6559259850211
000126.pid, car, 21.94276601214742, -27.416855789894285, -3.1048544451247815, 0.6274198293685913,-94.80751482391523
000126.pid, car, 14.68254944256374, -25.19166455950056, -2.881633869239262, 0.31488728523254395,-75.6594511854257
000127.pid, person, 6.549126148223881, -9.604305505752574, -4.13997495174408, 0.7244426012039185,57.97529815202336
000127.pid, bicycle, 21.880091850574203, -27.426785175616928, -3.0844334684885464, 0.4542216956615448,-96.90165050836907
000127.pid, car, 14.758647982279463, -25.226657231648765, -2.852501964569092, 0.32194268703460693,105.8709917987022
000128.pid, person, 21.82662180850381, -27.446091534798608, -3.0928265630153193, 0.46939611434936523,-104.34214968816033
000128.pid, bicycle, 6.4322368621826245, -9.69850654602052, -4.181311988830567, 0.7296295762062073,31.057422991417116
000129.pid, person, 21.78410421098982, -27.474083117076333, -3.0949443195547377, 0.6319130063056946,-102.26371637139238
000129.pid, bicycle, 6.5780614614486765, -9.797235488891609, -3.938499867916108, 0.6196938157081604,-118.24409413050722
000130.pid, person, 21.753968605628383, -27.45349557583149, -3.0512112975120544, 0.5700598359107971,-98.97563035621289
000130.pid, bicycle, 6.526023101806648, -9.914285850524914, -4.008421182632446, 0.4089554250240326,-142.67117114731204
000131.pid, person, 21.72772575246877, -27.456155481009652, -3.0707028035459847, 0.6727965474128723,-91.03236764545258
000131.pid, bicycle, 6.5367540121078545, -10.083987236022956, -4.189145088195802, 0.381850928068161,-131.03995680421028
000132.pid, person, 21.69789407608357, -27.405115086981596, -3.03352815546888, 0.6648164987564087,-84.05696210040975
000132.pid, bicycle, 6.4485380172729565, -10.23902521133424, -3.71279902458191, 0.6233400702476501,13.018597674306548
000133.pid, person, 21.68342546316294, -27.387140200688293, -3.05625070975377, 0.7196477651596069,-73.79977325541665
000133.pid, bicycle, 6.3550490491530525, -10.465029996984152, -3.608937375685748, 0.5969970226287842,35.93524746295994
000134.pid, person, 21.650196581470727, -27.389254861948444, -3.0290652683803008, 0.681337833404541,-59.50795610531403
000134.pid, bicycle, 6.448118567466744, -10.697118759155286, -3.766937643289566, 0.7631061673164368,-121.09816675510223
000135.pid, person, 21.658343670414947, -27.393373489379886, -3.0824930153641046, 0.5850107073783875,-59.210342322735634
000135.pid, bicycle, 6.344137838908613, -10.795991420745858, -3.67832100391388, 0.6842592358589172,-114.89162580707529
000136.pid, person, 21.622867698669438, -27.38034118652344, -3.0321762943267823, 0.6093305349349976,-51.26593633108039
000136.pid, bicycle, 6.390561951531312, -11.083237859937892, -3.8198835849761963, 0.6675357222557068,67.32704888005388
000136.pid, car, 15.807496841137228, -25.36914429297814, -2.973470394427959, 0.32099682092666626,-69.15826190185871
000137.pid, person, 6.420724948247282, -11.480926354726165, -3.986267010370891, 0.7161442637443542,83.7821677144491
000137.pid, person, 15.950545889990673, -25.365501267569407, -2.9515694975852957, 0.3244200348854065,-71.64579208036619
000137.pid, person, 21.63587698644522, -27.39040655019332, -3.052747590201241, 0.31070592999458313,-52.887289466887665
000137.pid, bicycle, 21.634781201680507, -27.388767639795944, -3.0660682072242103, 0.5128437876701355,-52.59682670971976
000138.pid, person, 6.40548524856568, -11.55482463836671, -3.825379991531372, 0.6590921878814697,64.69183639802182
000138.pid, person, 21.629584006543432, -27.394401154428163, -3.033851960919938, 0.5562285780906677,-57.07714275426259
000138.pid, person, 6.38153455131933, -11.241243713780454, -3.8128634753980126, 0.3047237694263458,79.7391767577955
000138.pid, car, 21.63385344388192, -27.393914741382265, -3.0608005398198173, 0.3537314832210541,-58.306131489755735
000139.pid, person, 6.427755968911314, -11.722248077392589, -3.9918325287955154, 0.7857699394226074,70.27558472351433
000139.pid, car, 21.61436096566623, -27.384229034673975, -3.03904932835063, 0.45568427443504333,-62.466495050983006
000140.pid, person, 6.523519659042367, -11.66604757308961, -3.9696794033050535, 0.7468701601028442,-111.18356411585322
000140.pid, car, 21.627820667467624, -27.40523943984718, -3.087590978856672, 0.32055598497390747,-78.41027164709683
000141.pid, person, 16.37204713087816, -25.418202253488403, -2.8856789607268114, 0.5157939195632935,-74.56413679204297
000141.pid, person, 21.623005784076195, -27.397242463153347, -3.0593516982120015, 0.4980289340019226,-93.91856070447545
000141.pid, bicycle, 6.475804397038057, -11.710092135838106, -3.81865588256291, 0.647426187992096,-138.31414335753533
000141.pid, car, 16.37204713087816, -25.4182022534884, -2.885678960726811, 0.3086158037185669,-74.56413679204309
000142.pid, person, 6.600900491078701, -11.935623380872947, -3.95952664481269, 0.5729876756668091,-68.26441114870113
000142.pid, person, 16.531483481912055, -25.431087830487424, -2.959916724878199, 0.5198374390602112,-75.8807590885778
000142.pid, bicycle, 21.615799014851202, -27.388915045786717, -3.037384699966948, 0.5518019199371338,66.33907301462517
000143.pid, person, 6.435791873931894, -12.151089286804206, -3.8748374144236246, 0.7016150951385498,-119.23637516053017
000143.pid, person, 21.615139312744144, -27.404775505065924, -3.0280541086196906, 0.544391393661499,57.16556494095208
000144.pid, person, 6.52934424082439, -12.38390591939291, -4.031717602411907, 0.7449840307235718,-107.85127501675646
000144.pid, person, 21.61857702081854, -27.407392917979852, -2.9967317711223256, 0.6113083362579346,46.735314697332726
000144.pid, car, 16.72144961357117, -25.481269001960758, -2.9809243977069855, 0.33799290657043457,-82.19710524727375
000145.pid, person, 6.523694808666529, -12.664311775794404, -4.066128950852614, 0.7864711284637451,-134.7581602076942
000145.pid, person, 21.62946151284611, -27.386777765610642, -3.0711999967986463, 0.5808342695236206,-132.4109466088932
000146.pid, person, 21.613582105052718, -27.406482930086103, -3.052647167322587, 0.551940381526947,-132.19696952660817
000146.pid, person, 16.89424315742825, -25.508242565652605, -3.0334726934847622, 0.3554913401603699,103.65889347013628
000146.pid, bicycle, 6.604021453857429, -12.621984481811534, -4.090116167068483, 0.5534127950668335,92.18183012902558
000147.pid, bicycle, 21.612930224492004, -27.409571610964267, -2.9978113724635196, 0.601019024848938,49.76259316425125
000148.pid, person, 21.627214661959947, -27.406077713801945, -3.041896261017898, 0.5326918363571167,-111.86464101351808
000148.pid, person, 17.2128102183342, -25.541899621486667, -2.9813591316342354, 0.4146285057067871,-80.91027223591317
000149.pid, person, 21.617966651916507, -27.428815166155502, -3.0434968719879785, 0.5419028401374817,-95.23413271146345
000150.pid, person, 6.434794139862066, -13.632201576232921, -2.9978013515472415, 0.6688470840454102,-21.54839472683305
000150.pid, bicycle, 21.626440871845595, -27.421798922798857, -3.015734845941717, 0.4750080108642578,-72.20208888182148
000151.pid, person, 21.648173217773444, -27.43845497131348, -3.1033347702026366, 0.555938184261322,-62.32085958262555
000151.pid, person, 17.57569860800719, -25.592437352889625, -3.0519352753957114, 0.5121016502380371,92.40343907047767
000151.pid, bicycle, 6.354321002960213, -13.972361326217662, -3.386714994907379, 0.6650267839431763,-99.635351296262
000152.pid, person, 21.6285908347682, -27.39012494003564, -3.062451400254902, 0.5814695954322815,-52.23261348514144
000152.pid, person, 17.685719321755805, -25.586417646969068, -2.997577702297884, 0.5259685516357422,100.10693666860514
000153.pid, person, 21.641588592529303, -27.419453152743255, -3.0700553807345305, 0.6346258521080017,-46.97482807786552
000153.pid, person, 17.810143492942636, -25.595650606377184, -2.98924154459044, 0.46181556582450867,94.36548844839476
000154.pid, person, 6.479305171966561, -14.341330718994152, -3.1030001640319833, 0.6329326033592224,-30.523879827497538
000154.pid, person, 21.641955753542348, -27.42717415431761, -3.0562109362404306, 0.6303901076316833,-44.467370472647865
000154.pid, person, 17.932301680246994, -25.57311164008247, -2.9163708885510764, 0.41057586669921875,99.9073646584879
000155.pid, person, 21.61766520086325, -27.410774950711236, -3.059902056208197, 0.5619654655456543,-40.7500491425876
000156.pid, person, 6.4914697011311935, -14.599303404490163, -3.1690654754638676, 0.6694774031639099,176.0459133933503
000156.pid, person, 21.630514237188528, -27.436983846849014, -3.0575051999861196, 0.5989484190940857,-50.04981178984917
000156.pid, bicycle, 18.12355925820091, -25.58218840396766, -2.943329009142789, 0.363015353679657,98.4226937217986
000157.pid, person, 21.63231049922475, -27.450468498363833, -3.0774656513281036, 0.6086093187332153,-54.02755240066992
000157.pid, bicycle, 6.423069817679277, -14.746837479727619, -3.2122302736554826, 0.6154532432556152,-156.91908358380837
000158.pid, person, 21.619634971618655, -27.44944873809815, -3.06018611907959, 0.47826361656188965,-59.32918540574526
000158.pid, person, 18.3591998344244, -25.602229051811754, -3.0463513329971668, 0.4736775755882263,101.9173168203018
000158.pid, bicycle, 6.530176904466425, -14.87870046827529, -3.2498814264933262, 0.5474117398262024,13.84947433406107
000159.pid, person, 21.604396184285488, -27.445258776346847, -3.0632181117932, 0.46652352809906006,-77.2765464707281
000159.pid, bicycle, 6.537030961778438, -15.030747731526702, -3.2782966560787625, 0.7149336934089661,-150.3338792619783
000159.pid, car, 18.45331108875764, -25.603892399714546, -2.9398651184179845, 0.33797580003738403,108.64439334711841
000160.pid, person, 21.581170603914085, -27.499091346308873, -3.00911842652087, 0.49276652932167053,-84.65289327059119
000160.pid, person, 18.570933130052357, -25.50136052237617, -2.8446739713350935, 0.42880502343177795,-65.51639049016808
000160.pid, bicycle, 6.580633831024178, -15.191209983825695, -3.3112443208694464, 0.6874021887779236,-141.14823373810253
000161.pid, person, 6.705546021461494, -15.372270266215011, -3.284593323866527, 0.6921755075454712,-131.05609940878776
000161.pid, bicycle, 21.580471902523406, -27.483521551456096, -3.1030764489803673, 0.3716825842857361,84.75915128119624
000162.pid, person, 6.728299578030914, -15.545106410980233, -3.2965584397315983, 0.7078433036804199,-126.23067727757461
000162.pid, bicycle, 21.540860811869305, -27.51118028731574, -3.0701993930907476, 0.4477938413619995,79.99023374458012
000163.pid, person, 21.45905866622925, -27.488001060485846, -3.0599589705467225, 0.4752245247364044,-98.22189929832854
000163.pid, bicycle, 6.838571190834053, -15.666136026382455, -3.3068160017331443, 0.6436182856559753,-78.322723305144
000164.pid, person, 21.38793241977692, -27.501020789146427, -3.017982929944992, 0.679976224899292,-91.63677882323421
000164.pid, person, 19.067257404327396, -25.565532064437868, -2.9549159705638885, 0.5681090950965881,94.45647096262242
000164.pid, person, 6.946623888882732, -15.772236824035655, -3.3134789466857915, 0.4866667091846466,-71.85902122349296
000165.pid, person, 21.31801020845454, -27.474951033896595, -3.039313641000301, 0.720131516456604,-97.9239150417535
000165.pid, person, 7.010108384219089, -15.881472934376118, -3.3252674666318027, 0.5395034551620483,160.86014002265506
000165.pid, person, 19.20862379074097, -25.592642927169802, -3.0134174287319184, 0.5365118980407715,97.57616002988412
000165.pid, car, 21.318010208454538, -27.474951033896588, -3.039313641000301, 0.3443291187286377,-97.92391504175421
000166.pid, person, 21.248822517395023, -27.460240249633795, -3.006228084564209, 0.6946126818656921,-96.72201813992999
000166.pid, person, 7.0519527088512115, -15.972797133705832, -3.3729971972378805, 0.3377397954463959,-14.808949857263475
000166.pid, bicycle, 7.051952708851217, -15.972797133705843, -3.372997197237882, 0.3490374982357025,-14.80894985726487
000167.pid, person, 21.16425422827403, -27.45000056425731, -3.0243034412463508, 0.6941124796867371,-88.56613358744019
000167.pid, person, 20.62886581420899, -26.583787051114168, -2.9104084535078565, 0.3419840633869171,119.4479917174213
000167.pid, bicycle, 7.217937772924259, -16.12998390197755, -3.363677761771463, 0.4748561978340149,-28.167093624690914
000167.pid, car, 19.420303503672283, -25.589718659718837, -3.0473568936189017, 0.35639557242393494,88.73562450683757
000168.pid, person, 20.677015648513546, -26.663346087346316, -2.979032899512619, 0.6539738774299622,115.92440000782045
000168.pid, person, 19.562469150709074, -25.680881997813355, -3.1923137747723125, 0.4646686911582947,89.64739501223148
000168.pid, bicycle, 7.226026201248177, -16.195811653137213, -3.3465236902236937, 0.6793638467788696,-60.86912362416326
000169.pid, person, 20.48194832098289, -26.364644191304194, -3.0135515752385875, 0.5493674278259277,113.00356016205754
000169.pid, person, 7.360576959756713, -16.3229292356051, -3.2284787618196926, 0.41956958174705505,131.26139358036372
000169.pid, car, 20.412947522676912, -26.24834952721229, -3.030479977681086, 0.36531713604927063,-59.90994236975954
000170.pid, person, 20.518694438631577, -26.3439020126585, -3.130550471563188, 0.497833251953125,107.01716200500572
000170.pid, bicycle, 7.499133467674263, -16.40858761469524, -3.211774388949076, 0.6084686517715454,113.40028607782142
000171.pid, person, 7.5914136079641565, -16.473966745229877, -3.283106547135574, 0.7403466105461121,123.78524196395477
000171.pid, bicycle, 20.54679119971491, -26.54495959128103, -3.185808058707945, 0.5815877318382263,103.71082417847505
000172.pid, person, 20.58186268806458, -26.67754183496748, -3.082829977784838, 0.45239830017089844,98.98705998918425
000172.pid, bicycle, 7.694595483633197, -16.549791776216956, -3.3068029330326962, 0.48408856987953186,-50.7343012528316
000172.pid, car, 20.596357283045034, -26.54245457883741, -3.12903745448003, 0.3589102327823639,96.55607927137719
000173.pid, person, 20.5961168729342, -26.609712453988887, -3.1105439809652475, 0.4064360558986664,93.37044187481627
000173.pid, bicycle, 7.834570077749406, -16.63813385596643, -3.3137050591982335, 0.6083438992500305,125.97803699704234
000174.pid, person, 20.598029443773175, -26.673459715762384, -3.1842491505509716, 0.387936532497406,89.07710641679351
000174.pid, bicycle, 7.971080984388085, -16.721058845520027, -3.3586635078702654, 0.7198731303215027,136.50381982443253
000175.pid, bicycle, 8.161548484455464, -16.874242955988112, -3.2238884188912134, 0.5043975114822388,127.60535879118763
000176.pid, person, 8.36717855930329, -17.02968573570252, -3.0485004782676697, 0.7265951037406921,-125.35668153729594
000177.pid, person, 20.538128911232462, -26.56605350727938, -2.971528043552321, 0.38736745715141296,-101.87183837977395
000177.pid, bicycle, 8.397476269648633, -17.01605987548829, -3.32478638795706, 0.47904491424560547,136.05789500241954
000178.pid, person, 20.54783367156983, -26.454735717773442, -3.020241298675537, 0.5467485785484314,-107.69172747050513
000178.pid, bicycle, 8.588836383819588, -17.0963535308838, -3.290350008010865, 0.4881373345851898,134.41879131259304
000179.pid, bicycle, 8.747024250030524, -17.166661071777348, -3.304436993598935, 0.5141850709915161,141.882428667935
000179.pid, car, 20.67408391049034, -26.294334210847552, -3.0889817413530847, 0.35254719853401184,62.77477129723787
000180.pid, bicycle, 8.930637012828488, -17.270369963212456, -3.415449705990878, 0.65303635597229,-32.36452781905799
000180.pid, car, 20.476623864009465, -26.477427186637094, -3.025638062378456, 0.31262925267219543,-115.57098892847154
000181.pid, person, 20.52284922498338, -26.36775686385784, -2.9438858996046346, 0.4772387146949768,-119.89226245476922
000181.pid, person, 21.253622118632, -25.478721555074056, -3.1533750693003326, 0.3191240727901459,102.7963416504632
000181.pid, bicycle, 9.076924397395215, -17.374881010789146, -3.4638377152956448, 0.6413586139678955,-23.313653793405784
000181.pid, car, 20.108818792527725, -26.91228835813461, -3.0597578940852994, 0.3135167956352234,59.36782035616536
000182.pid, person, 19.8837972217136, -27.048934512668186, -3.205552571349673, 0.47915616631507874,59.0285971379651
000182.pid, person, 21.244676953270325, -25.655497187659858, -2.833007562728155, 0.46354660391807556,169.23427902857037
000182.pid, bicycle, 9.226680682255674, -17.405754969670223, -3.625963009320771, 0.4704053997993469,12.408989250969928
000183.pid, person, 19.81619815826416, -26.968994681040446, -3.2036682009696955, 0.6301639676094055,-112.76382585068336
000183.pid, person, 21.267755617414206, -25.650263541085383, -2.8593382631029405, 0.5415921807289124,150.43814066219176
000183.pid, bicycle, 9.361656275662513, -17.487728118896484, -3.4767626849087794, 0.6095619201660156,7.0703817747213575
000184.pid, person, 19.75616010030111, -26.92836095416357, -3.210306867720589, 0.7052446007728577,-112.19071557734449
000184.pid, person, 21.356100040933363, -25.588896709939714, -2.8315516813941626, 0.41990774869918823,-166.52421193572872
000184.pid, bicycle, 9.487144643610181, -17.527283235029746, -3.543316537683659, 0.6430777311325073,1.6081733642930711
000184.pid, car, 21.3277702331543, -25.40503879026933, -3.03397497805682, 0.30657246708869934,101.07322493696968
000185.pid, person, 19.650074064731598, -26.920608162879944, -3.1883898787200446, 0.6375471949577332,-116.1626095145964
000185.pid, person, 21.382674262637188, -25.582497324262352, -2.825036054565793, 0.44804027676582336,162.87182165131915
000185.pid, bicycle, 9.705236042247105, -17.60545382780188, -3.628072934992173, 0.6204687356948853,4.129262600565998
000185.pid, car, 21.409775046415106, -25.555691785590593, -2.8507189307101934, 0.3484398424625397,-172.78133093972207
000186.pid, person, 19.573146676117524, -26.9059210003547, -3.212210182873708, 0.6395629644393921,-120.94710572972912
000186.pid, person, 21.434208847755613, -25.548231391019605, -2.8848878561064253, 0.4487334191799164,160.74221337111857
000186.pid, bicycle, 9.893446445465093, -17.65417807442802, -3.4943237134388516, 0.6131184697151184,2.821555265794682
000187.pid, person, 19.485467274983723, -26.874133785565693, -3.1994144270817433, 0.671795666217804,-110.80111903484436
000187.pid, person, 21.455431772314984, -25.32827377319336, -3.0199556195217623, 0.48298338055610657,120.36663654876511
000187.pid, bicycle, 10.066801820482533, -17.72869341714042, -3.5734571048191617, 0.622441291809082,-160.1155310748412
000188.pid, person, 19.39598039218358, -26.797160863876343, -3.2275618187018797, 0.5021911859512329,-113.94627377018915
000188.pid, bicycle, 10.23420715332032, -17.79499640831581, -3.474657388833853, 0.6763612627983093,16.755237561377374
000188.pid, car, 21.45158204578218, -25.31874960944766, -3.0155076242628547, 0.3742847442626953,113.2940081367492
000189.pid, person, 19.286938760794847, -26.740318672329778, -3.2344216692681407, 0.6772512793540955,-107.59491918982354
000189.pid, person, 21.4448478894356, -25.402151645758217, -2.8259235345400295, 0.3644210696220398,165.84244326358734
000189.pid, bicycle, 10.431268513202674, -17.89040970802308, -3.6048078387975693, 0.6693845391273499,2.6126941532414465
000190.pid, person, 19.199845143726897, -26.725685289927895, -3.2018996008804868, 0.7190554141998291,-100.16141541590326
000190.pid, person, 21.501478094803662, -25.333725226552865, -2.7988778603704354, 0.40712401270866394,174.11656780992504
000190.pid, bicycle, 10.65990447998048, -18.012411435445156, -3.4437248706817627, 0.5561899542808533,178.15590113048646
000191.pid, person, 19.122770021546565, -26.6965507291398, -3.2202520640391223, 0.7571654915809631,-102.39941317546189
000191.pid, person, 21.51617549015926, -25.30337724930201, -2.8410041209978933, 0.47755441069602966,175.11303601162624
000191.pid, bicycle, 10.775993506113698, -18.132105350494395, -3.4529858231544495, 0.66106778383255,2.184886711428743
000192.pid, person, 19.03420661045955, -26.682109319246738, -3.2062083253493676, 0.7466995716094971,-98.31771126413938
000192.pid, person, 21.454101085662845, -25.28005785412259, -2.847902629110548, 0.4550516605377197,176.77073313245995
000192.pid, bicycle, 10.950015226999929, -18.25358708699545, -3.4659958283106493, 0.689899742603302,-11.099456598134388
000193.pid, person, 18.949806446931802, -26.676991832499606, -3.238253408548783, 0.6196295619010925,-98.71905783706936
000193.pid, person, 21.474512161747107, -25.2362597680861, -2.915696382522583, 0.4487638473510742,-162.8304132704965
000193.pid, bicycle, 11.140345180735876, -18.38510569404154, -3.489670893725227, 0.6944719552993774,-21.54483073283975
000193.pid, car, 18.9498064469318, -26.676991832499603, -3.2382534085487826, 0.3582730293273926,-98.71905783706907
000193.pid, motorcycle, 11.140345180735876, -18.38510569404153, -3.4896708937252257, 0.42821380496025085,-21.544830732839248
000194.pid, person, 18.809260156419544, -26.697438946476694, -3.2406806725042836, 0.5698918104171753,-101.19818488663134
000194.pid, person, 21.46653319568169, -25.188797183153113, -2.890431450634468, 0.3915385901927948,-156.5184513542027
000194.pid, bicycle, 11.316578796931681, -18.52137102399554, -3.4800353731427873, 0.5947571992874146,-19.7659070611457
000194.pid, motorcycle, 11.31657879693168, -18.52137102399554, -3.480035373142786, 0.4409874677658081,-19.765907061145487
000195.pid, person, 18.723746555607494, -26.647513226764964, -3.257085102360423, 0.7114514112472534,-103.40228141348317
000195.pid, person, 21.427513729442254, -25.16891345110807, -2.892961783842607, 0.43207141757011414,21.98400446800201
000195.pid, bicycle, 11.413797378540048, -18.679461342947832, -3.45782470703125, 0.43994587659835815,-40.25301568780234
000195.pid, motorcycle, 11.445551172892259, -18.687807337443033, -3.4580582141876213, 0.4313521087169647,-27.383848200294466
000196.pid, person, 18.633316471891586, -26.630242689600536, -3.2465013153148155, 0.6798543930053711,-104.83162350149385
000196.pid, person, 11.589021174112963, -18.82205200195313, -3.409938287734986, 0.46249914169311523,116.76724100717952
000196.pid, bicycle, 21.414563083648684, -25.14528036117554, -2.850199365615845, 0.41471895575523376,24.74907521565395
000196.pid, bicycle, 11.558894590897996, -18.81486025723544, -3.365093144503506, 0.369067907333374,-49.91129636080219
000197.pid, person, 18.54834323883057, -26.610522003173834, -3.251759576797485, 0.7385808825492859,-98.50994649392732
000197.pid, person, 21.422381746008043, -25.087689014191326, -2.8742044327106884, 0.43347567319869995,26.74772844482966
000197.pid, person, 11.717798746549173, -18.942584111140324, -3.4430862940274745, 0.3592976927757263,130.5953518370268
000197.pid, person, 21.988120974916402, -28.212267673376836, -2.841816649292454, 0.35416170954704285,-73.30681127978772
000197.pid, bicycle, 11.717798746549175, -18.942584111140334, -3.4430862940274753, 0.7053776383399963,130.59535183702758
000198.pid, person, 18.4714237035707, -26.57846974217615, -3.279564569162768, 0.6418222784996033,-102.1491292294181
000198.pid, person, 11.75883420308432, -19.016387515597884, -3.4178941249847417, 0.5290446877479553,-95.20797165298879
000198.pid, person, 21.44071813424429, -25.03793776035309, -3.020896047353744, 0.4145457148551941,157.21352705745218
000198.pid, car, 21.42797598727914, -25.06876453133517, -2.8701310379560603, 0.34669509530067444,18.309947824080897
000199.pid, person, 18.354132461547856, -26.572303390502935, -3.2760975428989956, 0.7378324866294861,-109.80422125006407
000199.pid, bicycle, 11.938735008239753, -19.254020864313304, -3.373357642780651, 0.6716637015342712,-49.91539138662401
000199.pid, car, 22.189858779907226, -29.229258346557618, -2.790748281478881, 0.33170992136001587,-73.32952397780736
000199.pid, car, 21.430231797067744, -25.050288150185036, -2.8875313934526945, 0.3297240138053894,-153.40196873190268
000200.pid, person, 18.249930267333987, -26.56205272674561, -3.2700786495208742, 0.7207696437835693,-106.12911101455418
000200.pid, person, 12.00301480293275, -19.33204245567323, -3.350325733423233, 0.6698667407035828,-111.00645414029171
000200.pid, person, 21.421803321838382, -24.980937118530274, -3.0540868902206415, 0.3493574559688568,147.7278601301945
000201.pid, person, 18.156376615483712, -26.514948865200616, -3.268528420874413, 0.772121787071228,-110.34634600365098
000201.pid, person, 12.119097073872894, -19.525132073296447, -3.32199059592353, 0.5073631405830383,-84.62270175533865
000201.pid, person, 21.410811402076902, -25.045230288838237, -2.9438187299772753, 0.3925626277923584,-148.08907630768235
000202.pid, person, 18.065337850692426, -26.504941656234422, -3.2799051112317024, 0.8026289343833923,-114.21055621744071
000202.pid, person, 12.23022296211937, -19.762867494062956, -3.372204152020542, 0.6913447976112366,-69.51975182246508
000202.pid, bicycle, 21.39437593732562, -25.036255038514433, -2.9960848117361265, 0.45099887251853943,24.362503701066736
000202.pid, car, 21.397996735154535, -24.9921204750998, -3.1064632566351635, 0.34802868962287903,174.23401939477148
000203.pid, person, 18.000379060444082, -26.45346952739515, -3.2147501958043954, 0.6969149112701416,-108.4569818152184
000203.pid, person, 21.38744670588796, -25.036324105611666, -3.046044559013553, 0.40967610478401184,-154.18794809493735
000203.pid, person, 12.283331871032722, -19.946049083362933, -3.3896853273565117, 0.34937864542007446,-72.3693800631371
000204.pid, person, 17.894786492372173, -26.459759394327804, -3.2458143417651835, 0.6818781495094299,-103.8800700018395
000204.pid, person, 12.420566705557025, -20.18678004925068, -3.3068974201495838, 0.3876757323741913,-74.32658671748729
000204.pid, person, 21.34766686929239, -25.013366699218754, -3.0985197569872884, 0.3790767788887024,-159.86563665333887
000205.pid, person, 12.457782268524179, -20.33508268992107, -3.3358110785484314, 0.6954723000526428,80.07669289679525
000205.pid, person, 17.776134437984894, -26.453148523966476, -3.293000439802806, 0.6784462332725525,-98.76932398011817
000205.pid, bicycle, 21.326416406876003, -25.024099985758465, -3.134323156796969, 0.4100719392299652,-164.90681115384209
000206.pid, person, 17.662776843921563, -26.441165717872416, -3.3270102964865194, 0.7011170983314514,-99.75987953258962
000206.pid, person, 12.570460466238178, -20.508332325862007, -3.3961544770460863, 0.683828592300415,77.52432543299471
000206.pid, bicycle, 21.254208794955552, -24.983963341548527, -3.1194525011654557, 0.4204457700252533,-159.12290096942405
000207.pid, person, 12.649658679962167, -20.668856212071017, -3.4911528485161916, 0.7725052237510681,107.44087122029859
000207.pid, person, 17.567836223504486, -26.416051620092155, -3.3541123194572253, 0.6944578886032104,-99.47377597153513
000207.pid, bicycle, 21.26029937744141, -24.957325210571295, -3.158064241409302, 0.38262253999710083,-167.07915678506774
000208.pid, person, 12.739938206142856, -20.918189472622345, -3.4543317291471696, 0.7947790026664734,111.77056280595481
000208.pid, person, 17.465979148601665, -26.41354113611682, -3.320513232000943, 0.6985581517219543,-108.9320204049674
000208.pid, bicycle, 21.30941530374381, -24.935361275306118, -3.2356631572429952, 0.3740156888961792,-172.69982471565896
000209.pid, person, 12.781320351820732, -21.03788009056679, -3.4276985755333533, 0.7430686354637146,106.72034268463717
000209.pid, person, 17.357184855143235, -26.402165412902836, -3.3283281167348227, 0.6501980423927307,-118.45595864261924
000209.pid, car, 21.31412087954008, -24.94279296581562, -3.292747378349304, 0.3689858913421631,-168.33783032928122
000210.pid, person, 12.911037921905521, -21.212194715227408, -3.366915396281651, 0.5887532234191895,145.90457462531873
000210.pid, person, 17.27491157285629, -26.36999788591939, -3.3338974983461442, 0.5628737807273865,-115.48107179967192
000211.pid, person, 13.005279159545903, -21.438847351074223, -3.478983926773071, 0.7199344038963318,118.50691937403393
000211.pid, person, 17.19120683341191, -26.349123264181205, -3.330613522694029, 0.5373126864433289,-114.29943612113561
000212.pid, person, 13.062977218627934, -21.654422887166344, -3.46610631942749, 0.7427204251289368,-46.7482902604004
000212.pid, person, 17.056301062447687, -26.33620131356376, -3.3685231208801274, 0.6630275249481201,-103.55393701135861
000213.pid, person, 16.96959628480854, -26.310804887251425, -3.361704819130175, 0.6965279579162598,-99.69918977342809
000213.pid, person, 13.169785658518476, -21.79078918033176, -3.5134954982333704, 0.4790399372577667,113.93022878045096
000214.pid, person, 16.88746688842774, -26.286827468872076, -3.327489852905274, 0.6910304427146912,-98.16897115095733
000214.pid, person, 13.236884196599329, -21.91052707036337, -3.380453626314799, 0.5321091413497925,-69.59225466381301
000215.pid, person, 16.76697410583496, -26.3123373413086, -3.393493881225586, 0.7105526924133301,-100.93348522648662
000215.pid, person, 13.348554406847281, -22.14022472926549, -3.341847130230495, 0.5254313945770264,-81.64105999729998
000216.pid, person, 16.71843264653133, -26.272022173954895, -3.3402968553396377, 0.575836181640625,-80.9923018689118
000216.pid, person, 13.389636126431562, -22.25608444213868, -3.337084921923551, 0.4618098735809326,-71.79696429840311
000217.pid, person, 13.535588741302497, -22.337400595347095, -3.3250460624694824, 0.6494973301887512,118.14274229520986
000217.pid, person, 16.57938884866649, -26.263436481870457, -3.326392519062963, 0.6198322176933289,-83.15897312544905
000217.pid, car, 16.579388848666486, -26.263436481870453, -3.326392519062962, 0.3068375885486603,-83.15897312544763
000218.pid, person, 16.490397580464684, -26.236466280619307, -3.32766706943512, 0.694608747959137,-79.60099302600207
000218.pid, person, 13.700819219861717, -22.56586701529367, -3.1583000251225064, 0.4989619255065918,-87.37377294015988
000218.pid, car, 16.49039758046468, -26.236466280619304, -3.3276670694351194, 0.35633736848831177,-79.60099302600275
000219.pid, person, 16.40056699117025, -26.22179641723633, -3.304282633463542, 0.7739001512527466,-69.66774692035881
000219.pid, person, 13.831256612141933, -22.62260462443034, -3.242436329523722, 0.6609264612197876,-66.76167578986903
000220.pid, person, 16.331984329223637, -26.18821468353272, -3.307129645347595, 0.7161785364151001,-87.58049611817873
000220.pid, person, 13.960172092213355, -22.789945826810957, -3.278642542221967, 0.6685342788696289,-110.83901877552935
000220.pid, car, 13.974841753641769, -22.814447508917915, -3.3062767982482906, 0.3462862968444824,-67.13489370556675
000221.pid, person, 16.202773502894814, -26.200971785045812, -3.2602886585962203, 0.7625875473022461,-97.96771446939601
000221.pid, person, 14.112930679321293, -22.906525421142582, -3.3124441623687746, 0.757054328918457,-80.12735273038368
000221.pid, car, 16.20277350289481, -26.200971785045805, -3.26028865859622, 0.3300418257713318,-97.96771446939425
000221.pid, car, 14.151725039762612, -22.910311418421127, -3.308285082087796, 0.32261720299720764,-22.054732650463755
000222.pid, person, 14.224686559041348, -23.054623921712246, -3.2944968541463218, 0.7949236035346985,-49.51483380587635
000222.pid, person, 16.096624474776423, -26.154001637508998, -3.2523203147085087, 0.7696740031242371,-103.25192594157392
000223.pid, person, 15.978091506958013, -26.125395278930668, -3.376607570648194, 0.6577946543693542,-100.67594262923456
000223.pid, person, 14.343440504635085, -23.197004767025227, -3.3309988695032455, 0.5930750966072083,136.04229698939426
000224.pid, person, 15.862757921218877, -26.09631745020549, -3.306914299726486, 0.7828296422958374,-89.00388939679405
000224.pid, person, 14.54305744171143, -23.309189751034694, -3.278808434804281, 0.7470551133155823,138.64380965596462
000224.pid, person, 15.708310500435212, -25.653441304745883, -3.3451099292091695, 0.6034039855003357,110.12225544689004
000224.pid, car, 14.507443692949087, -23.328011088901096, -3.3246425655153047, 0.4031405448913574,128.96560295682463
000225.pid, person, 15.762395051809461, -26.05282651461088, -3.3060623223964987, 0.7964988350868225,-107.92446057946182
000225.pid, person, 14.661390622456874, -23.427579516456245, -3.2971333889734176, 0.7088008522987366,107.74419480194754
000225.pid, person, 15.413217544555664, -25.204128406665944, -3.303853891513965, 0.6028229594230652,111.70432151622605
000225.pid, bicycle, 14.539864540100108, -23.436304909842363, -3.58136429105486, 0.48059022426605225,124.63053629463862
000226.pid, person, 15.704408121109017, -25.96357908248902, -3.266491174697876, 0.7335894107818604,100.41570191703413
000226.pid, person, 15.338294613745907, -24.985802250523722, -3.295013097024732, 0.5657225251197815,109.60806666496032
000226.pid, car, 21.508316413215972, -24.827892676643707, -3.312819745229638, 0.3359600007534027,117.51337294626549
000226.pid, motorcycle, 14.809039735794073, -23.533493995666507, -3.3016186118125916, 0.6013710498809814,-59.39019441114622
000227.pid, person, 15.325308469625623, -25.006023260263298, -3.3069741909320527, 0.6493257880210876,106.36879930671942
000227.pid, person, 14.937844647301574, -23.600274827745228, -3.2872939109802246, 0.6417267918586731,-56.7207488640344
000227.pid, person, 15.606461468864897, -25.820299036362595, -3.3106256933773266, 0.6287992596626282,96.3082932607513
000228.pid, person, 15.330511675940626, -24.93076144324409, -3.190664450327555, 0.6493668556213379,-76.81777683266708
000228.pid, person, 14.974631786346444, -23.634609460830696, -3.34423691034317, 0.4218049943447113,-106.36301639719662
000228.pid, bicycle, 15.256544916253343, -24.807198976215563, -3.2242966953076806, 0.5869023203849792,-73.97891910194986
000229.pid, person, 15.345577074133837, -25.082632894101355, -3.190436249193938, 0.7237240076065063,92.5333006296054
000229.pid, bicycle, 15.318311843872074, -24.97137336730957, -3.220769567489623, 0.6116941571235657,93.86492781941296
000230.pid, person, 15.378302120027094, -24.9827812739781, -3.186083498455229, 0.7379170060157776,86.22444356558645
000230.pid, bicycle, 15.37830212002709, -24.982781273978098, -3.1860834984552278, 0.6253167390823364,86.22444356558638
000230.pid, car, 21.32141243465363, -24.682731991722473, -2.9148496256934266, 0.3034493029117584,111.04265089377371
000231.pid, person, 15.503375609715782, -24.858371522691517, -3.2862872547573514, 0.6793909072875977,-94.9602705778509
000231.pid, bicycle, 15.503375609715782, -24.858371522691513, -3.2862872547573505, 0.5690295100212097,-94.9602705778509
000232.pid, person, 15.613253320966452, -24.62795060021537, -3.1705401710101535, 0.45993393659591675,-108.03019151169372
000232.pid, bicycle, 15.613253320966452, -24.627950600215367, -3.1705401710101526, 0.49288657307624817,-108.03019151169389
000233.pid, person, 15.707277994889482, -24.661969551673305, -3.163029661545387, 0.5085248947143555,-119.06861201977611
000233.pid, bicycle, 15.707277994889482, -24.661969551673305, -3.1630296615453863, 0.40484651923179626,-119.06861201977625
000234.pid, bicycle, 15.631657409667971, -24.895453166961673, -3.1087958335876453, 0.5731978416442871,-128.67596298955598
000235.pid, bicycle, 15.777151536941531, -24.934177207946778, -3.165724849700927, 0.6464732885360718,-138.88617722565527
000236.pid, person, 15.372394652593709, -25.147577104114355, -3.1844274202982583, 0.5280467867851257,33.26275337496811
000236.pid, bicycle, 15.809683276760964, -24.967992167319025, -3.2280328889046936, 0.661723792552948,-144.6806431988967
000237.pid, person, 14.667975425720222, -25.500491937001552, -3.111492375532786, 0.77558833360672,-138.97359489046272
000237.pid, bicycle, 16.767283512995796, -24.581215198223408, -3.243571336452776, 0.5875479578971863,-36.09140592803421
000237.pid, motorcycle, 16.710175287155884, -24.598798116048183, -3.2894999299730574, 0.5545087456703186,-55.150371382824794
000238.pid, person, 14.603760560353606, -25.455879052480068, -3.1151437163352966, 0.761709988117218,-137.57514637069156
000238.pid, person, 16.698712031046558, -24.608091990153003, -3.2557833194732666, 0.4138237535953522,-79.97783199152067
000238.pid, bicycle, 17.051220512390138, -24.63983211517334, -3.268632352352141, 0.5725568532943726,140.518483588643
000239.pid, person, 14.510964155197152, -25.40593755245209, -3.126210078597069, 0.7821922898292542,-142.19630385321972
000239.pid, person, 17.059958678025474, -24.641716296856224, -3.2216375240912805, 0.6311042904853821,-77.58891593864371
000239.pid, bicycle, 17.20891888936361, -24.65247578091092, -3.221001942952473, 0.5678855180740356,-45.90709307845328
000240.pid, person, 14.450622749328621, -25.338533910115565, -3.135067510604858, 0.832486629486084,-138.83739235396635
000240.pid, person, 17.23437829451128, -24.62730373035778, -3.3084228472276167, 0.8132525086402893,-71.33872922423919
000240.pid, bicycle, 17.484951019287113, -24.635194998521072, -3.1990907559028035, 0.49857616424560547,143.8246374003751
000241.pid, person, 14.36377736500332, -25.28375298636301, -3.1430794852120543, 0.8016417622566223,-149.84225830259413
000241.pid, person, 17.515242632697614, -24.661549399880805, -3.3156808264115276, 0.7481157779693604,89.12913097749806
000241.pid, car, 21.731056012605368, -24.801163773787653, -2.6530161970540096, 0.36401715874671936,-78.19545731878713
000241.pid, car, 17.71004429569951, -24.643783145480686, -3.243303872920848, 0.33610716462135315,160.05012592062477
000242.pid, person, 14.32616179330009, -25.228653907775882, -3.14926769052233, 0.8456111550331116,-145.9552131967983
000242.pid, person, 17.651896317799892, -24.629134654998783, -3.230259438355764, 0.813866376876831,76.49063172845236
000242.pid, person, 21.816919576926313, -24.732581967213118, -2.748040379070845, 0.5619418621063232,-85.1897121494888
000242.pid, bicycle, 17.84360202153524, -24.57914392153422, -3.1888358592987056, 0.3508681654930115,-98.52486896289207
000243.pid, person, 14.331569064747212, -25.15432739257813, -3.158499197526412, 0.8617137670516968,-136.624433515024
000243.pid, person, 17.885301017761243, -24.540495109558115, -3.214368724822998, 0.8144499659538269,84.15300305980979
000243.pid, bicycle, 18.127745946248375, -24.515826896384915, -3.2785925511960623, 0.429423063993454,-107.49792202006617
000243.pid, motorcycle, 21.881274945027123, -24.668236397408155, -2.65167239872185, 0.47520750761032104,-86.46108153822857
000244.pid, person, 14.280555898492997, -25.070178118619058, -3.163884227926081, 0.7646757960319519,-143.48385447736732
000244.pid, person, 18.09480452537537, -24.514411330223087, -3.2652861773967743, 0.3946133553981781,84.23079593270923
000244.pid, bicycle, 18.34772922374584, -24.470507515801323, -3.2529128215931076, 0.5221284031867981,178.13109337395912
000245.pid, person, 14.254706001281743, -24.995667457580574, -3.1830070972442632, 0.6777547001838684,-121.5957097350084
000245.pid, car, 18.57740960802351, -24.37694699423654, -3.2127488454182944, 0.37244758009910583,151.69687365694026
000245.pid, motorcycle, 18.57740960802351, -24.376946994236537, -3.2127488454182935, 0.32641735672950745,151.69687365693406
000246.pid, person, 14.23407256603242, -24.90805935859681, -3.199992567300797, 0.741371750831604,-119.61731850139992
000246.pid, person, 18.543807029724128, -24.314445114135744, -3.219632625579834, 0.4355003535747528,76.05361111195667
000247.pid, person, 18.768740063621888, -24.250499816167924, -3.2203329631260464, 0.5599805116653442,75.01579631211746
000247.pid, person, 14.233416716257741, -24.782654444376636, -3.1963473558425903, 0.5037854313850403,-114.87451723659987
000247.pid, motorcycle, 18.955334745134625, -24.164758464268274, -3.1224720409938254, 0.3902045488357544,-129.3738288596662
000248.pid, person, 14.159093720572345, -24.651813779558463, -3.2383500167301724, 0.6231462359428406,-108.45100944107176
000248.pid, bicycle, 19.12936160143684, -24.103816986083984, -3.1158179675831508, 0.4944190979003906,-138.05240976758722
000248.pid, motorcycle, 19.121727861676902, -24.097438430786138, -3.1193362236022955, 0.47127094864845276,-122.3039062794607
000249.pid, person, 18.967336972554534, -24.07755756378175, -3.392538825670879, 0.35111865401268005,72.53354808523726
000249.pid, bicycle, 19.335963347862506, -23.988562682579303, -3.0860840452128437, 0.5175226926803589,-130.8337421816519
000250.pid, person, 22.247813606262213, -24.42901603698731, -2.3702652883529667, 0.34264907240867615,106.55784285064726
000250.pid, bicycle, 19.58150740230785, -23.847897922291477, -3.0157989684273208, 0.5315715074539185,65.31405511257108
000250.pid, motorcycle, 19.58150740230785, -23.84789792229148, -3.0157989684273216, 0.38762378692626953,65.31405511257128
000251.pid, bicycle, 19.81596706531666, -23.69769053988987, -2.9139206144544803, 0.5210940837860107,69.97788726865701
000252.pid, bicycle, 20.04090666001843, -23.53404346589119, -2.912872152943764, 0.5945706963539124,64.03662460850788
000252.pid, motorcycle, 20.03000729878744, -23.542971229553228, -2.909976609547933, 0.7211968302726746,75.60980538454226
000253.pid, person, 19.90856399536134, -23.48481559753419, -3.255725049972535, 0.7354453206062317,-75.54794708192875
000253.pid, bicycle, 20.22890595027379, -23.390535627092635, -2.9226880499294823, 0.42811349034309387,-124.03719978896495
000253.pid, car, 22.52146680893437, -24.176215940906157, -2.4266731200679654, 0.3121185302734375,-58.3475314566352
000254.pid, person, 22.66567899469744, -24.258843873676504, -2.508399582745736, 0.46582600474357605,134.84020127641975
000254.pid, car, 20.50820775465532, -23.20457302440297, -2.90659568526528, 0.33688583970069885,-123.95762400999294
000255.pid, person, 20.366158008575447, -23.12339639663697, -3.3191516995429993, 0.7660825848579407,-133.0202892583195
000255.pid, bicycle, 21.920475419362386, -23.73651107152303, -2.626181610425313, 0.5535967350006104,148.55365519737956
000255.pid, car, 22.681787781796217, -24.136241557234428, -2.4989573187747243, 0.3114369213581085,-51.018668780478905
000256.pid, car, 22.709924144129598, -24.10135139957551, -2.4088860827107585, 0.3226092457771301,-44.49133910039797
000256.pid, motorcycle, 20.92175161838532, -22.924322903156284, -2.9481956511735916, 0.42950180172920227,-121.30954316677432
000257.pid, person, 22.7873013605837, -24.012759943477445, -2.4556211956211773, 0.3799956738948822,-28.054516587303475
000257.pid, bicycle, 21.23154369477303, -22.831200322797223, -3.034682366155808, 0.5036361217498779,175.3768802675041
000257.pid, car, 22.588331906300674, -23.89028261292656, -2.497370881854364, 0.3088453412055969,135.29886143886736
000257.pid, motorcycle, 21.143752574920658, -22.79376167058945, -3.012326791882515, 0.5005204677581787,-118.39456079272475
000258.pid, person, 13.498172402381908, -23.66044998168946, -3.224361062049866, 0.8351801037788391,-164.75901178955124
000258.pid, person, 22.74394897314219, -23.894193392533527, -2.4057891002068152, 0.3684079647064209,133.84769297255502
000258.pid, bicycle, 21.411334486568677, -22.68434827467975, -3.0039290189743046, 0.6050547361373901,74.68615378345807
000258.pid, bicycle, 21.83179098017076, -23.16786053601433, -2.7393164213965915, 0.5088824033737183,-43.520835612680145
000258.pid, car, 22.911762097302606, -23.950716860154095, -2.4427191334612224, 0.30293554067611694,-33.40908859006114
000259.pid, person, 13.547165473302215, -23.63895495732626, -3.1786389549573264, 0.6778302192687988,-6.156649478362647
000259.pid, person, 22.682396645639457, -23.653701221241676, -2.4835712909698486, 0.3846880793571472,127.34094608563464
000259.pid, bicycle, 21.58913870115538, -22.58835725526552, -2.989448695569425, 0.46438202261924744,75.02752836540684
000259.pid, bicycle, 21.923846447106566, -22.976350842100203, -2.9205409180034283, 0.41825610399246216,-48.84602158846508
000260.pid, person, 13.519244807107112, -23.519970076424737, -3.234564968517849, 0.8066489696502686,0.8847341853285258
000260.pid, person, 22.87599495221984, -23.744568986712768, -2.3812320097437443, 0.37161538004875183,120.25781617328175
000260.pid, bicycle, 21.807952584160702, -22.495390997992622, -3.0410257233513724, 0.5299191474914551,68.80842433609436
000260.pid, bicycle, 22.256264759944038, -23.138021762554462, -2.6967675074552875, 0.45958733558654785,-53.21970828172937
000261.pid, person, 13.452026639665885, -23.435118947710315, -3.2369371312005177, 0.858462393283844,-168.51949304464512
000261.pid, person, 22.953307095695948, -23.711481730143234, -2.3772639854281556, 0.5757582187652588,115.30998027668434
000261.pid, bicycle, 21.998932618361255, -22.32839383834448, -3.03106959660848, 0.7205121517181396,64.60727978416503
000261.pid, bicycle, 22.16306931631906, -22.704488481794083, -2.9406174137478778, 0.39743873476982117,-62.418235146755144
000262.pid, person, 13.417491179246177, -23.391107705923233, -3.2554260033827567, 0.8479081392288208,-173.05450460050258
000262.pid, person, 21.942647640521713, -22.294283500084514, -3.265870937934289, 0.7001108527183533,133.8810739898237
000262.pid, car, 22.493682752336774, -22.869086510794503, -2.736728041512625, 0.37740641832351685,-62.99032023560688
000262.pid, car, 22.87804955449598, -23.345386735324205, -2.54113913815597, 0.35150495171546936,115.31900331800927
