000024.pid, bicycle, 10.780702045985638, -2.950260537011281, -3.231294666017804, 0.6302882432937622,-58.62125089631977
000025.pid, bicycle, 10.809139823913577, -2.970099655787152, -3.219272454579671, 0.6332631707191467,-62.44421945936383
000026.pid, bicycle, 10.797202990605284, -2.9264548191657456, -3.2053739290971013, 0.6374768018722534,-55.18847009348948
000027.pid, bicycle, 10.797315870012559, -2.8870245388576024, -3.2918442317417678, 0.6285086274147034,92.69407058222647
000028.pid, bicycle, 10.778583272298182, -2.9724223772684732, -3.229178444544474, 0.5993862152099609,-51.124889095861114
000029.pid, bicycle, 10.802625656127935, -2.959603230158491, -3.236925363540648, 0.6022034287452698,-68.87179653210598
000030.pid, bicycle, 10.798777360182548, -2.951965295351471, -3.2051792878371015, 0.5794112086296082,-65.33619861574235
000031.pid, bicycle, 10.798768679300945, -2.9331766287485777, -3.2177980581919345, 0.5924071073532104,-58.89413094495324
000032.pid, bicycle, 10.773129871913367, -2.976862600871498, -3.2361816849027356, 0.6080045104026794,-50.167275833976014
000033.pid, bicycle, 10.800676822662359, -2.9002710155078364, -3.293136511530194, 0.6221275925636292,94.12724847606059
000034.pid, bicycle, 10.805545220008268, -2.8094498469279383, -3.4214980052067676, 0.6176164746284485,89.48165328598998
000035.pid, bicycle, 10.809816741943365, -2.9367061932881673, -3.2156172752380363, 0.6194607019424438,-54.69001566565755
000036.pid, bicycle, 10.770178222656254, -2.958467594782514, -3.2292302131652817, 0.6119904518127441,-44.34904409947943
000037.pid, bicycle, 10.811603472783018, -2.813460423396187, -3.421546825995811, 0.60926353931427,88.80624973486589
000038.pid, bicycle, 10.80774674048791, -2.935218902734611, -3.182918420204748, 0.6147147417068481,-51.21559747926862
000039.pid, bicycle, 10.808195114135744, -2.8866515251306355, -3.308417521990262, 0.6151705980300903,90.55550198154532
000040.pid, bicycle, 10.80426582923303, -2.9649485991551314, -3.2061887337611266, 0.6275431513786316,-61.43569242238231
000041.pid, bicycle, 10.790992810175974, -2.8734922042259816, -3.3035657589252168, 0.6089094281196594,91.25423394179761
000042.pid, bicycle, 10.808173247746065, -2.9620678935732223, -3.2019178356443123, 0.6093347072601318,-62.95913324922878
000043.pid, bicycle, 10.803399835314073, -2.817765874522074, -3.3967287370136803, 0.6178979277610779,88.8490252168733
000044.pid, bicycle, 10.795139821370446, -2.9761738618214943, -3.2473717212676996, 0.5807997584342957,-59.75122864666606
000045.pid, bicycle, 10.775694847106937, -2.970387299855548, -3.228837045033772, 0.5998988151550293,-50.43164768928369
000046.pid, bicycle, 10.803714942932132, -2.876732218265532, -3.358041024208068, 0.6142934560775757,91.30639673574775
000047.pid, bicycle, 10.806610924857008, -2.933811443192618, -3.2205113853727063, 0.6017798185348511,-53.96806313760482
000048.pid, bicycle, 10.805230890001573, -2.908282160758973, -3.2941960947854168, 0.6146657466888428,93.6836909897921
000049.pid, bicycle, 10.806098597390317, -2.9570644412721925, -3.2012776647295262, 0.5957215428352356,-63.98351762050469
000050.pid, bicycle, 10.7860496384757, -2.950486660003665, -3.210018856184823, 0.6332226991653442,-57.50832295498099
000051.pid, bicycle, 10.798070635114405, -2.825160699231294, -3.400520256587435, 0.5994328856468201,89.76202030253228
000052.pid, bicycle, 10.785858631134039, -2.970813254515329, -3.1934241652488704, 0.6488507986068726,-61.54358892571609
000053.pid, bicycle, 10.791007702167224, -2.8787136811476497, -3.304201933053823, 0.6221507787704468,91.17748652618309
000054.pid, bicycle, 10.747655042012534, -2.9484941164652496, -3.236569929122924, 0.6474789381027222,149.9160183983587
000055.pid, bicycle, 10.797268500694868, -2.8932700157165536, -3.3033039386455822, 0.6504095792770386,92.99487871774198
000056.pid, bicycle, 10.805778249104824, -2.8219043175379466, -3.379587952295938, 0.5989572405815125,89.0577424109861
000057.pid, bicycle, 10.801901117960618, -2.959307543436689, -3.2377677122751862, 0.6184215545654297,-68.4609746550216
000058.pid, bicycle, 10.761488735675814, -2.978085190057757, -3.247756972908973, 0.6115053296089172,-54.01424810805612
000059.pid, bicycle, 10.796497491689832, -2.893558502197268, -3.3028917129223156, 0.6411305069923401,92.42960947088969
000060.pid, bicycle, 10.796311787196572, -2.8860319001334065, -3.2940634659358423, 0.5771883726119995,91.96841852624172
000061.pid, bicycle, 10.799345623363154, -2.994611783461136, -3.2050303762609302, 0.5824858546257019,-62.37956888804842
000062.pid, bicycle, 10.782295290629074, -2.9497867425282824, -3.22579321861267, 0.5947861671447754,-56.563760610208504
000063.pid, bicycle, 10.803288332621262, -2.819909898440047, -3.3811321417490627, 0.622026801109314,89.84733335919223
000064.pid, bicycle, 10.778321412893446, -2.944147403423604, -3.212908873191246, 0.5816677212715149,-55.92101284572091
000065.pid, bicycle, 10.789443122016065, -2.9626466698116727, -3.192372375064425, 0.6147534251213074,-58.37491266606602
000066.pid, bicycle, 10.796423618610095, -2.886866597028878, -3.3049763165987445, 0.6225443482398987,90.87269912947735
000067.pid, bicycle, 10.810569469745348, -2.9425387382507315, -3.1847102825458227, 0.6232116222381592,-56.19306389201182
000068.pid, bicycle, 10.780883652823317, -2.97120577948434, -3.239024673189435, 0.5581672191619873,-46.25787470568921
000069.pid, bicycle, 10.793819941007175, -2.803974490899307, -3.4176089213444625, 0.5994682312011719,89.29525787693242
000070.pid, bicycle, 10.79531548817953, -2.9756527423858654, -3.2243950684865306, 0.6152491569519043,-59.378169720913185
000071.pid, bicycle, 10.800263132367819, -2.8918310744421833, -3.292147942951747, 0.6180753707885742,92.7361659413052
000072.pid, bicycle, 10.762741327285772, -2.9824900776147842, -3.2487260550260535, 0.6340291500091553,-55.88298931378555
000073.pid, bicycle, 10.789699554443365, -2.945268920489721, -3.225484899112156, 0.612403154373169,-57.30139998662005
000074.pid, bicycle, 10.805892944335943, -2.817014726003014, -3.380247243245442, 0.6158420443534851,88.90004202652305
000075.pid, bicycle, 10.810153075626923, -2.9689411095210483, -3.204090595245361, 0.6094167828559875,-62.72938364977271
000076.pid, bicycle, 10.804823194231307, -2.9273239203861783, -3.219615527561732, 0.5998510122299194,-54.688765020070804
000077.pid, bicycle, 10.815593459389433, -2.9936517802151794, -3.2066300999034514, 0.6065728664398193,-67.54214041254218
000078.pid, bicycle, 10.800658634730754, -2.8895736507007075, -3.29292561326708, 0.6035465002059937,91.67834618276548
000079.pid, bicycle, 10.780300873976492, -2.949576286169201, -3.214790454277625, 0.6190870404243469,-60.922572526561815
000080.pid, bicycle, 10.8087101663862, -2.9698381423950226, -3.2026308264051155, 0.6257747411727905,-61.31463034530362
000081.pid, bicycle, 10.817601790794964, -2.971731369311993, -3.2118199972005987, 0.6341655850410461,-66.14619838984183
000082.pid, bicycle, 10.784978787104293, -2.8534424901008655, -3.2911604245503736, 0.6123642325401306,91.62263113085004
000083.pid, bicycle, 10.805741500854499, -2.8254767576853492, -3.3807100772857654, 0.612978994846344,89.89865602294668
000084.pid, bicycle, 10.768503042367794, -2.9405894829676735, -3.1961334852071897, 0.6358715295791626,-63.49172542791734
000085.pid, bicycle, 10.78323793411255, -2.7651541630427032, -3.3957014481226597, 0.6445952653884888,89.02595107290713
000086.pid, bicycle, 10.80686532534086, -2.966061206964345, -3.206835013169508, 0.6530328989028931,-61.80338153680287
000087.pid, bicycle, 10.795055866241459, -2.99408485208239, -3.2327196938650937, 0.6615229249000549,-58.46855380439387
000088.pid, bicycle, 10.802463595072433, -2.8220266660054554, -3.381276750564574, 0.6259270310401917,89.84577850248606
000089.pid, bicycle, 10.79853994196112, -2.927624008872296, -3.188104239377108, 0.6519888043403625,-48.39087923123444
000090.pid, bicycle, 10.815823408273552, -2.8227687157117414, -3.4241208846752453, 0.6695160269737244,89.28188755585377
000091.pid, bicycle, 10.786820956638886, -2.971606765474597, -3.2294092518942685, 0.6073254942893982,-61.27548487481443
000092.pid, bicycle, 10.809171063559399, -2.9728183746337913, -3.2039993490491585, 0.579792857170105,-61.97353198661151
000093.pid, bicycle, 10.805929581324266, -2.993784666061405, -3.242675960063934, 0.6162492036819458,-63.100673323090085
000094.pid, bicycle, 10.796165466308597, -2.8844813363892703, -3.2927771125520975, 0.648023784160614,91.37490845545791
000095.pid, bicycle, 10.77655925750733, -2.97206471761068, -3.2305723826090484, 0.6279727220535278,-43.03620115934429
000096.pid, person, -0.820208890570529, -15.068798912896053, -3.552918116251626, 0.31415778398513794,-31.927739840041674
000096.pid, bicycle, 10.803713480631517, -2.883014023303989, -3.3210087021191903, 0.6264117360115051,91.57684264118187
000097.pid, bicycle, 10.81216401320238, -2.959630544369037, -3.2081080583425665, 0.620900571346283,-63.75906259136068
000098.pid, bicycle, 10.800986735026045, -2.954604625701906, -3.2424262841542557, 0.6106004118919373,-65.27152486030079
000099.pid, person, -0.8155972626474123, -15.05076969994439, -3.54909406767951, 0.42837056517601013,-33.93705014687759
000099.pid, bicycle, 10.791952212651575, -2.8374013006687178, -3.2888423999150587, 0.6509903073310852,91.82970209694474
000100.pid, person, -0.7344832926988507, -15.076146030426026, -3.4990598440170273, 0.4321906864643097,-36.78924236335848
000100.pid, bicycle, 10.8090820993696, -2.9601216316223167, -3.2017414569854727, 0.6412690281867981,-63.23816553763026
000101.pid, person, -0.7825320528613103, -15.031192673577209, -3.5445945262908927, 0.4070050120353699,-33.870795975994035
000101.pid, bicycle, 10.80089861551921, -2.9325158913930287, -3.218519306182861, 0.6425080299377441,-60.14080291275811
000102.pid, person, -0.6712167428599395, -15.046322504679361, -3.2776957352956124, 0.41526293754577637,-41.225261251486124
000102.pid, bicycle, 10.807222230093823, -2.9703914948872168, -3.223366260528564, 0.6314589381217957,-62.48835568639661
000103.pid, person, -0.7254065759479951, -14.975411415100098, -3.44670283794403, 0.38788071274757385,-40.21938864744969
000103.pid, bicycle, 10.796469347817562, -2.8852768455232902, -3.2933491979326504, 0.645601212978363,91.77579725595453
000104.pid, bicycle, 10.782841546194899, -2.9396796567099437, -3.20872173990522, 0.6355709433555603,-61.86426096813147
000105.pid, bicycle, 10.802270375765291, -2.963663339614869, -3.206076328571025, 0.6220672726631165,-61.572377835383556
000106.pid, bicycle, 10.80921202439529, -2.9019769888657825, -3.305924892425536, 0.6072394847869873,93.52136992832953
000107.pid, bicycle, 10.796696117946084, -2.878310910293034, -3.29237995828901, 0.6327738165855408,91.02010627945124
000108.pid, bicycle, 10.766791275569375, -2.9970484461103206, -3.2674270357404427, 0.5666033029556274,-56.541871018019435
000109.pid, bicycle, 10.815057927911935, -2.9130820794539045, -3.340945915742353, 0.5886807441711426,91.67727752669381
000110.pid, bicycle, 10.801563336299019, -2.8834528006040165, -3.307476630577673, 0.6125085353851318,91.66483571624688
000111.pid, bicycle, 10.791894325843227, -2.9678402313819308, -3.1901913239405695, 0.6051064729690552,-62.29912461682034
000112.pid, bicycle, 10.815018947307887, -2.823766341576214, -3.423524654828584, 0.611510157585144,89.19794790939221
000113.pid, bicycle, 10.756320571899417, -2.9799208164215125, -3.2536135991414383, 0.6397841572761536,-55.43125284388842
000114.pid, bicycle, 10.795267718178891, -2.8100186160632554, -3.3966669184820986, 0.6707130670547485,89.71223390238723
000115.pid, bicycle, 10.784033026014061, -2.948125651904518, -3.2092574834823604, 0.5862073302268982,-57.86734618229689
000116.pid, bicycle, 10.811148936931907, -2.8975470157770022, -3.308549550863412, 0.6237442493438721,92.51474721617147
000117.pid, bicycle, 10.810345904032394, -2.9394087314605724, -3.2163303534189853, 0.683035135269165,-54.352695243132736
000118.pid, bicycle, 10.79667421487662, -2.9020747129733824, -3.3045014784886275, 0.647364616394043,92.82678678407677
000119.pid, bicycle, 10.755522092183435, -2.9518489042917895, -3.234360074996948, 0.6727441549301147,-67.98169249776524
000120.pid, bicycle, 10.806439971923833, -2.8191923936208148, -3.379929876327514, 0.6356194615364075,89.26207246865184
000121.pid, bicycle, 10.80997616904123, -2.9673471110207714, -3.202831251280647, 0.6472516655921936,-61.3423788854414
000122.pid, bicycle, 10.791875918706262, -2.962006648381552, -3.2533453106880184, 0.6062760949134827,-63.552218641126025
000123.pid, bicycle, 10.797384262084966, -2.8241716453007277, -3.4000170401164453, 0.5953014492988586,89.69535694598807
000124.pid, bicycle, 10.808437551770895, -2.964839288166592, -3.20249239036015, 0.670663058757782,-62.07409573954296
000125.pid, bicycle, 10.804503822326662, -2.9629202047983814, -3.2374007383982337, 0.6515554189682007,-68.54198535364287
000126.pid, bicycle, 10.84056606292725, -2.9786520719528182, -3.2091805219650262, 0.6693946123123169,-53.050380457234304
000127.pid, bicycle, 10.792651108333049, -2.8130378212247584, -3.398279735020228, 0.6500517129898071,89.53870327422413
000128.pid, bicycle, 10.810600008283348, -2.9672748361315078, -3.2227520431791024, 0.6282098293304443,-69.52907499207785
000129.pid, bicycle, 10.795785170335039, -2.9267967664278483, -3.206125112680288, 0.6464993357658386,-55.79174107322346
000130.pid, bicycle, 10.775248380807735, -2.9394602775573775, -3.2131919494042025, 0.6289727091789246,-60.23597016366738
000131.pid, bicycle, 10.803061705369222, -2.959863094183118, -3.205885923825776, 0.6184731125831604,-62.339455901500266
000132.pid, bicycle, 10.807276789347334, -2.824834354718528, -3.37992836634318, 0.637564480304718,89.60120956185038
000133.pid, bicycle, 10.802589225769047, -2.9536778926849365, -3.2414604187011715, 0.6433599591255188,-66.24334102575796
000134.pid, person, -0.6576304007321521, -15.024222493171695, -3.456912040710447, 0.32846003770828247,-36.473194803350154
000134.pid, bicycle, 10.773664406367715, -2.9409221410751343, -3.2110028948102673, 0.6455492377281189,-63.25363399375468
000135.pid, person, -0.5981792509555748, -15.064183023240831, -3.4144690301683207, 0.3634273409843445,-35.993717662707795
000135.pid, bicycle, 10.793954555804918, -2.8881481244013902, -3.3027270023639375, 0.6179831624031067,92.16837196108551
000136.pid, bicycle, 10.75726795196534, -3.001382668813068, -3.211294995413885, 0.6122728586196899,-62.12657698353869
000137.pid, bicycle, 10.803164291381842, -2.8248623927434293, -3.3815314928690583, 0.6545548439025879,89.8759481877575
000138.pid, person, 28.612114588419598, -46.5143788655599, -1.2079871098200472, 0.36562579870224,-66.04795967453128
000138.pid, bicycle, 10.775272516103895, -2.941057645357572, -3.213076224693885, 0.6217595338821411,-60.12154887864619
000139.pid, bicycle, 10.799938814980647, -2.8214750460215976, -3.3995964016233167, 0.6255111694335938,89.88443468374443
000140.pid, bicycle, 10.761316239833835, -2.9805400520563134, -3.248117268085479, 0.6212406754493713,-55.772870418313985
000141.pid, bicycle, 10.797226826349897, -2.8935276170571647, -3.320807635784149, 0.6548671126365662,91.14313750719145
000142.pid, bicycle, 10.813716448270364, -2.971481286562406, -3.2094216896937433, 0.6107840538024902,-62.15425603346771
000143.pid, bicycle, 10.815632070813864, -2.9761313029697996, -3.2465012584413793, 0.6395648717880249,-70.96673972546387
000144.pid, bicycle, 10.80608347484044, -2.959971683365956, -3.2026197399411873, 0.6442277431488037,-64.42558049720631
000145.pid, bicycle, 10.77494181119479, -2.9443192115196815, -3.2132331041189337, 0.6355811953544617,-60.1003834909833
000146.pid, bicycle, 10.787676811218265, -2.890134004446182, -3.306496198360736, 0.5956273078918457,91.8769984831439
000147.pid, bicycle, 10.808034692491807, -2.969607949256897, -3.203829850469316, 0.6383752822875977,-62.23513025946212
000148.pid, person, -0.6303132176399173, -15.029469013214115, -3.4565090239047986, 0.34721875190734863,-38.13242060149418
000148.pid, bicycle, 10.802618173452528, -2.9293554012592042, -3.2254132674290577, 0.623521625995636,-53.831076187712334
000149.pid, bicycle, 10.810225146157407, -2.971995030130663, -3.203285285404749, 0.6130782961845398,-61.56746261738281
000150.pid, person, -0.6516085068384777, -15.00982030232748, -3.535979774263169, 0.3118913769721985,-36.96498334759863
000150.pid, bicycle, 10.80014916828701, -2.891119292804174, -3.2910900797162728, 0.6187862753868103,91.38486299685458
000151.pid, person, -0.6126976594328823, -15.038703727722169, -3.368434858322143, 0.34585756063461304,-38.50341519323945
000151.pid, bicycle, 10.797296230609605, -2.9300139133746796, -3.206010066545926, 0.6080189347267151,-54.609468992748404
000152.pid, bicycle, 10.792351341247562, -2.977244663238529, -3.2248196601867667, 0.5995646715164185,-60.264833799683565
000153.pid, bicycle, 10.780972417195642, -2.972200473149621, -3.2288104693094883, 0.6052432060241699,-53.76334671129659
000154.pid, bicycle, 10.805633544921879, -2.960637331008916, -3.2006520373480654, 0.5973390340805054,-61.41431229134975
000155.pid, bicycle, 10.803841590881353, -2.9157030085722666, -3.3228967189788814, 0.5974818468093872,92.16517884667519
000155.pid, car, 10.156270133124464, 25.344905217488602, -4.37152518166436, 0.8896145820617676,107.10269553066658
000156.pid, bicycle, 10.796202659606939, -2.952501964569093, -3.238007465998331, 0.6003759503364563,-67.35669998827336
000156.pid, car, 10.273034141177227, 24.517163685389928, -4.2182459604172475, 0.8610612750053406,109.62782744848485
000157.pid, bicycle, 10.807367451985682, -2.965832742055258, -3.2184803485870352, 0.6031810641288757,-63.06787988008562
000157.pid, car, 10.475441859318662, 23.34462936107929, -4.073621538969186, 0.8207129240036011,108.89504923697105
000158.pid, bicycle, 10.778227072495687, -2.949033462084261, -3.2135178859417244, 0.6367108821868896,-57.59925252774473
000158.pid, car, 10.851484905589714, 22.065504160794344, -4.01171990958127, 0.8201308250427246,115.08339565139543
000159.pid, bicycle, 10.799746785845082, -2.901815388883866, -3.2932673692703243, 0.6354358792304993,93.8593499071154
000159.pid, car, 11.092413208701394, 21.14692427895286, -3.9663953997872086, 0.8408313989639282,-61.07838678889254
000160.pid, person, -0.5678012650459947, -15.090099811553957, -3.4698062241077405, 0.4043893814086914,-43.319866524572
000160.pid, bicycle, 10.805737222943991, -2.9323291608265487, -3.21990418434143, 0.6276006698608398,-53.828548468583726
000160.pid, car, 11.304500635932477, 19.82814934674431, -3.946401904611026, 0.827492892742157,-67.08676501628747
000161.pid, person, -0.4340208746492821, -15.230650329589844, -3.4077343463897685, 0.49626561999320984,-46.526935162935345
000161.pid, bicycle, 10.80580425262452, -2.9634799446378475, -3.2026977709361475, 0.647592306137085,-63.29638387383972
000161.pid, car, 11.642886810302736, 18.294748306274414, -4.016241512298583, 0.8441286087036133,106.55866905059271
000162.pid, person, -0.49115349575876693, -15.140224838256836, -3.632302331924437, 0.5245522260665894,-46.868394694014874
000162.pid, bicycle, 10.79619539701022, -2.9236753903902484, -3.205923575621384, 0.6484941840171814,-56.31733014391613
000162.pid, car, 11.938664102554325, 17.371571683883666, -3.9291787624359125, 0.8186453580856323,108.92694012308954
000163.pid, person, -0.35495028688778624, -15.229148334927036, -3.4484269618988024, 0.5245364308357239,-50.52550041096103
000163.pid, bicycle, 10.799658979688376, -2.892866117613658, -3.2923193659101204, 0.633720338344574,92.5537820172734
000163.pid, car, 12.448518157005314, 15.47969377040863, -3.9677025377750392, 0.8214541673660278,117.54013498148791
000164.pid, person, -0.3445685461840788, -15.207456762140447, -3.7489786798303766, 0.4806980490684509,-40.350833545940496
000164.pid, bicycle, 10.807941143329328, -2.939595735990082, -3.1843340396881095, 0.6065788269042969,-56.58901303105271
000164.pid, car, 12.507088617845017, 14.686692714691162, -3.9304139397361055, 0.831977367401123,110.70223238534484
000165.pid, person, -0.23825787649385852, -15.154037475585938, -3.7508455382453056, 0.4804214537143707,-20.86331028753867
000165.pid, bicycle, 10.788539886474616, -2.8581011692682927, -3.292082687218983, 0.6079200506210327,90.85114831906
000165.pid, car, 12.930797793648463, 13.425642923875289, -3.8007557500492437, 0.8199406862258911,119.01218249015463
000166.pid, person, -0.2535568369655936, -15.197941462198893, -3.7600820594363733, 0.5363656878471375,172.3698303658451
000166.pid, bicycle, 10.782750061580119, -2.94271426541465, -3.2087136677333277, 0.6265489459037781,-60.85454631107769
000166.pid, car, 13.165211617946627, 12.396468579769135, -3.7557524740695944, 0.8446231484413147,120.17077371725175
000167.pid, person, -0.19070780556648267, -15.185021018981939, -3.8061470270156845, 0.5747480988502502,177.24668597004097
000167.pid, bicycle, 10.792052709139314, -2.875513003422663, -3.303161786152766, 0.6375982761383057,91.46309610241211
000167.pid, car, 13.414774665832521, 11.489876174926758, -3.740688457489013, 0.8286303877830505,119.80404955754354
000168.pid, person, -0.12149280198434972, -15.187652375963, -3.7359223100874144, 0.4327356219291687,-150.3956075286008
000168.pid, bicycle, 10.80504969188146, -2.9622184378760212, -3.2030407701219827, 0.6502102613449097,-64.45041665426965
000168.pid, car, 13.658637126286827, 10.421235879262287, -3.7147019207477565, 0.8358186483383179,107.08792382340022
000169.pid, person, -0.03751157838850725, -15.18023939132691, -3.8031956434249863, 0.43606534600257874,-146.82198438170087
000169.pid, bicycle, 10.795909074636608, -2.925501089829665, -3.2057511072892404, 0.6331120729446411,-55.1686805163205
000169.pid, car, 13.906194722210921, 9.732899171334726, -3.6260817050933833, 0.8544102311134338,90.76089151033217
000170.pid, person, 0.14445051527582844, -15.27805313697228, -3.6463967653421245, 0.6364274024963379,-37.65009574918575
000170.pid, bicycle, 10.806597164699012, -2.9641845907483804, -3.2031407526561186, 0.6174193620681763,-62.81384797362829
000170.pid, car, 14.020542966908424, 8.69038280947455, -3.604184002711855, 0.8442217111587524,103.21061438429652
000171.pid, person, 0.28865198697895506, -15.336897850036621, -3.538561548505509, 0.717307448387146,-33.54047429468472
000171.pid, bicycle, 10.80137729644776, -2.817638541970936, -3.3992953981672005, 0.6509242057800293,89.05904440834364
000171.pid, car, 14.38279020375219, 7.791958266291124, -3.5965118901482938, 0.8273347616195679,98.1038834904337
000172.pid, person, 0.3501732500735729, -15.3373703956604, -3.6174607574939714, 0.7528725266456604,-32.92127311207361
000172.pid, bicycle, 10.783238665262862, -2.949563805262249, -3.2266496817270904, 0.651311993598938,-58.3703914408184
000172.pid, car, 14.447249031066898, 6.488931810855864, -3.6602808177471156, 0.8053135871887207,88.67775856436009
000173.pid, person, 0.37064228052847087, -15.317397411052998, -3.632495971826406, 0.6128489971160889,-35.044983356641914
000173.pid, bicycle, 10.771072251456129, -2.9631525448390446, -3.232980677059718, 0.6585403084754944,-52.996404007297265
000173.pid, car, 14.608586910159092, 5.676675269770067, -3.6874372293782782, 0.7524394392967224,86.60590559853551
000174.pid, person, 0.38679129544359614, -15.291430620046766, -3.7312960074498083, 0.6406356692314148,-32.38071519775127
000174.pid, bicycle, 10.797043595995229, -2.8899477805410143, -3.2916688408170423, 0.639979362487793,93.37067339976373
000174.pid, car, 14.378929896232412, 4.906286337436772, -3.5744247803321243, 0.7962945699691772,83.88986129951415
000175.pid, person, 0.5433045418134829, -15.340515886034284, -3.609438776969909, 0.5259593725204468,-25.882907427801676
000175.pid, bicycle, 10.793589078463045, -2.8838928937911996, -3.304368294202363, 0.6491912603378296,90.73954465142458
000175.pid, car, 14.761993896670461, 4.041684825245927, -3.6096507281791865, 0.7922773957252502,87.08812122705848
000176.pid, person, 0.6543107982724975, -15.331926643848423, -3.610288813710212, 0.6133696436882019,-25.401978477240878
000176.pid, bicycle, 10.764778137207035, -2.9631056785583527, -3.2354729516165586, 0.6529378890991211,-43.42426846966981
000176.pid, car, 14.936437019935024, 3.2626491082020275, -3.5459552850478726, 0.7464572787284851,87.24367528943351
000177.pid, person, 0.7516268137842468, -15.34127110242844, -3.6187380701303464, 0.4608047306537628,-26.097455057445536
000177.pid, bicycle, 10.797241006578721, -2.8833732775279453, -3.2925677299499507, 0.6273086071014404,91.93662260094634
000177.pid, car, 15.024766540527347, 2.442689246684311, -3.606753033399581, 0.762985110282898,100.42946927787926
000178.pid, person, 0.8092069663107447, -15.359310507774353, -3.696554437279701, 0.3324047029018402,-29.043775114961214
000178.pid, bicycle, 10.767351082393105, -2.9663787228720517, -3.2355665819985515, 0.6320743560791016,-41.53709878147478
000178.pid, car, 14.975681330028337, 1.7651541350703472, -3.494904925948694, 0.8232856392860413,93.28864485425322
000179.pid, person, 0.9049557702882022, -15.3657146862575, -3.6926623923437925, 0.4472658038139343,-28.555285845746262
000179.pid, bicycle, 10.80004841940744, -2.901921740600041, -3.2940667697361534, 0.6499561071395874,93.52591751697528
000179.pid, car, 15.091371492906053, 0.8564811836589449, -3.6521985368295145, 0.7857270240783691,97.40918204632598
000180.pid, person, 0.9342828287797861, -15.37995854546042, -3.6593597636503326, 0.5037651658058167,-31.463057925734056
000180.pid, bicycle, 10.808748653956826, -2.934505854334149, -3.2212412187031334, 0.6070737838745117,-54.73555214161404
000180.pid, car, 15.286097749750665, 0.1081477583217525, -3.6105711713750304, 0.7633039951324463,97.6311262795204
000181.pid, person, 1.0243048429489185, -15.370957819620772, -3.567661428451537, 0.43998515605926514,-30.28345501688623
000181.pid, bicycle, 10.758692105611168, -2.9271538456281063, -3.1978362202644335, 0.6124494671821594,160.43635890125273
000181.pid, car, 15.207680565970287, -0.5408158744020151, -3.650549985924545, 0.7903155088424683,92.69540071253326
000182.pid, person, 1.1007158630772684, -15.397841804905944, -3.6624233848170213, 0.4800522029399872,-24.028389438714797
000182.pid, bicycle, 10.754599491755172, -2.971209804217023, -3.1881595253944384, 0.6066566705703735,-33.187644279893746
000182.pid, car, 15.14174034284509, -0.974736513063798, -3.5660498556883433, 0.7807187438011169,91.34530567736174
000183.pid, person, 1.227647699807824, -15.39395698748137, -3.5350979880282747, 0.5664443373680115,-21.183844897277446
000183.pid, bicycle, 10.672838991338564, -3.093764283440335, -3.208075631748545, 0.6363417506217957,178.10025433822227
000183.pid, car, 15.204565602679589, -1.5618788405906343, -3.617517382599586, 0.7912927865982056,88.35855014773298
000184.pid, person, 1.3522422769490487, -15.367527176352112, -3.370080821654374, 0.45312750339508057,152.06362511334
000184.pid, bicycle, 10.642288728193808, -3.1009331291372138, -3.355600530450993, 0.6768661141395569,79.23531509326901
000184.pid, car, 15.423583244790839, -2.372443090364038, -3.573024029634436, 0.7682971358299255,79.62961485108463
000185.pid, person, 1.3542315244674734, -15.416256332397463, -3.514314436912536, 0.46978238224983215,152.64935129067553
000185.pid, bicycle, 10.57398915290833, -3.213400016228365, -3.3361901044845577, 0.6157402992248535,75.28633170389547
000185.pid, car, 15.220143144780941, -2.6928319996053554, -3.6317726135253903, 0.7867375612258911,-91.77809035321175
000185.pid, car, 14.933261871337892, -2.332231283187873, -3.4614830780029298, 0.5224440097808838,-150.95180093066762
000186.pid, person, 1.4170723524358586, -15.444322427113853, -3.50261108080546, 0.6068885922431946,146.71807808961714
000186.pid, bicycle, 10.477725115689369, -3.5342228846116512, -3.2647099278189913, 0.5467552542686462,-107.5090790606342
000186.pid, car, 15.022319509627973, -3.240693531137834, -3.4835737563194105, 0.7496770620346069,-91.39880813385554
000186.pid, car, 15.275997906923296, -2.7355764769017745, -3.4484136030077934, 0.6760728359222412,-65.33457298462542
000187.pid, person, 1.441612049937256, -15.469951152801514, -3.5642705112695685, 0.523804783821106,145.58519695789673
000187.pid, bicycle, 10.318717532687723, -3.7576388782925108, -3.3278407255808498, 0.5038548111915588,-102.67356122108012
000187.pid, car, 14.760436231439767, -3.67571659250693, -3.5219937075268133, 0.743434727191925,-93.79706629776396
000187.pid, car, 15.04022809292408, -3.3001928811377708, -3.5937790718484437, 0.6698653101921082,-102.29600867971726
000188.pid, person, 1.5278122574091006, -15.449235498905185, -3.479822650551795, 0.4460350573062897,154.94668478528553
000188.pid, bicycle, 10.13380146026612, -3.9932070862163225, -3.2998073534532013, 0.5098122358322144,-129.83314420552418
000188.pid, car, 14.615086925273042, -4.362635797383834, -3.6566391234495197, 0.7640495300292969,78.43661682437283
000188.pid, car, 14.68093049185617, -3.8985140732356536, -3.5730360167367117, 0.6555866599082947,-111.49469000028463
000189.pid, person, 1.5885628395610432, -15.495362811618385, -3.4579613871044574, 0.6499333381652832,151.97549776143234
000189.pid, person, 10.166314506530767, -4.348298168182381, -3.764314508438111, 0.4187372922897339,-126.6512107995054
000189.pid, car, 14.572070598602297, -4.607328254601052, -3.573885120194533, 0.7899847626686096,-103.35995237961129
000189.pid, truck, 11.14132185543285, -4.950800755444697, -3.599571999381569, 0.4704248905181885,-23.733247532947736
000190.pid, person, 1.649127191305166, -15.501816892623902, -3.5250816822051996, 0.672349750995636,159.63808401580144
000190.pid, person, 9.947416441781186, -4.733104365212584, -3.8681128365652904, 0.38111910223960876,-124.3133767699378
000190.pid, bicycle, 9.8716813496181, -4.606408425739835, -3.5135539429528357, 0.5006425380706787,-117.78168790305946
000190.pid, car, 14.367956466674807, -4.751242856979371, -3.60483498096466, 0.7958621382713318,-107.38000904690418
000191.pid, person, 1.7114597119783141, -15.510006452861589, -3.4925762854124365, 0.6354844570159912,-14.712681286471152
000191.pid, bicycle, 9.816420078277593, -4.9870834350586, -3.932107925415039, 0.5065613985061646,-121.56384798205013
000191.pid, car, 14.018895765145622, -5.143572131792706, -3.524209146698315, 0.8143470287322998,-104.75769788662669
000191.pid, truck, 11.426015178362533, -6.037459393342338, -3.6920688649018594, 0.49397963285446167,142.14238555051327
000192.pid, person, 1.7555411363902893, -15.565564205772004, -3.5043028655805077, 0.6396306753158569,-10.159018477027761
000192.pid, car, 13.820820099268207, -5.294233585015323, -3.5796062640654727, 0.789605438709259,-114.16039848865495
000192.pid, truck, 10.038954388011588, -5.362539724870161, -3.3163674094460207, 0.5050914883613586,-32.99120810707509
000193.pid, person, 1.7998697638511711, -15.599848365783695, -3.440732371807097, 0.5938823223114014,156.44084391108095
000193.pid, bicycle, 9.474119186401373, -5.251469400193958, -3.678541421890257, 0.6014909148216248,-100.89534047359959
000193.pid, car, 13.553479099273684, -5.728258961439134, -3.554114514589309, 0.7830363512039185,-112.32893541283093
000193.pid, car, 13.294269934944486, -5.941683567088586, -3.594086237575697, 0.6521303057670593,-118.5972767625951
000194.pid, person, 1.885424011283455, -15.622856511010063, -3.4826186498006177, 0.658866822719574,166.31688915099198
000194.pid, bicycle, 9.34905068079631, -5.413722078005477, -3.355864524841307, 0.5646666884422302,-86.72180707945424
000194.pid, car, 13.44700794219971, -5.979098718816584, -3.418054754083806, 0.8039095997810364,-115.63735441080334
000194.pid, truck, 11.235933144887293, -7.038399696350098, -3.6395038167635594, 0.4280705451965332,123.43410082427823
000195.pid, person, 1.9004384994506875, -15.594646692276005, -3.49130653142929, 0.6009519100189209,160.7729035427328
000195.pid, bicycle, 9.496071338653566, -6.005953510602318, -3.3114803632100416, 0.5758525133132935,-41.23873185681088
000195.pid, car, 13.010516019967888, -6.179724130875027, -3.5863205836369434, 0.8116335868835449,-128.68654494084032
000196.pid, person, 1.963361166772393, -15.605200994582406, -3.478914964766729, 0.552524983882904,163.21619823565476
000196.pid, bicycle, 9.380248260498053, -6.219444084167482, -3.274111962318419, 0.6375926733016968,-38.9796886082755
000196.pid, car, 13.038938522338869, -6.361035429913067, -3.5799554845561152, 0.7862861752510071,-125.48439474231498
000197.pid, person, 2.0001502296199036, -15.621649659198265, -3.5495007763738213, 0.574773371219635,170.66181414896747
000197.pid, bicycle, 9.164015249772511, -6.445504578677096, -3.278499126434325, 0.6341997981071472,-39.19267224313378
000197.pid, car, 13.117264581105067, -6.301111546773762, -3.3518069471631735, 0.7725630402565002,-131.41221679662297
000197.pid, car, 2.0001502296199045, -15.621649659198269, -3.5495007763738218, 0.6553613543510437,170.66181414896747
000197.pid, truck, 13.031386522146374, -6.3237074631911065, -3.3556253359867974, 0.5068108439445496,-136.11558124748532
000198.pid, person, 2.0716492732365963, -15.615835871015278, -3.421164024443853, 0.5622772574424744,166.81325936309355
000198.pid, bicycle, 8.921402359008798, -6.551385593414311, -3.2581191778182976, 0.681637167930603,-37.458540539356875
000198.pid, car, 12.82470237602622, -6.5926704810837595, -3.4065029903993773, 0.7527157664299011,-129.5297081774876
000198.pid, car, 2.071649273236603, -15.615835871015282, -3.4211640244438533, 0.4943279027938843,166.81325936309364
000198.pid, truck, 12.786498943964641, -6.586488127708436, -3.406572397549947, 0.48966076970100403,-131.39370302538265
000199.pid, person, 2.119849860668186, -15.612388654188676, -3.4089137857610523, 0.4541093707084656,-0.8308453978091777
000199.pid, bicycle, 8.691066169738777, -6.5626512050628705, -3.0918226718902577, 0.6864944696426392,-6.048649750428105
000199.pid, car, 12.82870181690563, -6.567033559625802, -3.492573369633068, 0.729089617729187,-138.4704361403957
000199.pid, car, 2.1198498606681917, -15.612388654188681, -3.4089137857610528, 0.6964218616485596,-0.8308453978094015
000200.pid, person, 2.165951637994681, -15.61348070417132, -3.436011904761904, 0.5852215886116028,-4.20987115142543
000200.pid, bicycle, 8.579814477400351, -6.8724568973888065, -3.2677684697237868, 0.6603578925132751,-58.39204491875102
000200.pid, car, 12.718567328019578, -6.7523663260720035, -3.5996231978589845, 0.6949031949043274,-134.61164660212174
000200.pid, car, 2.1659516379946844, -15.613480704171323, -3.4360119047619055, 0.643875777721405,-4.209871151426086
000201.pid, person, 2.210286306298302, -15.654161370318871, -3.476118378017259, 0.6081876754760742,-2.1849401253947303
000201.pid, bicycle, 8.46563884190151, -7.085323844637192, -3.210172125271388, 0.6194628477096558,-72.15412936830202
000201.pid, car, 12.559418178740005, -6.669206483023511, -3.603519155865624, 0.7056204676628113,-136.538806575488
000201.pid, car, 2.2102863062983045, -15.654161370318874, -3.4761183780172598, 0.6661077737808228,-2.1849401253944247
000201.pid, truck, 12.608766927951722, -6.6593478947151015, -3.604751255454086, 0.4142152667045593,-135.31106251225754
000202.pid, person, 2.2560243785381378, -15.658007001876834, -3.4163908720016467, 0.635788083076477,166.8490751695144
000202.pid, bicycle, 8.340896239647503, -7.25600282962506, -3.2178693734682517, 0.6027804017066956,-130.01767768151333
000202.pid, car, 2.2560243785381404, -15.658007001876836, -3.416390872001648, 0.6502076387405396,166.84907516951452
000202.pid, car, 12.552114974620734, -6.69383879595025, -3.603562820789426, 0.6150485873222351,-138.07185635057132
000203.pid, bicycle, 8.2223129272461, -7.415881474812831, -3.1914117866092244, 0.6550611257553101,5.027426417585602
000203.pid, car, 12.697602527897535, -6.663558494753958, -3.5406498153035235, 0.7251960039138794,-136.89893555592053
000203.pid, car, 2.27561814888665, -15.673163248145068, -3.479749461878901, 0.6980595588684082,-2.1367598028102073
000203.pid, truck, 2.2756181488866423, -15.673163248145064, -3.4797494618789004, 0.31114277243614197,-2.136759802810186
000204.pid, person, 2.3602847031184657, -15.688884962172738, -3.4134853567395886, 0.4788776934146881,5.383449617334646
000204.pid, bicycle, 8.087714135646827, -7.627755880355835, -3.185598850250242, 0.6356146335601807,5.679897586426256
000204.pid, car, 12.4776257073007, -6.795895099639897, -3.580457460589525, 0.6972922682762146,-134.5346261782176
000204.pid, car, 2.3602847031184684, -15.688884962172738, -3.413485356739589, 0.6927178502082825,5.383449617334558
000205.pid, person, 8.152400970458991, -7.85207414627076, -3.5146722793579106, 0.534700870513916,56.82075016802439
000205.pid, person, 2.3802468890235593, -15.67798782530285, -3.471604846772693, 0.38849374651908875,2.6352459561763086
000205.pid, car, 12.390113443941685, -6.794377159427957, -3.6948525841171675, 0.7703012228012085,-138.131253337376
000205.pid, car, 2.380246889023562, -15.677987825302855, -3.4716048467726934, 0.660031795501709,2.6352459561755333
000206.pid, person, 7.755114419119705, -8.120889799935483, -3.3434372288840146, 0.5374298691749573,-102.53051168238107
000206.pid, car, 12.305164019266767, -6.954494192486722, -3.6629795063109625, 0.7801719903945923,-137.6187975419339
000206.pid, car, 2.409620461256616, -15.6872264613276, -3.4898249999336572, 0.6610519289970398,4.3114062292266855
000207.pid, person, 2.4535491580054916, -15.696514311290922, -3.4407863730476, 0.5287473797798157,2.80973023330894
000207.pid, car, 12.424055176812251, -6.817279583698998, -3.5834820012788513, 0.75322026014328,-137.70324340532966
000207.pid, car, 2.4535491580054956, -15.696514311290928, -3.4407863730476023, 0.6458097100257874,2.809730233309096
000208.pid, person, 7.594828605651862, -8.825930356979372, -3.7719888985157013, 0.5999158024787903,-122.6460073233435
000208.pid, person, 2.4707875490188638, -15.685798263549804, -3.4289024591445907, 0.5452420711517334,1.7991461528181896
000208.pid, bicycle, 7.615760735103071, -8.834612028939393, -3.7669544901166647, 0.5597882866859436,-122.175591726633
000208.pid, car, 12.41088218688965, -6.834921228885655, -3.7224152266979216, 0.7693707942962646,-135.651908314467
000208.pid, car, 2.470787549018868, -15.68579826354981, -3.4289024591445925, 0.6442951560020447,1.7991461528186241
000209.pid, person, 7.343845454129312, -9.044679468328306, -3.5641886104236944, 0.5721972584724426,-92.90167259832063
000209.pid, person, 2.4765926429203633, -15.690850893656416, -3.4592271078200563, 0.4507412314414978,4.08892325479317
000209.pid, bicycle, 7.423403978347783, -9.14249547322592, -3.8517115116119385, 0.6642804741859436,-121.30223086015388
000209.pid, car, 12.312154674530031, -6.808721613883975, -3.5341571867465973, 0.7764687538146973,-138.69974886908116
000209.pid, car, 2.476592642920365, -15.690850893656417, -3.4592271078200567, 0.657518744468689,4.088923254793028
000210.pid, person, 7.159361928701405, -9.19947338104248, -3.424020260572433, 0.6339077949523926,-87.39892294054295
000210.pid, person, 2.5039447784423876, -15.669608402252198, -3.426539504528045, 0.36244112253189087,2.9967987919679686
000210.pid, car, 12.613748526573183, -6.659002172946934, -3.6055281102657326, 0.7644887566566467,-137.6072437462067
000210.pid, car, 2.503944778442391, -15.669608402252203, -3.4265395045280456, 0.6681748628616333,2.9967987919679566
000211.pid, person, 7.07714123952957, -9.401002611432759, -3.5047840163821258, 0.5447741150856018,-94.17002092772731
000211.pid, bicycle, 7.128511481814921, -9.657792091369638, -3.7795776791042752, 0.435798704624176,-109.55356730855851
000211.pid, car, 12.434071386182632, -6.765777884302916, -3.678710093369355, 0.756637692451477,-137.12095705326638
000211.pid, car, 2.480687358162629, -15.685383016412914, -3.484125354073264, 0.6565238833427429,8.207056270904966
000212.pid, person, 6.974566913786394, -9.545522735232401, -3.5262019520714163, 0.35564157366752625,-97.57640802267471
000212.pid, bicycle, 7.038515567779548, -9.852138519287118, -3.816412885983785, 0.6578140258789062,-105.75834050742048
000212.pid, car, 12.511146118766385, -6.847053314510149, -3.6177092727861915, 0.7604392170906067,-134.82366772310334
000212.pid, car, 2.534431827068337, -15.66024026870728, -3.3621564745903023, 0.6796181201934814,1.1437201373033203
000213.pid, bicycle, 6.924354314804084, -9.980415503184007, -4.071858247121176, 0.37868738174438477,-112.75846726365879
000213.pid, car, 12.473681449890138, -6.770552980899815, -3.630423480272293, 0.7476579546928406,-138.2455265954653
000213.pid, car, 2.479155713861647, -15.691562522541398, -3.485229394652627, 0.6790140867233276,6.935695341735349
000214.pid, bicycle, 6.726845979690559, -10.439014434814462, -4.169840335845947, 0.35942408442497253,-115.03899007824805
000214.pid, car, 12.48341258796486, -6.842194441202529, -3.668600204828623, 0.777786374092102,-135.95405549325517
000214.pid, car, 2.474559274586772, -15.669375983151525, -3.442214261401783, 0.6762799620628357,3.4954619848556185
000215.pid, bicycle, 6.683212757110605, -10.563811302185066, -4.19355046749115, 0.4959871470928192,-111.48455766490659
000215.pid, car, 12.303067671286096, -6.824212254704659, -3.6107391537846745, 0.7736417651176453,-138.77628522104365
000215.pid, car, 2.5023447990417553, -15.6693992137909, -3.426172065734863, 0.6495329141616821,0.49568929027681347
000216.pid, car, 12.46540560373446, -6.918496131896977, -3.639080780308421, 0.7798076272010803,-135.0278225141351
000216.pid, car, 2.4782805334438054, -15.674821636893538, -3.4432522600347344, 0.6404651403427124,4.301599961755353
000217.pid, bicycle, 6.4609490633010935, -10.96858286857606, -4.291776657104493, 0.5252320766448975,-114.34454734926638
000217.pid, car, 12.408210890633722, -6.84976316633679, -3.6416091180983043, 0.7825125455856323,-135.39723119006888
000217.pid, car, 2.4879355317070444, -15.683507238115588, -3.4586386794135686, 0.6404204368591309,3.6838061753763056
000218.pid, bicycle, 6.4267713228861565, -10.90487257639568, -4.2954050699869795, 0.44030484557151794,-112.70111239737952
000218.pid, car, 12.400269317626954, -6.86472045183182, -3.6303124248981478, 0.7897124290466309,-136.54627560418152
000218.pid, car, 2.5010493142264307, -15.674851644606823, -3.456842513311477, 0.6570255756378174,4.237255455126846
000219.pid, car, 12.257763260289243, -6.81611497778642, -3.6422200202941895, 0.7689783573150635,-139.70081143259367
000219.pid, car, 2.7744057575861696, -15.332857370376592, -3.43160030245781, 0.6499972939491272,51.38962897523036
000220.pid, car, 12.34895398616791, -6.944421815872197, -3.618853449821472, 0.7798008918762207,-135.90221260291136
000220.pid, car, 2.8358587676828644, -15.30824825980447, -3.414859955961054, 0.648592472076416,48.475229289832704
000221.pid, car, 12.165183719835786, -6.927182159925766, -3.6379776565652144, 0.7730147242546082,-135.5601130253549
000221.pid, car, 2.9547068243441457, -15.182433460069744, -3.304908835369608, 0.6432868242263794,47.84960073347647
000222.pid, bicycle, 5.901995182037359, -12.036150217056285, -3.7530282139778137, 0.600023090839386,-104.02192758475476
000222.pid, car, 12.413899512518023, -6.805597782135014, -3.609344244003296, 0.7695174813270569,-137.37656628891898
000222.pid, car, 2.531105864048013, -15.664709472656256, -3.4264121413230897, 0.6411965489387512,6.258709754095862
000223.pid, car, 12.168116831779482, -6.932568013668063, -3.6223162949085235, 0.7736626267433167,-138.24939220011592
000223.pid, car, 2.529994237422951, -15.694621849060065, -3.4124406576156616, 0.6600453853607178,4.738458784030652
000224.pid, car, 12.4702945508455, -6.843929039804563, -3.626200061095388, 0.7658077478408813,-135.72219905950166
000224.pid, car, 2.4972244739532554, -15.697466611862188, -3.5173770070075987, 0.6296935677528381,3.7903356515193454
000225.pid, car, 12.252225155300566, -6.880621518029111, -3.6494158797793923, 0.7560288310050964,-137.18355092990447
000225.pid, car, 2.500978242783328, -15.685849961780372, -3.459291923613776, 0.6421129107475281,3.251547982704886
000226.pid, person, 5.110786247253426, -13.224880027771007, -3.3011353492736815, 0.8095133304595947,-106.70672251026804
000226.pid, car, 12.311754071435265, -6.956046658892968, -3.647035060926925, 0.7581098675727844,-135.73775304212705
000226.pid, car, 2.474624836444862, -15.71450052261353, -3.4784388065338137, 0.638029932975769,1.9728690512577107
000227.pid, person, 5.092054314083531, -13.243045171101894, -3.47196290228102, 0.826668918132782,-107.71830932052245
000227.pid, car, 12.415297985076908, -6.796510548818683, -3.5857538041614356, 0.762893795967102,-140.85637722678743
000227.pid, car, 2.4871951341629117, -15.694635521281855, -3.447361545129256, 0.629006564617157,3.589671998435549
000228.pid, person, 4.944649314880378, -13.54083251953126, -3.467281150817872, 0.8129367232322693,-111.50831199101162
000228.pid, car, 12.42263414859772, -6.9070627570152325, -3.6411955535411833, 0.7667312026023865,-134.6444710423285
000228.pid, car, 2.5024446487426832, -15.680001831054692, -3.471471977233887, 0.6359454989433289,5.5368340665177715
000229.pid, person, 4.855647146701822, -13.71216106414796, -3.495700865983963, 0.7975109219551086,-111.73788849827852
000229.pid, car, 12.414859576103018, -6.802965176411169, -3.6850644441751332, 0.7719561457633972,-137.09692631513897
000229.pid, car, 2.504858959288832, -15.704913502647768, -3.4635803131830123, 0.6323960423469543,6.445316227134024
000230.pid, person, 4.77242541313172, -13.922423362731944, -3.5346980690956125, 0.8140223622322083,-109.79982261422902
000230.pid, car, 12.348399911608018, -6.8579925355457165, -3.6217175722122192, 0.7657928466796875,-137.28162340521214
000230.pid, car, 2.5227124577476947, -15.681444031851637, -3.458391711825416, 0.6286959052085876,0.890926684012853
000231.pid, person, 4.649786949157721, -14.147362470626842, -3.576231002807618, 0.8021772503852844,-109.9867672950729
000231.pid, car, 12.058503014700756, -7.030763884953095, -3.6993633542742046, 0.764150857925415,-134.85202121166608
000231.pid, car, 2.5187748273213773, -15.709164710271931, -3.4441154570806596, 0.6287001967430115,7.796472023614108
000232.pid, person, 4.498425223610627, -14.38598615472968, -3.7227144458077177, 0.7599948644638062,-136.710093267656
000232.pid, car, 12.361845660209658, -6.779586267471318, -3.656590574979782, 0.761612594127655,-137.0964419882215
000232.pid, car, 2.497486293315895, -15.67627234458924, -3.4710794925689696, 0.6289607286453247,4.876634503231958
000233.pid, person, 4.489781141281137, -14.536019706726085, -3.6520929098129273, 0.7897211909294128,-117.90191150570342
000233.pid, car, 12.33461177043426, -6.845011197603669, -3.708857304010636, 0.7677627205848694,-136.314615488839
000233.pid, car, 2.499815940856942, -15.689036959693551, -3.3992042314438597, 0.6298322081565857,2.0297961254280645
000234.pid, person, 4.367779169763847, -14.70577594212124, -3.574111887386867, 0.7892586588859558,52.772585406563124
000234.pid, car, 12.076587322780066, -7.008889361790253, -3.683425215312413, 0.7664347290992737,-137.88186491980713
000234.pid, car, 2.4862260580062943, -15.699107456207281, -3.474640941619873, 0.6285948157310486,1.2688947486446007
000235.pid, person, 4.319498428931611, -14.797212527348453, -3.4696275270902195, 0.7769840955734253,-124.89302949845771
000235.pid, car, 12.535273194313053, -6.765647575259213, -3.71500363945961, 0.7694314122200012,-137.9418000659724
000235.pid, car, 2.50073640687126, -15.681373959495913, -3.4588564464024136, 0.629401683807373,3.1380160423080476
000236.pid, person, 4.16239535808564, -14.994681517283132, -3.3350175817807517, 0.715670645236969,-135.73995198685245
000236.pid, car, 12.292703539133074, -6.935101851820951, -3.8088344112038612, 0.7612099051475525,-131.7492862246563
000236.pid, car, 2.4810949347236027, -15.686675158413978, -3.445547093044628, 0.628324568271637,1.2606495302097804
000237.pid, person, 4.119073109193291, -15.049672907049013, -3.499090108004484, 0.743547797203064,39.17340118962955
000237.pid, car, 12.395258426666262, -6.885581350326542, -3.7150348126888275, 0.7637118101119995,-136.10422482576445
000237.pid, car, 2.4858162283897487, -15.669081735610968, -3.4894664525985717, 0.6289264559745789,2.127531881298193
000238.pid, person, 3.989927664399154, -15.276253044605262, -3.586077705025673, 0.7558816075325012,-164.46621987481652
000238.pid, car, 12.379223055309723, -6.840062803692291, -3.7177312042978077, 0.7323076725006104,-135.9955518061362
000238.pid, car, 2.4907420476277746, -15.693425496419277, -3.4597239721389044, 0.6340301632881165,2.7138863589089537
000239.pid, person, 3.955541484496181, -15.46946329229019, -3.4489459851208855, 0.6834490895271301,-119.09138450290146
000239.pid, car, 12.254811127980552, -6.792634341451861, -3.726159989833832, 0.7947953343391418,-132.58086306661747
000239.pid, car, 2.4968671917915426, -15.686403083801276, -3.4298684120178224, 0.62769615650177,2.1186584687632357
000240.pid, person, 3.976882743835459, -15.46298395792644, -3.460036150614421, 0.7364571690559387,69.65843365353183
000240.pid, car, 12.199500786630733, -6.887934948268694, -3.748035932842054, 0.7759793400764465,-134.1222326218477
000240.pid, car, 2.4874504066649017, -15.690519242059622, -3.459361371539888, 0.6175931096076965,3.3046699432000244
000241.pid, person, 3.947128314238338, -15.493918052086473, -3.331172521297749, 0.7426533102989197,-18.279502735316644
000241.pid, car, 12.162564045674094, -6.979682574401036, -3.735592049521369, 0.7181261777877808,-132.92612272858335
000241.pid, car, 2.476048317822552, -15.681803963401107, -3.4441121491518887, 0.6240403652191162,0.41377115492458316
000242.pid, person, 3.950917053222665, -15.561321703592943, -3.4424326419830322, 0.7407156825065613,75.90548084150109
000242.pid, car, 12.232424354553226, -6.8381985664367715, -3.691286325454712, 0.7620790600776672,-133.2943292071883
000242.pid, car, 2.483172950290507, -15.672750745500842, -3.4145120098477317, 0.6292213201522827,4.718905131447807
000243.pid, person, 3.90088708584126, -15.59930999462422, -3.349559600536641, 0.804702639579773,-31.83581469771535
000243.pid, car, 12.271108746528629, -6.953222143650059, -3.7092535853385926, 0.7809818983078003,-134.16110437664474
000243.pid, car, 2.486194678715305, -15.691552116757354, -3.45955499013265, 0.6316990256309509,3.1620342990554757
000244.pid, person, 3.8957379375185366, -15.617310387747636, -3.3793496574674338, 0.7682440280914307,-28.45478914262803
000244.pid, car, 12.088419622845121, -6.963933971193105, -3.706207275390625, 0.8055067658424377,-134.7198504696005
000244.pid, car, 2.5047185778617935, -15.676348066329961, -3.4276968240737915, 0.6241483688354492,6.253942533445403
000245.pid, person, 3.905493879318245, -15.596057001749681, -3.448747030893962, 0.7864643335342407,76.64947905607399
000245.pid, car, 11.968729114532474, -7.056196379661564, -3.6533340394496916, 0.759209930896759,-134.7198583995216
000245.pid, car, 2.4704512791200206, -15.682367758317433, -3.4445212320847944, 0.627473771572113,0.7753296360703124
000246.pid, person, 3.9084564208984456, -15.600046666463223, -3.449533240000407, 0.7612485289573669,-106.23270682889435
000246.pid, car, 11.583579707790069, -7.2733569660702315, -3.6776492080172978, 0.7443275451660156,-134.7749133541383
000246.pid, car, 2.480626742045092, -15.673121770222988, -3.41476861635844, 0.6295393705368042,1.376447197944431
000247.pid, person, 3.9414698918660562, -15.583859062194831, -3.446349795659383, 0.754359781742096,76.8832131199708
000247.pid, car, 11.771042619432725, -7.3380513645353815, -3.7267871981575373, 0.7472184300422668,-140.86202116556208
000247.pid, car, 2.4835658981686626, -15.689918245588036, -3.4590558892204646, 0.6357823014259338,1.4472612347055014
000248.pid, person, 3.938084176608503, -15.557135241372253, -3.423786810466222, 0.7512321472167969,86.51627013391656
000248.pid, car, 11.339100577614525, -7.329361106410177, -3.712781371492328, 0.7862643599510193,-137.2012529586786
000248.pid, car, 2.4927932307833793, -15.68411945161366, -3.4586491471245173, 0.6335169076919556,5.00972467502401
000248.pid, truck, 3.3792281059118476, -15.628336429595947, -3.315664071303147, 0.3055216670036316,-164.55713948821239
000249.pid, person, 3.9392197302409664, -15.554103306361615, -3.421934723854065, 0.7627572417259216,-45.55967006338643
000249.pid, car, 11.230377796718054, -7.466314056941446, -3.7401015213557653, 0.798953115940094,-136.7671780303178
000249.pid, car, 2.4961771607399066, -15.672906589508063, -3.3639553308486945, 0.6314764618873596,1.1145324045340268
000249.pid, car, 11.053083101908369, -7.149751488367718, -3.836037373542785, 0.5416480898857117,87.9803451937906
000249.pid, car, 3.449315895636883, -15.597687522570292, -3.321260432402292, 0.3301791846752167,-167.9648639604508
000250.pid, person, 3.903613879130444, -15.597446808448213, -3.3489997753730187, 0.7559720873832703,-31.67778851043878
000250.pid, car, 11.160339153174199, -7.463256055658519, -3.7648286385969687, 0.7649227380752563,-138.5218148175511
000250.pid, car, 2.470892992886638, -15.682206370613796, -3.4445008906451138, 0.6375513672828674,0.6855401150012203
000250.pid, car, 10.965101273854577, -6.7475471258163475, -3.8849096218744905, 0.5360366106033325,88.71693156948555
000250.pid, car, 3.4026680925618096, -15.628812333811885, -3.2764095534449034, 0.31760072708129883,-170.32529110140553
000251.pid, person, 3.9119687378406605, -15.621203720569618, -3.387455642223358, 0.7690513730049133,-36.20374580081344
000251.pid, car, 10.863395853740414, -7.501328107787346, -3.629577875137329, 0.7814908623695374,-146.02875613022633
000251.pid, car, 2.484376180739638, -15.696068082536975, -3.460262139638265, 0.6370879411697388,3.4934629672405495
000251.pid, car, 3.4250313705868263, -15.657270431518556, -3.3065201529750112, 0.30383285880088806,-168.85624334243903
000252.pid, person, 3.9057756832667843, -15.593927315303265, -3.4336126702172414, 0.7732097506523132,-107.07811084853617
000252.pid, car, 10.805205512046815, -7.613790547847752, -3.711752897500992, 0.76536625623703,-143.17909357066438
000252.pid, car, 2.5089132785797204, -15.66902604103089, -3.427063691616058, 0.6371039152145386,2.520117598249019
000253.pid, person, 3.924651696131787, -15.521368466890785, -3.398185161443857, 0.7815546989440918,40.58714199497326
000253.pid, car, 10.410092149462022, -7.749743887356353, -3.698533466884068, 0.8278412222862244,-141.1239847376359
000253.pid, car, 2.4785554300655113, -15.690497701818298, -3.4857217615300957, 0.636539101600647,5.697176266561244
000253.pid, car, 10.119167633056644, -6.743204870224002, -3.826833581924438, 0.4196120798587799,82.25441459646173
000253.pid, car, 3.458682342009116, -15.563713420521132, -3.306635878302833, 0.3157373070716858,-167.81233917055266
000254.pid, person, 3.893672565619159, -15.561474959055593, -3.3160894314448046, 0.7691107392311096,-18.477916580268786
000254.pid, car, 10.063658805120562, -8.123481307710923, -3.7261207671392533, 0.8424170017242432,-140.47432585705874
000254.pid, car, 2.4744371609254396, -15.679682211442433, -3.4442105943506416, 0.6380842924118042,0.2792898203947588
000254.pid, car, 9.573704807846639, -7.238057363916329, -3.643156139938919, 0.5553061962127686,77.56967018354483
000255.pid, person, 3.918270079294848, -15.595209185282396, -3.360831244786581, 0.7658647894859314,-25.92369185154208
000255.pid, car, 9.840438405672712, -8.051207052336801, -3.743853125307295, 0.8666846752166748,-146.8913968793877
000255.pid, car, 9.62774767194476, -6.937360922495524, -3.763300078255789, 0.799554169178009,77.02286273919927
000255.pid, car, 2.4599573612213224, -15.694139697334988, -3.5038960088383067, 0.6342191696166992,3.4976750980034095
000256.pid, person, 3.9379493168422246, -15.548342841012145, -3.421292304992676, 0.769302248954773,-50.14040119323413
000256.pid, car, 9.722166009851406, -8.161875943879828, -3.795083439027941, 0.8798902630805969,-137.39239144235395
000256.pid, car, 9.486266334851587, -6.9596499428153065, -3.779975901047388, 0.7347525954246521,77.34581751334092
000256.pid, car, 2.502706670761116, -15.671016263961798, -3.427014875411987, 0.6373869776725769,1.2337547155532504
000256.pid, truck, 3.5289274670861044, -15.567467906258322, -3.3301417394117867, 0.3170269727706909,-171.15031526211425
000257.pid, person, 3.9165437380472907, -15.631097920735685, -3.398099295298259, 0.7742931842803955,-44.56476770139264
000257.pid, car, 9.677782937884334, -8.11432252824307, -3.7295254170894623, 0.8665136694908142,-139.4232058456628
000257.pid, car, 9.179405277425596, -7.418019912459633, -3.6657717986540352, 0.7012573480606079,75.25379300186007
000257.pid, car, 2.4674587899988434, -15.692404400218622, -3.446428591554815, 0.6404878497123718,3.350740281300542
000258.pid, person, 3.956258386373529, -15.56037491559983, -3.5063984394073486, 0.7755509614944458,-104.19521799624044
000258.pid, car, 9.117918080297011, -8.307205611261832, -3.8211736514650543, 0.871407151222229,-140.54478903301222
000258.pid, car, 2.450259049733488, -15.700531914120635, -3.5203998997097923, 0.6406006217002869,2.508168052924209
000258.pid, car, 8.481212503769827, -7.795117392259491, -3.672330898397108, 0.6214896440505981,77.49382086208755
000259.pid, person, 3.9264686841231207, -15.527688099787794, -3.399663760111882, 0.7570948600769043,13.021238442558559
000259.pid, car, 8.788298885027572, -8.403683503468836, -3.8788172801335654, 0.8701781034469604,-139.37853938321751
000259.pid, car, 8.373662535349533, -8.171222877502446, -3.654918591181436, 0.7315354347229004,77.02665794019701
000259.pid, car, 2.4825418999320634, -15.695973346107891, -3.423482769413998, 0.6320405602455139,3.2324873298777015
000260.pid, person, 3.8952064330761336, -15.596671251150287, -3.348604367329524, 0.7502827644348145,-32.865610858931554
000260.pid, car, 7.984981576601669, -8.621816754341133, -3.489338477452596, 0.892501175403595,-130.87599920512724
000260.pid, car, 7.512680590152746, -8.75517436861992, -3.42740811407566, 0.7321719527244568,-140.05516249821036
000260.pid, car, 2.4728593284433624, -15.68716903166338, -3.4451228055087, 0.6601023077964783,5.578253489007202
000261.pid, person, 3.9170792836409425, -15.58507911975568, -3.3473488000723037, 0.7575111985206604,-30.130798742993612
000261.pid, car, 7.624006394986758, -9.12243807757343, -3.7192856117531106, 0.8780648112297058,-117.99960102471158
000261.pid, car, 7.031850841310291, -8.630789438883463, -3.366831958293915, 0.7171326279640198,69.31530579446917
000261.pid, car, 2.5221443803686925, -15.671823953327385, -3.3745071637003043, 0.6545645594596863,1.7659198959452842
000261.pid, car, 5.01638305187226, -9.431870619455974, -4.469453851381936, 0.31584250926971436,-87.1103269921447
000262.pid, person, 3.9084255377451647, -15.627776654561368, -3.396639855702718, 0.7519181966781616,-42.11012530602315
000262.pid, car, 6.510294895905718, -10.134824147591228, -3.9668194422355065, 0.8936623930931091,-122.93483706441248
000262.pid, car, 6.743996721799258, -9.110121750440754, -3.4538012567113654, 0.7563987970352173,23.40146316924561
000262.pid, car, 2.4966121741703655, -15.71723415738061, -3.348975806009202, 0.6510370969772339,10.331810923329442
000263.pid, person, 3.9066147437462524, -15.58291589296782, -3.3464334194476795, 0.768164873123169,-28.168934730174023
000263.pid, car, 6.685318086458293, -9.377261379490731, -3.612891269766766, 0.8808115720748901,-121.55416016046212
000263.pid, car, 6.599315010771462, -8.855881973188751, -3.290742100501547, 0.7855559587478638,67.50188874489508
000263.pid, car, 3.9975378020056413, -8.083715997893236, -4.447905754220896, 0.3056005835533142,82.4541035764644
000264.pid, person, 3.902284928730564, -15.629112175532757, -3.3812210048948015, 0.7454640865325928,-57.74883465639119
000264.pid, car, 6.270535430908207, -9.801899652481083, -3.6269473791122437, 0.8892192244529724,-117.50035100055149
000264.pid, car, 4.325737168149256, -11.760483102100652, -3.7115044186754917, 0.4190342426300049,79.25114276461025
000265.pid, person, 3.9194030761718834, -15.598627662658698, -3.361545435587565, 0.7613208293914795,147.21996981919096
000265.pid, car, 5.82730501038688, -10.343483025687085, -3.7849395547594344, 0.8814192414283752,-116.77758341685879
000265.pid, car, 4.36678121810736, -11.899859239888746, -3.6941561865252117, 0.4670470058917999,77.32621218842064
000266.pid, person, 3.9073075056076125, -15.605230195181718, -3.3740377596446445, 0.7747325301170349,-38.06088165149659
000266.pid, car, 4.330064439773563, -11.99157556806292, -3.7381786278315943, 0.42679908871650696,78.98293389734755
000267.pid, person, 3.8940614291599895, -15.650875159672337, -3.3845746346882413, 0.7556397914886475,-97.98812881133671
000267.pid, car, 4.113898073754665, -12.483035529532083, -3.657347068554017, 0.37309592962265015,78.2060738053591
000268.pid, person, 3.9428640774318238, -15.596082959856314, -3.3723474400384084, 0.7417779564857483,-33.22201384451843
000268.pid, car, 3.2332481066385963, -13.283403417799208, -3.5580107794867617, 0.3819505274295807,88.00522644884306
000269.pid, person, 3.90371773793148, -15.589317908653856, -3.3469520715566787, 0.7175662517547607,-27.819461622827852
000270.pid, person, 3.900922834873206, -15.677552521228797, -3.427037119865418, 0.7586570978164673,-94.36682257045564
000270.pid, truck, 3.0121823146939333, -13.65484597682953, -3.5391583859920503, 0.3220319151878357,96.09968602070887
000271.pid, person, 3.904965432484951, -15.667690594991052, -3.408158032099406, 0.7677009701728821,-97.17089234773604
000271.pid, car, 3.081364627291522, -13.355470075839904, -3.597244913985089, 0.4006010591983795,96.37078490991618
000272.pid, person, 3.903864298548025, -15.618087291717538, -3.375357372420175, 0.7743497490882874,-40.981583697827155
000272.pid, car, 2.780508728107308, -12.978395903982767, -3.5774614985396216, 0.53983074426651,101.77336172645634
000272.pid, car, -0.6011232080913667, -8.411721683683854, -3.9333282879420683, 0.3639771044254303,-162.19907648122896
000273.pid, person, 3.936455329259245, -15.579380416870125, -3.443380324045817, 0.7737010717391968,94.13882605285029
000273.pid, car, 2.6206198975262183, -13.09619033627394, -3.5748338524888195, 0.8162603974342346,107.01490324408266
000273.pid, car, -1.3763454235517005, -8.493640276101921, -4.013898216761075, 0.44619619846343994,-139.3374151408308
000274.pid, person, 3.902160440172476, -15.613375391278955, -3.3743946722575595, 0.7823377847671509,-35.94888995000501
000274.pid, car, 2.3082758715169343, -12.533732583787707, -3.6007153352101637, 0.8694320917129517,108.74571044414095
000274.pid, car, -1.6172907223572541, -8.349676029102227, -3.9688194957939347, 0.391878217458725,-154.8698282720016
000275.pid, person, 3.8930208086967557, -15.635648131370552, -3.4726586490869527, 0.7278222441673279,-109.35155402599656
000275.pid, car, 2.3308200306362643, -12.993493546379938, -3.6028702682918974, 0.8522406220436096,112.43971096616399
000275.pid, car, -1.928106451735772, -8.223741475273581, -3.941288190729477, 0.4083554744720459,178.76300762141244
000276.pid, person, 3.931232881546029, -15.605960591634123, -3.450375477472941, 0.6847246289253235,-104.95069823156763
000276.pid, car, 1.8080855954337822, -12.397956255319958, -3.60501640551799, 0.8525472283363342,113.794481644404
000276.pid, car, -2.9813891605094573, -8.334941122266983, -4.129324771739818, 0.48792797327041626,-148.2421269254399
000276.pid, car, -1.989737418390084, -8.193915613235967, -3.9341670390098322, 0.407218873500824,178.0753227830515
000277.pid, person, 3.928700192769377, -15.584371948242195, -3.4434192180633545, 0.6913344264030457,100.38758886443429
000277.pid, car, 0.3794897172239583, -10.787266208279519, -3.7414002110881186, 0.6163092255592346,-55.6055345680601
000278.pid, person, 3.9069482719197084, -15.651585017933572, -3.4900674539453846, 0.6695919632911682,-110.00580694494838
000278.pid, car, -3.0536309442212453, -8.116547738352132, -4.045956365523799, 0.4778441786766052,1.997318753287597
000278.pid, car, 0.20536124257540792, -10.58815249529752, -3.8364230285991314, 0.4702981412410736,-59.346736669058735
000279.pid, person, 4.0103644643511185, -15.709766932896217, -3.7479811736515596, 0.5591908693313599,60.97586545167488
000279.pid, person, 2.4244874119758637, -15.396754264831548, -3.850895106792449, 0.4351852238178253,-163.20142866274378
000279.pid, car, -1.7552850723266549, -8.217156636714936, -3.9338364422321312, 0.6604489684104919,170.14296067683472
000280.pid, person, 4.008242334638331, -15.847436632428863, -3.652762515204294, 0.48880821466445923,-120.13619634279664
000280.pid, person, 2.470194657643645, -15.377830823262538, -3.758458640840316, 0.3700058162212372,177.66008857722116
000280.pid, car, -2.0994794902516785, -8.21512995193254, -3.964840540245397, 0.7371379137039185,165.70157167485252
000281.pid, person, 4.093066136042286, -15.650021235148126, -3.734433889389038, 0.4720022976398468,78.40215665831828
000281.pid, person, 2.527695008686618, -15.344643729073663, -3.643978221075874, 0.38417091965675354,-167.8371447245653
000281.pid, car, -2.5870186715829524, -8.264215766406451, -4.045967090325277, 0.8549358248710632,163.3254550564836
000281.pid, car, 3.2442762430976493, -15.499665877398328, -3.454132641063017, 0.642798125743866,170.33419868415413
000282.pid, person, 4.070453127225249, -15.759066899617524, -3.618522047996521, 0.5121920704841614,77.74491999679039
000282.pid, person, 2.60993740558625, -15.410800647735599, -3.80422224998474, 0.441267728805542,-26.307684793301092
000282.pid, car, -2.90245398945278, -8.245181867811416, -4.080276044209797, 0.7295877933502197,-28.806537497635126
000283.pid, person, 3.918355479836473, -15.620685040950782, -3.4669503569602966, 0.6653507351875305,-104.26851281321476
000283.pid, person, 2.5480027198791557, -15.305377006530765, -3.722899293899534, 0.4281708300113678,173.25811062675342
000283.pid, car, -3.2336387200788965, -8.234386053952305, -4.126291058280251, 0.5106011033058167,-45.37070079086501
000284.pid, person, 4.03454667329789, -15.677414894104015, -3.6789145171642312, 0.5907832384109497,-115.59210414733656
000284.pid, truck, 3.5548380329495437, -15.508588609241306, -3.4707185654413126, 0.3912351131439209,168.97564417360735
000285.pid, person, 4.006943225860604, -15.841174920399993, -3.6391644875208535, 0.488494873046875,-116.15973774611655
000285.pid, car, 3.404155129971717, -15.510365195896316, -3.419184757315594, 0.333675742149353,164.39099963982179
000286.pid, person, 4.104663213094082, -15.633501370747894, -3.7302965720494594, 0.6005573272705078,80.76780884449522
000286.pid, car, 3.5228479450399295, -15.4699539271268, -3.448112325234846, 0.3539014160633087,163.70075945093726
000287.pid, person, 3.99455678462983, -15.894839286804213, -3.725361386934917, 0.48844361305236816,-122.46741851383777
000288.pid, person, 4.106118837992358, -15.612586975097669, -3.726418733596803, 0.3986532390117645,83.0318329295147
000289.pid, person, 4.112552245457974, -15.62395985921225, -3.7282225290934243, 0.4984455406665802,81.25292108092054
000290.pid, person, 3.843624369303394, -15.648990631103523, -3.4131203174591063, 0.6751123070716858,-131.3161253973338
000291.pid, person, 4.034153163433084, -15.740480661392224, -3.7416715621948247, 0.5775456428527832,-110.4047670762011
000300.pid, truck, 3.542820778760047, -15.445003986358643, -3.497887795621698, 0.30820268392562866,158.78655380029414
000302.pid, person, 4.135909398396817, -15.422229448954274, -3.752698421478271, 0.3689589500427246,85.32402947466856
000302.pid, bicycle, 4.074329535166432, -15.828202565511079, -3.7033589680989585, 0.630608856678009,-116.39472410354242
000303.pid, person, 3.9868432044982995, -15.903038597106946, -3.7276071548461913, 0.40161916613578796,-121.96019988826154
000304.pid, person, 4.105682214101165, -15.634150187174491, -3.7306573788325, 0.589345395565033,80.38038852003493
000305.pid, person, 3.964809742840862, -15.522364009510397, -3.436141599308361, 0.6105067133903503,99.07605250971984
000306.pid, person, 4.045747109821873, -15.678559167044515, -3.6731552055903847, 0.582065761089325,-110.10381412652458
000308.pid, person, 4.117515373229989, -15.583637619018566, -3.733419513702393, 0.570667564868927,81.51190524663508
000308.pid, truck, 3.4842076074509443, -15.401993070329938, -3.4832451911199653, 0.30705025792121887,161.31943221049116
000309.pid, person, 4.092308330535896, -15.7749948501587, -3.6947646141052246, 0.6123301386833191,-108.21118034172545
000309.pid, bicycle, 3.943568627039601, -15.676702817281097, -3.8185687859853115, 0.5676844120025635,-110.27193917140801
000310.pid, person, 3.9089770827974677, -15.647023132869183, -3.5147383553641185, 0.6690236330032349,-112.30497972907929
000311.pid, person, 3.8288427670796787, -15.691610781351732, -3.4576332569122314, 0.6163396239280701,-125.95375190459154
000312.pid, person, 4.075994205474862, -15.746112442016614, -3.6007291793823244, 0.5921101570129395,84.44176983304928
000313.pid, person, 3.9972415367762344, -15.734061559041352, -3.7592042287190757, 0.5141590237617493,-108.75266266850417
000315.pid, person, 3.956412136554726, -15.979422807693492, -3.7407242655754094, 0.5963490009307861,-121.62483434605932
000315.pid, truck, 3.462363698265773, -15.454803163355047, -3.4744997566396525, 0.32310783863067627,156.02552794278853
000316.pid, person, 4.083874130249031, -15.741539192199719, -3.5989550590515136, 0.5773011445999146,85.02853706454721
000317.pid, person, 4.028711966105877, -15.731224196297793, -3.747011865888323, 0.580647349357605,-110.97207216392982
000318.pid, person, 4.08764257431031, -15.76014919281007, -3.603156042098999, 0.593109130859375,75.58254395211512
000319.pid, bicycle, 4.082940260569262, -15.817041397094739, -3.7005779743194585, 0.6181013584136963,-116.50128286085064
000324.pid, person, 4.088901678721117, -15.787778218587249, -3.696649710337321, 0.5347447991371155,-114.81375583857783
000325.pid, person, 4.001803100109108, -15.718072414398208, -3.9004914164543156, 0.5141929388046265,-112.54687702657452
000326.pid, bicycle, 4.092785596847543, -15.799400568008432, -3.696930766105653, 0.5962563753128052,59.584174705592034
000327.pid, person, 3.8258311748504714, -15.674463067735953, -3.39617155279432, 0.6337708234786987,-107.3373905023291
000328.pid, person, 3.924486610624533, -15.608626948462598, -3.538164350721571, 0.6437519192695618,-111.90891859651626
000329.pid, person, 3.909411923090625, -15.581089846293139, -3.4484888553619384, 0.6353203058242798,-113.55249941233706
000330.pid, person, 3.9077625910441163, -15.59671910603842, -3.448488283157349, 0.649915874004364,-106.74623656816345
000331.pid, person, 3.8738842691694066, -15.617723601205016, -3.3819270304271156, 0.6548230648040771,-165.3847119226125
000332.pid, person, 3.9381189686911533, -15.591022287096305, -3.4700260843549455, 0.6698354482650757,53.22290491295381
000333.pid, person, 3.9070198025022314, -15.643104416983476, -3.513484835624695, 0.6520174145698547,-112.91670625143081
000333.pid, truck, 3.5758460164070165, -15.449424648284912, -3.470088446140289, 0.3175369203090668,157.9975211455469
000334.pid, person, 3.932843372225769, -15.606824517250068, -3.549782395362854, 0.6883995532989502,-112.3466274354673
000335.pid, person, 3.861977925667404, -15.62280882321872, -3.3955458677732033, 0.704595148563385,146.66646070282968
000336.pid, person, 3.892188936471948, -15.682073712348945, -3.4278781265020375, 0.7561842203140259,-94.92727126981325
000337.pid, person, 3.9081299304962243, -15.58489729563396, -3.448844957351685, 0.8049976825714111,-115.05965043448288
000338.pid, person, 3.8887541294097976, -15.643377304077156, -3.476740002632141, 0.800891637802124,-108.51435518516675
000338.pid, car, 3.590579943223439, -15.452724543484775, -3.4997912320223716, 0.31025430560112,151.57253089174768
000339.pid, person, 3.8821837107340587, -15.618720881144213, -3.371121549606323, 0.7798070311546326,-165.03493154796445
000339.pid, car, 3.473577175140386, -15.383342819213869, -3.500217294692992, 0.3075346350669861,-21.149218608533946
000340.pid, person, 3.866694644093522, -15.674373626708991, -3.431418672204018, 0.7258833050727844,-108.93201443018333
000341.pid, person, 3.881313562393196, -15.63577806949616, -3.475363820791245, 0.7521536350250244,-111.99845781927974
000342.pid, person, 3.903532760483887, -15.585440703800755, -3.466513020651681, 0.7439283728599548,62.151336889937866
000343.pid, person, 3.846045128504443, -15.598843510945645, -3.4083938598632817, 0.7258706092834473,-92.34266322356368
000344.pid, person, 3.8917017824509648, -15.500978974735043, -3.4759787391213814, 0.7148385047912598,88.49228279631012
000345.pid, person, 3.8992728485780686, -15.441989954780137, -3.472218218971701, 0.7813974618911743,-96.26775175286008
000345.pid, car, 3.6820865921352275, -15.292504642320718, -3.4901200377422823, 0.3104485273361206,128.63823376884386
000346.pid, person, 3.8862722672914294, -15.466995690998283, -3.4661269438894173, 0.7792742252349854,-93.31504485245063
000346.pid, truck, 3.6950698280334513, -15.314074745178223, -3.482301702499389, 0.32279011607170105,-50.298092471744056
000347.pid, person, 3.940771481570084, -15.431721855612368, -3.4945431456846348, 0.701582670211792,80.44922695338215
000347.pid, person, 3.705605173110967, -15.231994972229003, -3.5642853546142574, 0.3602645695209503,-48.22410962357647
000348.pid, person, 3.9637196745191376, -15.846667698451464, -3.6598892211914067, 0.5975983738899231,-121.63135449709372
000348.pid, car, 3.537505388259895, -14.995176970958713, -3.568241745233536, 0.6017192602157593,-36.99060389237614
000349.pid, person, 4.094198158809124, -15.612204415457601, -3.654699257441931, 0.5612972378730774,81.81572870102583
000349.pid, person, 3.7643708099018482, -15.243806448849767, -3.5990406708283853, 0.3540976345539093,117.87144147120706
000349.pid, car, 3.6104513804117917, -15.07188739776612, -3.5730666637420656, 0.6101276278495789,-65.14965309441098
000350.pid, person, 3.919184259005964, -15.493303639548174, -3.577610424586705, 0.6537867784500122,-100.50239014305123
000351.pid, person, 3.966996298895949, -15.342189788818366, -3.510341167449951, 0.6689282655715942,-94.31677097524837
000352.pid, person, 4.008516918529172, -15.377001675692481, -3.5601259361613886, 0.7274814248085022,-105.74843509067634
000352.pid, car, 3.8313465913136846, -15.163580830891927, -3.578366518020629, 0.34517282247543335,-73.47583848843752
000353.pid, person, 3.9681777813855423, -15.444480391109698, -3.4991179634543026, 0.7118863463401794,-101.94493499303093
000353.pid, person, 3.7881744284378907, -15.203138552213973, -3.571005796131334, 0.47289469838142395,-77.98956529807114
000354.pid, person, 3.9451357768132223, -15.493288040161142, -3.546079763999352, 0.7111360430717468,63.64748758088503
000354.pid, car, 3.8663944947092226, -15.198437289187783, -3.5357921374471557, 0.36292293667793274,-81.6538049742363
000355.pid, person, 3.9960840665377186, -15.44101729759804, -3.57395966236408, 0.7182375192642212,63.03374020750557
000355.pid, person, 3.882857824626728, -15.128056626570855, -3.585531397869712, 0.489932119846344,-80.74656049985887
000356.pid, person, 4.045938832419266, -15.746841294424888, -3.700829335621425, 0.6023631691932678,63.02334476123976
000356.pid, person, 3.8649685836973706, -15.242732820056736, -3.501936855770292, 0.4681352972984314,-84.73566369780406
000357.pid, bicycle, 4.326171795527149, -15.211821715037042, -3.652478734652201, 0.5897477269172668,-109.5844859768525
000357.pid, truck, 3.901605465195402, -15.151443351398818, -3.4884945804422545, 0.3185287117958069,-87.0055567780505
000358.pid, person, 4.390289926528938, -15.173447513580333, -3.405345845222474, 0.44099098443984985,-112.0971228483491
000358.pid, car, 3.9643933047419058, -15.108971139659053, -3.5382320155268125, 0.35312217473983765,-87.76862119095372
000359.pid, bicycle, 4.211716720036106, -15.629292079380592, -3.6555889674595425, 0.6518404483795166,-123.31109894783538
000359.pid, car, 3.976755371460556, -15.122981915107143, -3.4919510437892023, 0.3349786698818207,-93.97176712730655
000360.pid, bicycle, 4.462763309478768, -15.271732997894299, -3.453791284561158, 0.6233956813812256,-118.77373510515042
000361.pid, person, 4.524997582802414, -15.041932619535014, -3.4432037426875195, 0.39045506715774536,-120.78187294170951
000361.pid, car, 4.068306814540523, -15.305908376520328, -3.2701106071472164, 0.3518246114253998,-109.92809696952861
000362.pid, person, 4.570728063583383, -15.153763771057136, -3.3271067539850874, 0.41712844371795654,-122.41194432305645
000362.pid, truck, 4.058350052152368, -15.334450903392977, -3.28222556341262, 0.3201913833618164,-112.31240371913637
000363.pid, person, 4.566221613633016, -15.190927856846866, -3.3340241281609786, 0.4796057641506195,-122.96301835238026
000364.pid, person, 4.677387055228746, -15.059690251069917, -3.3024978216956646, 0.6144288778305054,-126.76320515177005
000365.pid, person, 4.660291896146894, -15.088145199943998, -3.3642278699313892, 0.620078980922699,-129.23377872020814
000366.pid, person, 4.750238736470552, -15.067553573184549, -3.3692462709214954, 0.6448214054107666,-126.06129106505122
000367.pid, person, 4.78774459362031, -15.151506567001348, -3.4496511578559876, 0.5525708198547363,-132.23715941545916
000368.pid, person, 4.832840828668511, -15.217277254377098, -3.466280358178275, 0.639796257019043,-139.99960407927205
000369.pid, person, 4.836704049791616, -15.288065319969546, -3.5412810757046653, 0.7179943323135376,-139.8847000023071
000370.pid, person, 4.8909621021964425, -15.354211677204484, -3.544567595828663, 0.7781121134757996,-148.58102371119296
000371.pid, person, 5.02547466053683, -15.350955009460456, -3.5138753301957077, 0.708306074142456,126.95871747287933
000372.pid, person, 4.972468789418545, -15.33461990356446, -3.6154650847117105, 0.7019303441047668,-48.1743745098046
000373.pid, person, 4.9470854759216385, -15.391379165649422, -3.4824024041493735, 0.8028645515441895,-61.69085720546962
000374.pid, person, 4.945281365338502, -15.439802450292257, -3.5378480097826794, 0.7326501607894897,-56.70311289460085
000375.pid, person, 4.9930099319009305, -15.470280142391436, -3.519831461064956, 0.5104732513427734,-57.919524180917726
000376.pid, person, 4.940822215307335, -15.485529808771048, -3.402461301712763, 0.4258280098438263,-51.66291115550674
000377.pid, person, 4.989130683567223, -15.54133270097816, -3.4531586273856787, 0.5084441304206848,-45.57214614194014
000378.pid, person, 5.1345199071444085, -15.661438831916227, -3.3323756548074575, 0.4748709201812744,-43.42010479314608
000379.pid, person, 5.171889691125787, -15.740210306076781, -3.339129073279245, 0.4667132496833801,-37.370974744128254
000380.pid, person, 5.189965612748098, -15.737556008731625, -3.332804539624383, 0.45209887623786926,-37.89013284870948
000381.pid, person, 5.340926527976997, -15.747182369232185, -3.331822951634725, 0.6482565999031067,-37.27965027622906
000381.pid, person, 4.81821044286093, -15.559075673421235, -3.257639010747275, 0.5996039509773254,-115.82090343943216
000382.pid, person, 5.440513170682475, -15.791051644545345, -3.3345089692335863, 0.8137848973274231,-37.50728130880723
000382.pid, person, 4.904133319854746, -15.570589701334645, -3.2649606068929042, 0.41436901688575745,-117.69651467381965
000382.pid, truck, 5.079987287521368, -15.721431365379924, -3.3112190136542674, 0.33819180727005005,161.9225877206976
000383.pid, person, 5.398318767547614, -15.722101651705238, -3.3163890471825233, 0.850106418132782,-31.533467554720723
000384.pid, person, 5.495629657398578, -15.766884630376653, -3.314430518583818, 0.8485052585601807,-30.330392544508385
000385.pid, person, 5.560891355787014, -15.702064105442597, -3.3100943054471696, 0.8608110547065735,-21.90099840068629
000386.pid, person, 5.601280559193014, -15.692127401178544, -3.3112094402313232, 0.8363661170005798,-19.437777067319434
000386.pid, person, 5.203607166514683, -15.534814946791709, -3.280835782780366, 0.34573206305503845,179.76689365981747
000387.pid, person, 5.652041594187426, -15.662204027175912, -3.304648876190186, 0.847328245639801,-20.653746213922627
000388.pid, person, 5.731438477834074, -15.760880470275888, -3.3114960988362636, 0.8318035006523132,-22.53814301467314
000389.pid, person, 5.849630594253548, -15.77179465975081, -3.3100584575108125, 0.8276267647743225,-24.843598080268777
000390.pid, person, 5.956086119016022, -15.845054785410573, -3.3143922487894693, 0.8167411684989929,-8.08701474252398
000391.pid, person, 6.094260896955227, -15.933365276881634, -3.310364586966379, 0.7692179679870605,152.64148752092535
000392.pid, person, 6.1516861518224175, -15.850971221923835, -3.3285839358965554, 0.711386501789093,-15.247432752839185
000393.pid, person, 6.2062633514404375, -15.90965417226156, -3.3192187786102294, 0.6466571092605591,-15.955342759765003
000394.pid, person, 6.3123522599538235, -15.946586847305307, -3.2975769440333047, 0.5348553657531738,155.1189347729804
000394.pid, car, 5.344123244285589, -15.877530983516152, -3.3161379098892203, 0.31434646248817444,171.62273886680762
000395.pid, person, 6.29089670914871, -15.901941739595859, -3.313027638655443, 0.5432782769203186,-8.083798282881105
000396.pid, person, 6.371843934059151, -16.012421210606902, -3.3179847200711574, 0.53650963306427,-23.510802742658413
000396.pid, bicycle, 4.085469245910655, -15.814210573832206, -3.699801047643026, 0.3923831880092621,56.25635359912864
000397.pid, person, 6.427192052205413, -15.939942518870046, -3.3301336765289307, 0.6037960052490234,-16.850666926805324
000398.pid, person, 6.57607595125835, -16.028462409973155, -3.3190852801005044, 0.7021613121032715,-27.986736651551823
000399.pid, person, 6.706500609715789, -16.11222481727601, -3.2956699728965764, 0.7044430375099182,150.0792865924629
000400.pid, person, 6.751683354377755, -16.162503798802703, -3.2970645626386013, 0.746742308139801,148.98981249111299
000401.pid, person, 6.7993290764945, -16.112309864589154, -3.345532212938582, 0.7509269714355469,161.7914167969173
000402.pid, person, 6.834791313518185, -16.128939108415093, -3.3861963098699395, 0.7259565591812134,-22.71015441913585
000403.pid, person, 6.9160012465257, -16.169374979459327, -3.375107086621798, 0.7842171788215637,-22.715983734900597
000403.pid, car, 5.55602703094483, -15.94333788553874, -3.4439237753550205, 0.33060815930366516,171.25359656192103
000404.pid, person, 7.009834913107074, -16.262667582585266, -3.34582570882944, 0.7521334290504456,-26.60295300613747
000405.pid, person, 6.978705207506825, -16.21892786026002, -3.3394229809443154, 0.7387639880180359,-14.159979691695526
000405.pid, truck, 5.530897600310197, -15.878297124590192, -3.4286275250571094, 0.37907060980796814,-7.659648200369988
000406.pid, person, 7.079758717463577, -16.276405187753536, -3.2044927523686337, 0.7185730934143066,-16.121775995851962
000407.pid, person, 7.138820684873151, -16.243101706871627, -3.1973463571988625, 0.8219018578529358,-11.69422157296452
000408.pid, person, 7.260560877182913, -16.246118321138276, -3.213911056518555, 0.8208320736885071,-9.788761435250493
000408.pid, car, 5.962160553250999, -16.070990062895277, -3.2377288909185493, 0.336666464805603,170.78842720930743
000409.pid, person, 7.229026953379322, -16.237881342569995, -3.2111221154530845, 0.8288607597351074,-8.261471976714967
000409.pid, truck, 5.678201955907492, -15.976092114168058, -3.2657794110915233, 0.3504621684551239,170.24957762457342
000410.pid, person, 7.305696047269388, -16.193703724787795, -3.250468474168044, 0.7244864106178284,-3.9313189225153593
000410.pid, car, 5.6856366746565925, -15.994020237642175, -3.269776400397805, 0.36770254373550415,171.43546459246804
000411.pid, person, 7.37347977956137, -16.11414337158204, -3.2810422420501713, 0.739848256111145,5.663276230876156
000411.pid, car, 5.989043744405118, -16.003648885091145, -3.232493861516316, 0.32356348633766174,171.95183115304067
000412.pid, person, 7.465343181903555, -16.032244022075954, -3.277048074282133, 0.7454361915588379,5.943490337815247
000412.pid, truck, 6.190278681841769, -15.927362442016602, -3.2890708446502672, 0.3372550904750824,171.30459278991128
000413.pid, person, 7.411714410781869, -15.975024700164804, -3.314985513687134, 0.6916192770004272,33.109093909549514
000413.pid, car, 7.411714410781864, -15.975024700164795, -3.3149855136871325, 0.30910202860832214,33.10909390954838
000414.pid, person, 7.472538471221933, -15.906741362351646, -3.294646629920373, 0.7480061650276184,35.68276389615786
000414.pid, car, 7.47253847122193, -15.906741362351637, -3.2946466299203716, 0.33521631360054016,35.68276389615769
000415.pid, person, 7.5068013017827875, -15.915683399547238, -3.257797371257436, 0.7730188965797424,38.580341779584124
000416.pid, person, 7.5221961339314865, -15.88940445582073, -3.274954358736674, 0.6905096173286438,40.51530798576245
000417.pid, person, 7.570817730643541, -15.870765165849177, -3.2515442154624252, 0.6307557225227356,50.42003467224656
000418.pid, person, 7.611949140375319, -15.857693325389523, -3.2513240467418325, 0.508004903793335,52.036294593518996
000419.pid, person, 7.605220615863806, -15.924071431159978, -3.1599940359592416, 0.5005229711532593,65.65561704071226
000419.pid, bench, 3.776359558105476, -15.961409568786625, -3.7761133909225455, 0.32633107900619507,18.532724508508554
000420.pid, person, 7.688013113462018, -15.800705616290761, -3.286296147566576, 0.5289828777313232,61.27841530221875
000421.pid, person, 7.673903595317501, -15.85229492187501, -3.252123312516646, 0.4833240509033203,64.7226851946285
000422.pid, person, 7.700489564375454, -15.836241548711614, -3.2507705254988237, 0.5785335302352905,67.74765269355072
000423.pid, person, 7.728453636169443, -15.764507579803478, -3.2750979900360107, 0.4923696517944336,62.4430114217045
000424.pid, person, 7.753458283164293, -15.705651196566505, -3.3601888960058037, 0.3093748986721039,59.831225242795774
000430.pid, person, 7.974577999114998, -15.251479530334478, -3.442564471562704, 0.37924861907958984,48.75101109798612
000431.pid, person, 8.02088170893053, -15.204998970031745, -3.438697478350471, 0.3669491708278656,-129.85209460509705
000432.pid, person, 8.026668801027194, -15.181589743670301, -3.4350981852587537, 0.40465492010116577,-132.11023034551468
000433.pid, person, 8.06713162935698, -15.151076316833505, -3.4333801452930155, 0.4162698984146118,-129.67601754243327
000434.pid, person, 8.083625984191901, -15.162135505676273, -3.4370209058125805, 0.6028896570205688,-131.49353817418375
000435.pid, person, 8.09488907982322, -15.193967426524443, -3.443681169958675, 0.6204126477241516,-133.08378242097882
000436.pid, person, 8.156984359025962, -15.214198887348175, -3.453086167573928, 0.6436551809310913,-133.20577156923054
000437.pid, person, 8.20321366190911, -15.23992246389389, -3.461960464715957, 0.6670665740966797,37.06937020275565
000438.pid, person, 8.223721197673258, -15.293397086007257, -3.4732932703835613, 0.7503597736358643,34.7490266476852
000439.pid, person, 8.257116731007898, -15.303292719523112, -3.478179375330606, 0.7161130309104919,-143.61660496216805
000440.pid, person, 8.300446237836573, -15.302988733564105, -3.4822586263929085, 0.6789324283599854,-151.94211221487157
000441.pid, person, 8.304078280925758, -15.321399867534637, -3.485886767506599, 0.7117122411727905,17.133952265147947
000442.pid, person, 8.308645566304532, -15.312906519571944, -3.4847689628601066, 0.7214352488517761,11.479370655693236
000443.pid, person, 8.309731517519277, -15.298304149082728, -3.4822585753032125, 0.7071974873542786,6.497426835841854
000444.pid, person, 8.274725079536445, -15.278046290079757, -3.4752637743949877, 0.6491599678993225,2.0164041027285196
000445.pid, person, 8.277424188760621, -15.26873705937313, -3.4739311658419094, 0.7211108207702637,6.190289923020787
000446.pid, person, 8.281643788019826, -15.256047248840341, -3.47206050157547, 0.7672316431999207,1.8500976096396897
000447.pid, person, 8.257526040077218, -15.26095922787985, -3.470622301101685, 0.773069441318512,1.4720614316815173
000448.pid, person, 8.261104366996078, -15.252009651877671, -3.4693505547263404, 0.7431893348693848,-2.8066861750856305
000449.pid, person, 8.267111968994149, -15.264266872406017, -3.472060537338257, 0.7962774038314819,-5.787761960652563
