000125.pid, fire_hydrant, 5.148528476556152, -16.180627346038822, -3.426630119482676, 0.3009081482887268,-94.1688389595698
000126.pid, fire_hydrant, 5.213838577270516, -16.251857916514084, -3.435126092698839, 0.32185807824134827,148.32528409054962
000130.pid, person, 5.141930007934574, -16.27065372467041, -3.419243979454039, 0.35833117365837097,7.137099674016523
000133.pid, person, 5.1978566463177085, -16.180372678316562, -3.399285921683677, 0.3779241144657135,-142.0149121168068
000134.pid, person, 5.317357356731713, -16.131345455463116, -3.397354896251971, 0.3483888804912567,-151.81781463567822
000135.pid, person, 5.330842892328903, -16.16579707463583, -3.404726922512053, 0.3746969699859619,27.758382873378796
000136.pid, person, 5.453301770346511, -16.13935892922538, -3.407509888921464, 0.41423293948173523,-153.08990693338083
000137.pid, person, 5.547559001229034, -16.21685929731889, -3.405838619578967, 0.40042203664779663,-21.206463351811845
000138.pid, person, 5.6109637737274225, -16.269064331054686, -3.414093494415282, 0.30443936586380005,-25.682787327230134
000148.pid, person, 6.527940241495776, -16.425247955322273, -3.268817679087321, 0.3044363260269165,-17.595279811964193
000151.pid, person, 6.692508954268244, -16.600729428804843, -3.20609527367812, 0.3749552071094513,-71.89957881003599
000157.pid, person, 7.0189205169677775, -16.974505106608074, -3.196559556325276, 0.3322235345840454,-68.65932006596472
000170.pid, person, 8.19799560308457, -17.1833131313324, -3.197504132986068, 0.41063886880874634,-28.61576919405757
000171.pid, person, 8.209662858177639, -17.15178960912368, -3.177405062843771, 0.4456513822078705,-12.37526335606059
000172.pid, person, 8.27095656924778, -17.252824465433758, -3.2242072158389616, 0.4754546582698822,-28.593330549620923
000174.pid, person, 8.41804592950004, -17.248884882245743, -3.192666717938014, 0.32648298144340515,-27.205021794002292
000175.pid, person, 8.567230785594274, -17.347092796774472, -3.1427045990439004, 0.6695472598075867,-31.32274438672247
000176.pid, person, 8.562968307071266, -17.3009803560045, -3.1901761690775547, 0.4943850040435791,-30.317531902197118
000176.pid, chair, 8.562968307071268, -17.300980356004505, -3.190176169077555, 0.3164374828338623,-30.317531902197686
000177.pid, person, 8.67959308624268, -17.41811137729221, -3.1371648708979283, 0.5648504495620728,-33.2535102269596
000178.pid, person, 8.71142807873813, -17.41304232857444, -3.226923595775257, 0.45614755153656006,-35.19568884789036
000179.pid, person, 8.73505995008681, -17.42603429158529, -3.2567257086435943, 0.43952426314353943,-41.90865138117756
000180.pid, person, 8.818038577125192, -17.49581491379511, -3.303886663346062, 0.44919759035110474,-45.31255179139595
000181.pid, person, 8.875895690917975, -17.51344556808472, -3.316908633708953, 0.4477788805961609,-38.497223803815054
000182.pid, person, 8.904461358722893, -17.522714414094622, -3.294758997465434, 0.37098193168640137,-40.59311699306778
000183.pid, person, 8.996198844909673, -17.54299402236939, -3.365393781661987, 0.46449458599090576,-32.688413703523224
000184.pid, person, 9.073204864155166, -17.554594039916992, -3.3785917542197477, 0.42900845408439636,3.7592932821128264
000185.pid, person, 9.136987296017738, -17.55011402476918, -3.3419791893525552, 0.6485517621040344,2.4605654321691053
000186.pid, person, 9.225868648952913, -17.54668288760715, -3.3775344822141853, 0.54744952917099,1.1927779696298375
000187.pid, person, 9.28507568961696, -17.569802434820883, -3.4435794604452017, 0.6874090433120728,6.415225111069265
000188.pid, person, 9.328488395327616, -17.594759804861887, -3.4377013842264796, 0.6475789546966553,22.244911880246832
000189.pid, person, 9.46732348487491, -17.619865780784973, -3.408090296245755, 0.6942748427391052,-3.355585792925119
000190.pid, person, 9.548032760620123, -17.6477165222168, -3.3924897760152803, 0.6559927463531494,-10.126544213155817
000191.pid, person, 9.581690339481135, -17.645226085887234, -3.3914493532741763, 0.641234815120697,-8.613971876652172
000192.pid, person, 9.627648472785955, -17.70804572105408, -3.4096143990755063, 0.35667893290519714,-16.225124795568025
000198.pid, person, 10.024230778217323, -17.943749308586128, -3.4475856274366383, 0.416220098733902,1.5644607776101724
000199.pid, person, 10.105073165893563, -18.006857172648118, -3.5146369775136312, 0.3415978252887726,3.325257738761026
000202.pid, person, 10.334072291851053, -18.11420822143555, -3.3735709190368652, 0.3652844727039337,1.7362181001317172
000203.pid, person, 10.381556391716012, -18.10902905464173, -3.4417447447776794, 0.40016546845436096,18.63679942795451
000204.pid, person, 10.45106840133668, -18.157297611236583, -3.4286136825879416, 0.4125725328922272,-16.091657658083868
000205.pid, person, 10.558267373305107, -18.215031697199898, -3.538765760568472, 0.33756256103515625,-3.357229271577978
000206.pid, person, 10.62697197840765, -18.207564720740695, -3.518939330027654, 0.3903736174106598,-0.4234223308966163
000214.pid, person, 11.21298650105795, -18.64679692586264, -3.3934373537699383, 0.3804139792919159,-4.830096402922377
000214.pid, person, 11.238912642002111, -20.83349692821503, -3.6562711298465715, 0.3514740765094757,-81.71159575938205
000214.pid, car, 11.54912260304327, 20.25907682335895, -3.994674153949903, 0.8705182671546936,112.30702667662295
000215.pid, person, 11.322580337524418, -20.30770746866862, -3.49542835023668, 0.4977397918701172,-82.89061779632328
000215.pid, person, 11.283660292625434, -18.74368047714234, -3.3387152552604675, 0.4718799591064453,-56.38700732003034
000215.pid, car, 11.891355163172676, 18.791382036711042, -3.9619029697618977, 0.8266346454620361,109.49421965737855
000216.pid, person, 11.31567978858948, -20.458176136016846, -3.5734522342681876, 0.6794350147247314,-83.04021285982571
000216.pid, person, 11.316803677876797, -18.744979476928716, -3.368866697947184, 0.43045708537101746,161.37165887979387
000216.pid, car, 12.333296094621932, 16.943318571363175, -4.02953118937356, 0.8496112823486328,110.39476126677927
000217.pid, person, 11.405677159627283, -20.34579287634956, -3.5212826066546956, 0.6789065003395081,-83.07599924729288
000217.pid, person, 11.379099958083216, -18.811163173002363, -3.3755630605361047, 0.4771571457386017,-4.237386756192569
000217.pid, car, 12.596502053110228, 15.589945592378315, -3.950858003214785, 0.8937225937843323,119.36487441397801
000218.pid, person, 11.462634086608894, -20.87237771352132, -3.5293164253234846, 0.5944043397903442,-84.215375205269
000218.pid, person, 11.431838607788093, -18.96042086283366, -3.347593784332276, 0.4902920126914978,-67.95321854072552
000218.pid, car, 12.765456279118858, 15.019055048624672, -3.9202051858107243, 0.8723649978637695,113.37971673620879
000219.pid, person, 11.50013234398582, -20.28834785114635, -3.421014406464316, 0.5369786620140076,-84.80949029872701
000219.pid, person, 11.512099933624274, -19.06455717086792, -3.2793771624565125, 0.4517744183540344,-56.43562780153417
000219.pid, car, 12.853691646030974, 14.22914323352632, -3.8612624577113555, 0.8613821268081665,115.15308605243358
000220.pid, person, 11.523066467709018, -19.095931900872127, -3.2899254030651517, 0.6599372029304504,-17.042905747303514
000220.pid, person, 11.544149345821808, -20.201229731241863, -3.3959276278813673, 0.3070181608200073,-83.96722996803382
000220.pid, car, 13.315704204418044, 13.061732998600712, -3.8451433976491285, 0.8805783987045288,113.48813038262755
000221.pid, person, 11.566660095663641, -19.177980647367594, -3.237852040459128, 0.7172428965568542,-43.369855712934594
000221.pid, person, 11.525984814292508, -20.887605968274567, -3.49115534832603, 0.37956681847572327,-84.99203970332891
000221.pid, car, 13.61372756958008, 12.417077024777731, -3.8819700578848515, 0.874025821685791,98.92243963019138
000222.pid, person, 11.621946493784593, -19.21930736965604, -3.2566680775748362, 0.5920689105987549,-48.727871718196994
000222.pid, person, 11.563945399390335, -20.65325090620253, -3.445312990082634, 0.36773881316185,-85.34601080543385
000222.pid, car, 13.728204727172853, 11.29579704284668, -3.819545288085937, 0.8928462266921997,100.94616254069304
000223.pid, person, 11.712600657814432, -19.29664441158897, -3.244618215058979, 0.6419658064842224,-34.87288984088122
000223.pid, car, 13.863670473513398, 10.04974605726159, -3.7523765252984083, 0.8094401359558105,102.11644662486992
000224.pid, person, 11.769558065077845, -19.327272527358115, -3.2489647584802963, 0.5222958326339722,-33.95878870074818
000224.pid, car, 13.988054568950949, 8.752271138704739, -3.7062983329479504, 0.7973475456237793,93.5884821754883
000225.pid, person, 11.799164247512824, -19.41747798919678, -3.265508246421814, 0.7512702941894531,-85.82410701451136
000225.pid, car, 14.039550900459291, 7.607178002595901, -3.7055428549647327, 0.8155863881111145,86.9029535850899
000226.pid, person, 11.880016565322881, -19.450438785552983, -3.20558477640152, 0.7654695510864258,7.97255326256309
000226.pid, car, 14.193376400891474, 6.284420406117158, -3.6724561733358043, 0.8460367321968079,81.95076049770461
000227.pid, person, 11.780369377136237, -19.883101781209316, -3.247008530298869, 0.7381053566932678,-90.02944822563316
000227.pid, car, 14.342741230555944, 5.356295578820364, -3.727153485161917, 0.8648735284805298,85.03870640143482
000228.pid, person, 11.857203876270974, -19.92481141931871, -3.2522502927219166, 0.6724573373794556,-90.33780902487314
000228.pid, car, 14.481824592307763, 4.381283168439511, -3.5923655474627454, 0.8254649043083191,90.47617879572235
000229.pid, person, 11.874694883823398, -20.039222121238712, -3.2431343346834187, 0.6606878042221069,-90.97685849919273
000229.pid, car, 14.705612500508629, 3.011670592285336, -3.6558442796979627, 0.8227632641792297,86.59954723368489
000230.pid, person, 11.950283611522009, -20.090195263133335, -3.244706700829899, 0.6131321787834167,-91.48060860854079
000230.pid, car, 14.780517601385352, 2.0434091498212084, -3.639396452322238, 0.7175137400627136,100.53607248817654
000231.pid, person, 11.911610412597664, -20.612284215291346, -3.302263021469116, 0.6984432339668274,-91.42414984153666
000231.pid, car, 14.783585963041888, 0.9206550252502353, -3.687939312147057, 0.781105101108551,98.77622290202649
000232.pid, person, 11.972043786730092, -20.67488397870746, -3.298848560878209, 0.6668455004692078,-91.73438912888747
000232.pid, car, 14.94401009877523, -0.2656365921513937, -3.7027828534444165, 0.7949813008308411,94.37316500270758
000233.pid, person, 12.030750179290777, -20.857829570770267, -3.4922706723213195, 0.6149258613586426,-92.22675765671949
000233.pid, car, 15.204264890579953, -1.68438162335328, -3.7236310073307575, 0.6071792244911194,96.24986304714594
000234.pid, person, 12.031336402893071, -21.425811195373537, -3.5390820860862733, 0.5719591379165649,-91.98918829627965
000234.pid, car, 15.200354928555699, -2.24949099578004, -3.610969869986824, 0.8064284920692444,105.20728809593301
000235.pid, person, 12.099953112394918, -21.350780321204148, -3.5474147071009097, 0.4496217966079712,-92.64341845263863
000235.pid, car, 15.319619178771976, -3.3528675389917297, -3.5964577072545096, 0.5423499941825867,103.11464010088484
000236.pid, person, 12.170176863670354, -21.216295242309574, -3.5453345328569412, 0.5815619826316833,-93.71001599801468
000236.pid, car, 15.741468055575504, -4.823960065841676, -3.471393557155833, 0.7934415340423584,94.51532604581196
000237.pid, person, 12.197403104681722, -21.395313463713, -3.556651341287714, 0.6992189884185791,-94.5782644456813
000237.pid, car, 15.810560629918028, -5.87262615790734, -3.465935409069061, 0.7994335293769836,93.13907069415548
000238.pid, person, 12.158285241377984, -21.708706805580547, -3.555178654821296, 0.4569917321205139,-94.3094190230035
000238.pid, car, 15.8811929112389, -6.910138300486975, -3.409618252799624, 0.7205052375793457,95.54085281097099
000239.pid, person, 12.278037207467218, -21.399422963460292, -3.570412862868536, 0.7132667303085327,-95.6107274518553
000239.pid, car, 16.042792647632204, -8.551941038957285, -3.520287659630846, 0.843085765838623,94.48016351284431
000240.pid, person, 12.350803274857377, -21.287040208515375, -3.6028695106506348, 0.712101936340332,-96.35938822106019
000240.pid, car, 16.081115672462868, -9.716289453339158, -3.4607085094117283, 0.7753919363021851,91.7366191876114
000241.pid, person, 12.36907070333308, -21.45160189541904, -3.56711622801694, 0.7090857625007629,-97.10829540596842
000241.pid, car, 16.094530938163636, -10.797759684305342, -3.486407673548138, 0.7856501340866089,91.12533256099961
000242.pid, person, 12.332070302963263, -21.59239473342896, -3.6089678168296815, 0.419775128364563,-96.50989839003216
000242.pid, car, 16.13910101078175, -11.680926958719889, -3.4555157643777346, 0.8038216233253479,99.07570837635254
000242.pid, car, 15.142604571122392, -9.848504029787508, -3.6145925063353315, 0.7102419137954712,-96.22685628854543
000243.pid, person, 12.613138914108282, -20.746434020996098, -3.41290329694748, 0.5637785196304321,-104.10364544710518
000243.pid, car, 15.315241241455084, -10.777142620086677, -3.6969452857971197, 0.7382681965827942,52.24689938022296
000243.pid, car, 16.235731765405454, -12.807794257776061, -3.4879404146279858, 0.6886012554168701,95.82565797959117
000244.pid, person, 12.383634710311895, -21.717047882080088, -3.591537666320801, 0.439098596572876,-98.0614618731575
000244.pid, car, 15.670845939999538, -11.920823642185761, -3.23769888423738, 0.7673200368881226,4.42097919721779
000244.pid, car, 16.24686537117794, -14.131464596452384, -3.4135379873473064, 0.7032808065414429,98.00800023567152
000245.pid, person, 12.696146583557132, -20.87088203430176, -3.381961965560913, 0.596278727054596,-124.8162434966402
000245.pid, car, 16.56492558479309, -15.40681489944458, -3.4495317602157587, 0.8369746208190918,93.75658639084749
000245.pid, car, 15.776127065931052, -13.67618792397636, -3.267799769129072, 0.8197423815727234,-112.050337741037
000246.pid, person, 12.753974778311598, -20.94808705647787, -3.3621058464050293, 0.6271146535873413,-46.533446360658004
000246.pid, car, 16.601995478394212, -16.47825187765142, -3.4574071232990544, 0.8366745710372925,90.65133527795894
000246.pid, car, 16.213605191972523, -14.571302890777595, -3.3763196998172336, 0.7941891551017761,-105.47080533427481
000247.pid, person, 12.363942827497217, -22.257677078247074, -3.4207350696836203, 0.6228529214859009,-99.71299928340508
000247.pid, car, 16.681277207568684, -17.48699393314598, -3.5081179796066952, 0.8386698961257935,-79.47546126761722
000247.pid, car, 15.791593350862206, -16.994686678836224, -3.387841456814817, 0.8322609066963196,-114.2529656604033
000248.pid, person, 12.804791212081918, -21.05040168762208, -3.025547722975413, 0.6412819623947144,-108.05451175322747
000248.pid, person, 13.57184808904475, -27.584766041148793, -3.3159803152084346, 0.35962894558906555,-77.28148296240235
000248.pid, car, 16.631459145318892, -18.481864395595732, -3.373403086548759, 0.8285436034202576,94.73991429854962
000248.pid, car, 15.982814691005611, -18.36129880562807, -3.37557542629731, 0.8067210912704468,-117.8056425976882
000249.pid, person, 12.766229189359233, -21.466232446523822, -2.8772163024315467, 0.5227580070495605,-77.19592596872306
000249.pid, person, 13.906928539276127, -29.675448485783168, -3.2978689585413243, 0.4925595223903656,-76.65348728264715
000249.pid, car, 16.738283634185795, -22.112672138214112, -3.387148398160934, 0.8468647003173828,-80.0059021267812
000249.pid, car, 15.81007973807199, -19.307695225306922, -3.443197611400059, 0.7498723268508911,-124.0212597490769
000250.pid, person, 13.67430246443976, -27.635119756062824, -3.2057622387295672, 0.5403363704681396,-76.4774008851549
000250.pid, person, 12.76986633647573, -21.629576943137433, -2.839976245706732, 0.5268678069114685,85.3753790421725
000250.pid, car, 16.883227139711384, -28.895253837108612, -3.1673291176557536, 0.8523868322372437,-79.22121005431654
000250.pid, car, 15.960269494490193, -20.0479587208141, -3.3782970399567573, 0.759896993637085,-138.45427771761268
000251.pid, person, 13.785464035837277, -28.34501115899337, -3.22051873959993, 0.7017793655395508,-76.23117229839704
000251.pid, person, 12.787296772003183, -21.62049500147502, -2.967993497848511, 0.6610536575317383,87.82056701216145
000251.pid, car, 16.053759549793448, -21.53461737381785, -3.3254465178439494, 0.8160820007324219,-94.07417487217364
000251.pid, car, 17.06888766910719, -28.64596835426662, -3.287629780562027, 0.7741541862487793,-79.40758689292343
000251.pid, car, 17.721316933631915, -52.53136587142945, -2.8536482602357864, 0.5315597653388977,-89.19862941125405
000251.pid, car, 17.01242358867939, -21.731382956871624, -3.3956782726141124, 0.3431195616722107,-87.40155558967413
000252.pid, person, 12.870573679606126, -21.57984161376954, -3.0692481199900308, 0.7342463731765747,-99.33172514064728
000252.pid, car, 17.042991212073794, -30.94389793720651, -3.1862784294371904, 0.8271030187606812,-78.95797214184648
000252.pid, car, 16.689777961144085, -22.946813772012906, -3.3909290596679016, 0.7213456034660339,-83.48764486596076
000252.pid, car, 18.234148873223216, -50.47444809807672, -2.843983213106791, 0.5670292377471924,67.87355082439439
000253.pid, person, 12.984474182128912, -21.669613404707476, -3.0937651504169796, 0.7388050556182861,-107.67528763768999
000253.pid, car, 16.513814597833353, -24.24288346337491, -3.290998306430754, 0.8279175758361816,-83.70581261321138
000253.pid, car, 17.410590674660426, -33.045656689730556, -3.299002833799882, 0.6949410438537598,-77.79304244201191
000253.pid, car, 18.7144187745594, -49.32330667404902, -2.886785893213182, 0.6547640562057495,-109.19039244586261
000254.pid, person, 12.9968685737023, -21.748596264765812, -3.1821383421237646, 0.7289307713508606,-105.14574250328789
000254.pid, car, 16.74694466104313, -25.938141985004453, -3.4338424773443315, 0.7661990523338318,-82.54104407806858
000254.pid, car, 17.42980041503906, -34.91626110076904, -3.202565721670786, 0.6859251856803894,-76.70764149793538
000254.pid, car, 18.638395627339694, -48.65530490875245, -2.9137545128663374, 0.6571572422981262,77.47899913698883
000255.pid, person, 12.990416812896735, -21.869637203216556, -3.117653656005859, 0.7965501546859741,-115.4629029294178
000255.pid, car, 16.789192820704265, -26.756822512131333, -3.4018711064213005, 0.7774578928947449,-83.2145976429164
000255.pid, car, 17.284455131081973, -33.592608620138726, -3.187717199325561, 0.7063670754432678,-77.3047617925397
000255.pid, car, 18.699311223523377, -47.724543341274924, -2.926630447650778, 0.6307427287101746,86.179791619342
000256.pid, person, 12.984159079465003, -21.93175810033625, -3.142082983797246, 0.5835580825805664,-120.83400182720791
000256.pid, car, 17.277104076586273, -34.00763846280282, -3.220897457055878, 0.7725486755371094,-75.78129931186842
000256.pid, car, 16.65286305076198, -27.642798795198143, -3.390560195320531, 0.7419610023498535,-91.9183754919373
000256.pid, car, 18.788784662882495, -46.48834164937338, -2.9557504057884216, 0.6959051489830017,-89.65507656000716
000257.pid, person, 13.012184092873028, -22.022713109066615, -3.0383968855205334, 0.48781105875968933,-122.55057974647949
000257.pid, car, 16.47967185004283, -28.544670751539332, -3.2943428694191628, 0.7615903615951538,-90.36903152807696
000257.pid, car, 18.899030225030316, -45.33296322000439, -2.9127754014113854, 0.724685788154602,-91.38889625891011
000257.pid, car, 17.5860942563703, -35.248540047676336, -3.1759089000763425, 0.7059817314147949,-74.23820756390822
000258.pid, person, 13.044452402326797, -22.078656832377117, -3.1785441637039176, 0.4419732391834259,-124.11789064013226
000258.pid, person, 12.790387487411504, -22.601375007629397, -3.349332284927369, 0.34390658140182495,-108.94615521377884
000258.pid, car, 17.785748527163555, -37.402672177269345, -3.166937413669767, 0.8014033436775208,103.41450171108046
000258.pid, car, 16.34573723407502, -31.13658491094062, -3.378279006227534, 0.6818759441375732,97.67363811055905
000258.pid, car, 18.891961484342016, -44.15427553331531, -2.9680600939570247, 0.6743416786193848,-96.360385951112
000259.pid, person, 13.074156592873969, -22.193111195283777, -3.0848418404074267, 0.5258783102035522,-116.78143755698432
000259.pid, car, 17.926398338155547, -37.982458033460254, -3.195874391718113, 0.7031811475753784,107.33932919664879
000259.pid, car, 19.223062571357286, -42.86790443869199, -3.0492776211570285, 0.6741769313812256,-86.96976377435772
000259.pid, car, 16.43911082245583, -32.34667412070341, -3.383030372996663, 0.6594699621200562,95.1693529670682
000260.pid, person, 13.181683063507084, -22.811518563164604, -3.3059091038174095, 0.5967159867286682,-75.80115617061429
000260.pid, person, 13.086502828096094, -22.2213585502223, -3.267797997123317, 0.4339710474014282,-101.24368606495827
000260.pid, car, 18.083670834700268, -37.9612512588501, -3.0888480345408116, 0.7939931750297546,108.10654078365255
000260.pid, car, 19.365422420012653, -41.9695676167806, -2.984207361172407, 0.6402910351753235,-83.39279212579578
000260.pid, truck, 16.344541847064935, -33.353557299542175, -3.3839137631077922, 0.401704877614975,95.87376243741707
000261.pid, person, 13.259341189735817, -23.73688487002724, -3.1204493547740726, 0.6446563601493835,-76.39057702050741
000261.pid, person, 13.209312019348149, -22.399389953613287, -3.0928000450134276, 0.43589285016059875,-135.84856941258977
000261.pid, car, 19.320461616516116, -40.72920539855957, -3.038225598335266, 0.6953599452972412,93.05820111607096
000261.pid, car, 16.270914993286137, -34.65660502115886, -3.3509991423288983, 0.6742831468582153,92.96921456218197
000261.pid, car, 18.24762641551883, -37.92397321656693, -3.042275018470231, 0.6626426577568054,109.99005426102208
000262.pid, person, 13.339324156443283, -24.694113943311905, -3.2587799098756567, 0.5718774199485779,-76.70257845999032
000262.pid, person, 13.148382739016892, -22.440133747301605, -3.135759240702579, 0.5547630190849304,-115.07825029961779
000262.pid, car, 17.491006943487356, -37.08845495408581, -3.0802109164576366, 0.8311847448348999,111.46082783518632
000262.pid, car, 16.179639555003547, -35.65625585268622, -3.387670402657496, 0.7672691941261292,-77.37583336519955
000262.pid, car, 19.729008674621586, -39.66577200456099, -2.908928979526866, 0.7420651912689209,96.85345102013967
000262.pid, car, 19.45325112954165, -39.565381368001304, -3.0601676121736183, 0.7398474216461182,92.41924203331638
000263.pid, person, 12.96467964465802, -22.64968754695012, -3.0469897526961103, 0.5578145980834961,-93.77577457896874
000263.pid, person, 13.232492294311529, -22.521735992431644, -3.1163278102874754, 0.5292651057243347,-144.0532073026116
000263.pid, car, 16.610540216619317, -34.60728726242528, -3.119920773939652, 0.8130502700805664,105.65076367364473
000263.pid, car, 19.623409080505375, -38.2809871673584, -2.996275162696838, 0.7324293851852417,99.55957772628733
000263.pid, car, 16.09199540577238, -36.83118335784428, -3.275135532258049, 0.6203246712684631,-73.33913528371704
000264.pid, person, 13.258506126403812, -22.603675613403325, -3.1032276153564458, 0.449075311422348,-142.58565551152026
000264.pid, car, 14.918893293900926, -30.65778587803696, -3.1140193072232325, 0.7929404377937317,-71.62013562543049
000264.pid, car, 19.37474836621966, -37.20822770254953, -2.975991146905081, 0.7320765256881714,99.79814815992019
000264.pid, car, 16.00075384046211, -37.717020941562346, -3.2751641117158483, 0.7002374529838562,-75.89729951980846
000265.pid, person, 13.207713478489932, -22.72336678755911, -3.052829227949444, 0.41656413674354553,-135.00210844162427
000265.pid, car, 14.163968599759617, -29.718663435715897, -3.0252096377886253, 0.8398733735084534,-75.8591137690309
000265.pid, car, 19.56001563072205, -36.2031491279602, -3.1083311200141903, 0.7935440540313721,96.60670258372711
000265.pid, car, 15.320907036463431, -38.53248023986817, -3.0195093850294747, 0.6667252779006958,-82.92137789650005
000266.pid, person, 13.234349704924089, -22.812425795055574, -3.0821326687222435, 0.4213561713695526,-140.8843388300195
000266.pid, car, 13.964003601074221, -29.11703224182129, -3.0736297416687006, 0.8215079307556152,-77.30756025867564
000266.pid, car, 19.569725206920083, -35.243716784885954, -3.0536564290523525, 0.7652556300163269,99.83340164605556
000266.pid, car, 15.140923380851754, -39.46312745412191, -3.0127145846684775, 0.6807234883308411,-87.12927378632608
000267.pid, person, 13.224733261835013, -22.897630964006698, -3.0700820968264626, 0.5003020763397217,-129.21941849741927
000267.pid, car, 19.611371055978246, -33.77375605848969, -3.097769002445408, 0.6868528127670288,-76.42240004104951
000267.pid, car, 15.152420186996475, -40.55803604125977, -2.9654503703117365, 0.6740298271179199,-80.91946035251729
000267.pid, car, 19.70417846043905, -34.153197097778325, -3.086318306128184, 0.6474273800849915,-78.77241014714849
000267.pid, car, 14.095481687976472, -30.42972804654029, -3.0292132823697977, 0.6291587948799133,-77.30676568522875
000268.pid, person, 13.198715059380788, -22.98006539595755, -3.079669952392578, 0.34207555651664734,-115.94733740683455
000268.pid, car, 19.65638841901507, -33.13577965327672, -3.0716672241687775, 0.6988949775695801,-76.4165838600357
000268.pid, car, 15.417854133405193, -41.74878813091078, -2.98825130337163, 0.6680224537849426,-54.32581363059403
000268.pid, car, 14.790195484550631, -36.052792296117666, -3.026155515592925, 0.5883128643035889,96.81538645611727
000269.pid, person, 13.1946197810926, -23.078355287250723, -3.0881111496373226, 0.33435776829719543,-115.30726861139766
000269.pid, car, 19.578328219327062, -32.17857284545899, -3.0869138977744357, 0.6799003481864929,-76.14770088640017
000269.pid, car, 13.95436344976011, -29.927909685217816, -3.060419652772986, 0.5998474359512329,-77.61739503895149
000269.pid, car, 15.077060923856857, -42.663429035859956, -2.9311475894030408, 0.4722104072570801,-95.60291505728469
000270.pid, person, 13.3138583623446, -23.136536158048195, -3.1672465159342837, 0.36656343936920166,-134.00065271026216
000270.pid, car, 19.613134468926326, -31.827607642279737, -3.070887740453084, 0.6928840279579163,-77.66766855696102
000270.pid, car, 15.046076138814303, -44.002805800665, -2.9645576363518127, 0.6528922915458679,-87.54782906784806
000270.pid, car, 14.118491456315327, -31.608757328342747, -3.066319356093535, 0.5502265691757202,-78.68594626445199
000271.pid, person, 19.6796472021874, -30.334586813094766, -3.066971398414449, 0.5447672009468079,-82.15431064172364
000271.pid, car, 19.799694969540553, -30.985569272722522, -3.0171157462256297, 0.7140052914619446,-85.70262828629396
000271.pid, car, 14.946947357871334, -45.09780328924007, -3.0294757322831596, 0.6175984144210815,-86.96569741241836
000271.pid, car, 13.902546352810335, -29.880393416793257, -3.083914889229668, 0.5799906849861145,-79.96885456117167
000272.pid, person, 13.289616680145269, -23.36525173187256, -3.115911674499512, 0.5799217224121094,-105.07497958502498
000272.pid, car, 19.786100057455208, -29.594760711376484, -3.0654479677860547, 0.675795316696167,-76.28091071386982
000272.pid, car, 13.944390262876242, -30.01791020802089, -3.09940195935113, 0.5896081924438477,-79.66128001707506
000272.pid, car, 14.79127277646748, -46.33735574994769, -3.0604879856109624, 0.5527228713035583,-81.54723561090393
000273.pid, person, 19.736966316516586, -29.11331055714534, -3.094676237839918, 0.5496037602424622,99.24610650283414
000273.pid, person, 13.32196383476258, -23.421063041687013, -3.1240301609039305, 0.5286179184913635,-118.54518466347173
000273.pid, car, 13.978807926177986, -34.04471731185913, -2.898582369089125, 0.6046834588050842,-79.48969635976579
000273.pid, car, 14.703884045283019, -47.224057515462256, -2.995339512825012, 0.5570908188819885,-44.116703479922066
000273.pid, car, 19.762297349817615, -29.187471165376554, -3.0897451756047274, 0.530853271484375,99.22343633756654
000274.pid, person, 13.359043025970465, -23.51584663391114, -3.105165922641754, 0.7639289498329163,-133.9543653318067
000274.pid, car, 19.66164119155319, -28.37681561929209, -3.084273007180956, 0.5923565626144409,-76.03006774466405
000274.pid, car, 14.541731630052855, -48.34479631696429, -2.933443307876587, 0.506141722202301,-61.090523575689836
000274.pid, car, 13.95936022306744, -34.07274758188348, -2.9597176752592382, 0.4666084945201874,-80.88604702558982
000275.pid, person, 13.232251993815112, -23.590300496419275, -3.076336669921875, 0.7722643613815308,-109.81730820458623
000275.pid, car, 19.62716112818037, -27.53400434766497, -3.0941020165170934, 0.6741607785224915,-68.61033830603253
000275.pid, car, 14.56064118279353, -49.96377393934463, -2.7520463864008584, 0.5616464018821716,-85.48106801779346
000275.pid, car, 14.170039064743943, -40.764503591200885, -2.768281950670128, 0.4083859622478485,93.1294782584026
000276.pid, person, 13.18184714847142, -23.77143817477757, -2.92803332540724, 0.786191999912262,-109.1342807777365
000276.pid, car, 19.652170379956562, -27.348041375478108, -3.0198664764563237, 0.6393842101097107,96.35951704635677
000276.pid, car, 14.530154835094125, -50.77683674205434, -2.874628847295588, 0.4565073847770691,-64.03200770539362
000276.pid, car, 14.068740771367006, -38.431617736816406, -2.838090749887317, 0.3565194010734558,93.28004188327215
000277.pid, person, 13.163889461093488, -23.88034990098742, -2.9373626708984375, 0.8117865920066833,-107.55421906249939
000277.pid, person, 14.089038408719583, -39.136708332942085, -2.8596905744992758, 0.41918501257896423,93.32735536431174
000277.pid, car, 19.605753697847067, -26.818408815484297, -2.941127864938033, 0.6378352046012878,83.92236646297987
000277.pid, car, 14.43306331634523, -52.06421610514324, -2.8463758627573648, 0.5138715505599976,-84.61114784289535
000278.pid, person, 13.212228107452404, -23.995888710021983, -2.9508235692977904, 0.8149330019950867,-119.65506977749095
000278.pid, person, 13.913452668623496, -34.79612558538263, -2.8662082715467965, 0.720363974571228,-80.3016486259639
000278.pid, car, 19.71875701904297, -26.152724838256837, -2.9520315694808956, 0.6205599904060364,84.32529636700862
000279.pid, person, 13.193347835540777, -24.109239959716803, -2.9605479478836063, 0.8183145523071289,-116.38323441862127
000279.pid, person, 13.822368197970926, -34.300093756781685, -2.8848378128475596, 0.814663827419281,-80.66944060635456
000279.pid, car, 19.636904732125707, -25.6255901524278, -2.9615866160783613, 0.5913839340209961,93.12923256120334
000280.pid, person, 13.364863395690925, -24.108074361627757, -2.9888942675157035, 0.7743294835090637,-110.1807667819213
000280.pid, person, 13.500716288884483, -26.696743170420323, -2.989514589309691, 0.7044612169265747,-80.7238814590761
000280.pid, car, 14.05986963907879, -55.77256469726563, -2.7639229615529373, 0.6691811680793762,-65.07288053978192
000280.pid, car, 19.305343151092533, -24.441998736063642, -3.0421376665433253, 0.5817827582359314,98.62083567637623
000281.pid, person, 13.420807765080385, -24.171461545504062, -3.168591627707848, 0.7125818133354187,-117.92852302120451
000281.pid, car, 14.017148097356177, -57.0998509724935, -2.7585177818934117, 0.531661868095398,-86.80942359509766
000281.pid, car, 19.272653891823513, -23.484629856456415, -3.0833384470506147, 0.471251904964447,107.34813955126339
000282.pid, person, 13.39214045660837, -24.176908493041996, -3.137322068214417, 0.7111110687255859,-113.02814401356034
000282.pid, car, 19.101312160491947, -22.92708516120911, -3.0760482735931873, 0.6709691286087036,110.96051266525888
000282.pid, car, 13.931136351365325, -57.79977593055139, -2.803353089552659, 0.6497901082038879,-114.30710006226963
000283.pid, person, 13.438439190387731, -24.27973830699921, -3.1636656075716, 0.569801926612854,-115.98797385640196
000283.pid, car, 18.94223611251168, -22.64453970867655, -3.0886820969374282, 0.7106870412826538,100.37843989060133
000283.pid, car, 13.902501106262227, -58.927534250112686, -2.88196847989009, 0.6646504402160645,-145.53998264237495
000283.pid, truck, 13.895434776941942, -58.966827392578125, -2.830429673194883, 0.3412454128265381,25.196610644351242
000284.pid, person, 13.457648445578187, -24.378347509047565, -3.1781807506785658, 0.5785216689109802,-110.09749739358793
000284.pid, car, 18.59660674785746, -21.829347807785563, -3.1027557151070955, 0.7498844861984253,103.19022363364695
000285.pid, person, 13.443961143493658, -24.454833507537842, -3.1757394522428504, 0.6603361368179321,-113.36786671176793
000285.pid, car, 18.508693048509503, -21.41252562959316, -3.113569526349084, 0.8264332413673401,99.39087426818995
000286.pid, person, 13.403139716700508, -24.499324698197213, -3.1834269322847057, 0.6004939675331116,-120.28239560271999
000286.pid, car, 18.33716783852413, -20.818642090106838, -3.1544312937506316, 0.8475916981697083,101.99023913058483
000287.pid, person, 13.415591778962513, -24.70717687192171, -3.1174356419107188, 0.7336912751197815,-94.41667107545209
000287.pid, car, 18.179633803286798, -20.442901158736927, -3.212007457927122, 0.8345646262168884,107.63037197321925
000288.pid, person, 13.422782421112062, -24.779234626076445, -3.09357365694913, 0.789429247379303,-90.19481418048056
000288.pid, car, 17.879460114699146, -19.71172673885639, -3.1623870867949266, 0.8632981181144714,107.63109983236677
000288.pid, car, 17.678005941982928, -19.364501262533253, -3.2135925005222186, 0.354489803314209,112.66849026995676
000289.pid, person, 13.416811818661902, -24.85729839490808, -3.1881645555081577, 0.8091955184936523,-90.67002151282605
000289.pid, car, 17.761479695638023, -19.214391222187118, -3.2800281936047124, 0.858913242816925,106.94625982683111
000289.pid, car, 17.55781183404438, -18.825958235789155, -3.3420837046736374, 0.4694094657897949,111.84990421656312
000290.pid, person, 13.409212762659253, -24.913108738985933, -3.224070809104226, 0.8303890824317932,-90.39950293835591
000290.pid, car, 17.387896476907937, -18.49327030587704, -3.2560916352779308, 0.8635272979736328,107.3978202257831
000291.pid, person, 13.401649648492992, -24.99190963398327, -3.347579847682607, 0.7964663505554199,-104.26210861218104
000291.pid, car, 17.085827449272422, -18.20798699609165, -3.2546166428204244, 0.8337231278419495,110.61827687993369
000291.pid, car, 16.896109819412235, -17.875878140330315, -3.2923349291086192, 0.5473500490188599,116.61061703831845
000292.pid, person, 13.386616458063544, -25.096134019934617, -3.187286677567855, 0.8099246025085449,-96.44248631384772
000292.pid, car, 16.706383157659463, -17.5463694996304, -3.3100830669756287, 0.8953145742416382,118.78235357774147
000293.pid, person, 13.313888750578235, -25.17034570794357, -2.9925138322930587, 0.7616602182388306,-95.80264276992239
000293.pid, car, 16.20846184094747, -17.867168505986534, -3.45245263311598, 0.904938280582428,-100.90174678433507
000293.pid, car, 16.297716525884777, -16.87066998848548, -3.461059065965505, 0.5625532865524292,122.00327783153854
000294.pid, person, 13.397905598516052, -25.233599953029465, -3.0255193088365626, 0.43919703364372253,-100.61358396090796
000294.pid, car, 15.023416274633165, -19.57079063317715, -3.2436223519154086, 0.892741858959198,-99.37123533104386
000294.pid, car, 15.995396287817707, -16.33139522452104, -3.3582189647774943, 0.8155796527862549,119.88566412468718
000295.pid, person, 13.380774927139285, -25.286648178100585, -3.015806090831756, 0.33291003108024597,-101.27956336828635
000295.pid, car, 14.89457863398961, -18.5800012588501, -3.2795679024287634, 0.8824209570884705,-95.61274079965935
000295.pid, car, 15.470681648987993, -15.723277385418232, -3.401222779200627, 0.8286276459693909,120.93267484088568
000296.pid, person, 13.209902000427258, -25.744699478149425, -2.5989347457885743, 0.6662806272506714,146.0258330592185
000296.pid, person, 13.165146883796249, -21.94448420580696, -3.3033839113572054, 0.5626585483551025,94.2655600506335
000296.pid, car, 14.43078602684869, -18.806503481335113, -3.434286561277178, 0.9118777513504028,-95.86001483083382
000296.pid, car, 15.144035447727553, -15.432766805995595, -3.4774614301594813, 0.8327211737632751,131.31209388400083
000297.pid, person, 13.4617921113968, -25.495658397674568, -2.6914742887020116, 0.6452111601829529,56.37536638225485
000297.pid, person, 13.057089260646281, -21.330963770548504, -3.2715871334075914, 0.5875142216682434,95.88068870759119
000297.pid, car, 13.814139025551937, -19.05829194613866, -3.415440763745989, 0.9093376398086548,-90.07368063457818
000297.pid, car, 15.05500498272124, -18.602908724830268, -3.115498134068079, 0.872505784034729,-68.97593258684842
000298.pid, person, 12.561728037320652, -19.712084403404823, -3.2728286523085357, 0.7163890600204468,96.77763829502999
000298.pid, person, 13.491137504577644, -25.494777441024794, -2.69268262386322, 0.5612899661064148,65.8357632001002
000298.pid, car, 13.688336480747573, -18.03542850234292, -3.496020100333474, 0.8996671438217163,-89.88022795182579
000298.pid, car, 14.105110735506628, -16.112183313112002, -3.4098974401886393, 0.8868525624275208,-73.25068260479941
000299.pid, person, 11.950978398323066, -16.194872021675117, -3.388927102088927, 0.6593948006629944,-77.08169761023893
000299.pid, person, 13.438984553019212, -25.49515692392986, -2.862136642138163, 0.5598462224006653,-101.06639704914025
000299.pid, car, 13.430103161755733, -17.142148130080283, -3.541409618714277, 0.9013419151306152,-86.71882361626734
000299.pid, car, 13.462708566246967, -17.618106051189145, -3.3428799291936357, 0.8804968595504761,-82.85953551808882
000300.pid, person, 13.554287637983057, -25.37051527840751, -3.1044058970042636, 0.5508384704589844,-116.95843354635346
000300.pid, car, 12.94269022574792, -16.59172505598802, -3.4936993488898644, 0.9030243158340454,-84.99905551002826
000300.pid, car, 13.260080557603105, -17.48981706912701, -3.312397782619182, 0.8816469311714172,-81.37302096146536
000301.pid, person, 13.524172381350875, -25.400845377068773, -3.046690476568122, 0.5280938148498535,-120.160673569561
000301.pid, car, 12.815169366200768, -16.48766368230184, -3.665300448735555, 0.9155271053314209,-84.10531729767126
000301.pid, car, 13.047422218322756, -17.484742082868305, -3.364329576492309, 0.8829742074012756,-80.59292238703497
000302.pid, person, 13.476442384719855, -25.399842834472658, -3.139132487773895, 0.4342561662197113,-122.50864993277813
000302.pid, car, 12.212273902893068, -16.383000106811526, -3.652628955841065, 0.9122137427330017,-82.95397474601975
000302.pid, car, 12.630235758694738, -17.81161626180013, -3.3214287324385205, 0.8766527771949768,-77.39674033149137
000303.pid, person, 13.44462038341322, -25.4387129733437, -3.1750293405432455, 0.5894342660903931,-124.82338679586832
000303.pid, car, 11.60678504762196, -16.0573970249721, -3.7828612668173656, 0.9125797152519226,-84.59417575460597
000303.pid, car, 12.322443580627445, -19.33908281326294, -3.4419468800226842, 0.8696848750114441,96.77144376301503
000304.pid, person, 13.442010470799042, -25.466562816074923, -3.194099630628313, 0.502684473991394,-129.7565839721576
000304.pid, car, 11.401218573252363, -15.433225048912899, -3.9069898790783353, 0.9118442535400391,-83.63653078331694
000304.pid, car, 11.97064913535605, -17.56263390365912, -3.580371190090568, 0.8794187903404236,-75.3293186856227
000305.pid, person, 13.41073558205053, -25.479348333258383, -3.187586495750829, 0.46116241812705994,-130.39738032015663
000305.pid, car, 10.529208395216205, -12.166261143154575, -3.521691507763333, 0.9094840288162231,173.10002166486606
000305.pid, car, 12.089635235922682, -20.634040423801967, -3.3730029208319516, 0.8887420892715454,101.3667750597299
000306.pid, person, 13.374924491433543, -25.513315425199625, -3.055251444087309, 0.42048513889312744,-127.94260344313776
000306.pid, car, 11.276013919285369, -17.199758856637136, -3.552750778198242, 0.9231196641921997,-71.40711689677028
000306.pid, car, 9.977712527565336, -11.885515461797302, -3.394090149713599, 0.9218612313270569,-163.90216210030576
000307.pid, person, 13.408800576862541, -25.502760435405534, -3.1747036231191537, 0.5016413927078247,-132.06362752611705
000307.pid, car, 9.429269091288253, -11.713253911336267, -3.2941159248352054, 0.9239629507064819,56.888579161484365
000307.pid, car, 11.096695111348081, -18.88338826252864, -3.624368786811828, 0.920968770980835,104.92446718503074
000308.pid, person, 13.39182837804159, -25.5226755142212, -3.1879922681384616, 0.42498159408569336,-127.43740324617104
000308.pid, car, 10.784616813659673, -19.1351664352417, -3.498143224716186, 0.9268416166305542,108.99563487712976
000308.pid, car, 8.769196033477789, -11.61866474151612, -3.560181799389067, 0.9205577373504639,156.52174404069598
000309.pid, person, 13.65216267108918, -25.458350419998176, -3.604820102453231, 0.6560724377632141,97.69502393438145
000309.pid, person, 13.41005420684815, -25.550371456146244, -3.2377532482147218, 0.3618392050266266,-129.1167628052822
000309.pid, car, 10.532457192738855, -19.335698405901592, -3.5308966934680934, 0.9176957011222839,109.72402399518893
000309.pid, car, 8.276496761723575, -11.222158130846532, -3.7499350999531003, 0.9162961840629578,164.8611115959896
000310.pid, person, 13.52955900828044, -25.416056060791014, -3.3397438844044998, 0.5275461077690125,168.16304171708614
000310.pid, car, 9.646197444514229, -17.63269218645598, -3.532652955306203, 0.9102102518081665,-65.02794416115546
000310.pid, car, 7.887330201955948, -10.943247868464551, -3.8068787134610695, 0.905927300453186,-104.72319597734759
000311.pid, person, 13.450621734965933, -25.513800100846723, -3.2945735888047647, 0.6080026030540466,-126.04912885852721
000311.pid, car, 7.401583671569828, -10.723725172189573, -3.804771432509789, 0.9053710699081421,-109.42186522440693
000311.pid, car, 9.021489143371587, -17.36519527435303, -3.952644953360923, 0.8614645004272461,-67.80831500061592
000312.pid, person, 13.443417727947239, -25.519285321235657, -3.182892486453056, 0.6360012888908386,-125.73068765838937
000312.pid, car, 7.055531356645673, -10.70730002030083, -3.944918746533601, 0.8994877934455872,-103.20379284958491
000312.pid, car, 7.913482308387762, -14.944752931594852, -3.7618367969989763, 0.8723477125167847,-65.64666619867884
000313.pid, person, 13.45899410247803, -25.52949085235596, -3.187742066383361, 0.65057772397995,-120.69013964117508
000313.pid, car, 5.678080933434624, -10.114867448806763, -3.431016249316079, 0.7748798727989197,2.5810840088130766
000314.pid, person, 13.464275793595753, -25.529070507396355, -3.151985753666271, 0.6444684863090515,-118.99569041726824
000314.pid, car, 4.682323656584095, -9.689717744526114, -3.8811262155833988, 0.7696291208267212,167.11930445333869
000315.pid, person, 13.46153823189114, -25.530907257743507, -3.114726159883582, 0.6247267127037048,-120.61683897219774
000315.pid, car, 3.7603277156227564, -9.741738620557285, -3.6991115996712125, 0.8598455190658569,-34.823276156798066
000316.pid, person, 13.449783722559616, -25.574136734008793, -3.086949696143469, 0.5622574090957642,-119.27909083606826
000316.pid, car, 3.2374396622180996, -9.751082215990337, -3.739103768553052, 0.8747919797897339,133.95273140159077
000317.pid, person, 13.447511778937447, -25.556977695888943, -3.0818863312403355, 0.5573276281356812,-120.51241185619344
000317.pid, car, 2.7774884856265585, -9.612819339918053, -3.7587773799896236, 0.8618798851966858,144.98201871031148
000318.pid, person, 13.465176933690126, -25.585297735113848, -3.079091323049443, 0.6497564315795898,-118.333889971269
000318.pid, car, 2.072934579849249, -9.271183586120609, -3.8848037242889393, 0.910313069820404,-25.247351342485423
000319.pid, person, 13.475251913070688, -25.564779853820802, -3.051815903186797, 0.5131384134292603,-121.78756208100071
000319.pid, car, 1.3937459387458335, -9.1235592181866, -4.063289440595185, 0.9130247831344604,-2.8392319310219154
000320.pid, person, 13.476164318266374, -25.576378231956852, -3.0912632715134394, 0.49763694405555725,-121.77772179799695
000320.pid, car, 1.2662185756489672, -9.239163462320967, -4.013305521011352, 0.8999519944190979,167.57923136431575
000321.pid, person, 13.471586545308437, -25.55558554331462, -3.1073470910390224, 0.6096861362457275,-122.06853773910709
000321.pid, car, 0.4837575922994097, -8.995256536147178, -4.028747362249037, 0.8993735313415527,171.07626740719593
000322.pid, person, 13.492598009109503, -25.57062797546387, -3.123418056964874, 0.5509567260742188,-111.52401110303208
000322.pid, car, -0.0025708433240614337, -9.054341018199924, -3.9655550867319103, 0.9094114899635315,155.43082647168978
000322.pid, car, 13.473358405263806, -25.5912191491378, -3.0246259915201277, 0.363283634185791,-114.5446733263901
000323.pid, person, 13.482063644810733, -25.55136108398438, -3.1554148197174077, 0.5403174161911011,-129.12024295525555
000323.pid, car, -0.36054458562284175, -8.92275440692902, -3.960804268717765, 0.8984971046447754,142.50120118452318
000324.pid, person, 13.484425320344815, -25.600418539608228, -3.1083160708932316, 0.5668300986289978,-118.50828323320957
000324.pid, car, -0.612618463238075, -8.635141054789228, -3.965522861480712, 0.835524320602417,-45.79684087108008
000325.pid, person, 13.465119271051321, -25.55350303649903, -3.1557677813938687, 0.46976980566978455,-123.45566151455137
000325.pid, car, -1.5286227434873538, -9.227574396133425, -4.116216266155242, 0.726747989654541,-95.70905012531983
000326.pid, person, 13.481486177444463, -25.621247768402107, -3.0791156291961674, 0.5511668920516968,-121.64568897025015
000326.pid, car, -2.3075149297714193, -9.117522684733077, -4.167576408386229, 0.7603930830955505,-77.49424295792554
000327.pid, person, 13.4772838679227, -25.56973708759655, -3.144395047968084, 0.6336525678634644,-126.08710389053871
000327.pid, car, -2.480776287260503, -9.467885108221148, -4.308334112167358, 0.8553275465965271,-79.45063582663042
000328.pid, person, 13.524328685942155, -25.561686561221173, -3.263004098619734, 0.5987071394920349,-117.82067236385632
000328.pid, car, -2.903528428077692, -9.540438795089724, -4.387536346912383, 0.8255374431610107,-71.9294486261339
000329.pid, person, 13.44048042297364, -25.61259737014771, -3.1526006937026976, 0.44299933314323425,-118.12428287692941
000330.pid, person, 13.526134920120242, -25.6027792930603, -3.2331870555877678, 0.33687782287597656,-113.92091707377736
000330.pid, car, 13.526134920120246, -25.60277929306031, -3.2331870555877686, 0.35839641094207764,-113.92091707377722
000331.pid, person, 13.45200395584107, -25.60419992967086, -3.0850462371652783, 0.35470178723335266,-115.36074977246747
000332.pid, person, 13.482676506042486, -25.64104957580567, -3.0258942008018495, 0.3725608289241791,-108.9981667382697
000333.pid, person, 13.504276990890508, -25.624351882934576, -3.082742619514465, 0.49896419048309326,-108.90363545927508
000334.pid, person, 13.460209083557135, -25.631375122070317, -3.057442820072174, 0.5542944073677063,-104.19141363661186
000335.pid, person, 13.499052365620937, -25.647799446469268, -3.0150440420423235, 0.5843558311462402,-115.10368035815475
000336.pid, person, 13.520734917033804, -25.62736944718795, -3.0978689302097666, 0.6214900612831116,-112.48580559122894
000337.pid, person, 13.456786680221564, -25.708359336853032, -2.9490715861320496, 0.6180518269538879,-106.37006069413565
000338.pid, person, 13.526648694818675, -25.638328638943765, -3.082839337262241, 0.6013087630271912,-120.01062883945445
000339.pid, person, 13.47874693870545, -25.66261930465699, -3.113866746425629, 0.5923072695732117,-109.08462971325045
000340.pid, person, 13.485601833888468, -25.65393002827963, -3.0739009834471203, 0.6012866497039795,-119.01433996272596
000341.pid, person, 13.480107556218691, -25.698460205741554, -3.033556896707286, 0.6315427422523499,-115.07207518616292
000342.pid, person, 13.479181506417017, -25.660956296053804, -3.168605544350364, 0.6358110308647156,-120.32752436020854
000343.pid, person, 13.47833371162415, -25.67348766326905, -3.1689132690429687, 0.620403528213501,-120.01766009174196
000344.pid, person, 13.523310852050786, -25.668816528320317, -3.172810411453247, 0.6315922141075134,-122.91496353721973
000345.pid, person, 13.45041249015115, -25.673966407775882, -3.1744121204723013, 0.6362060308456421,-117.48839074657778
000346.pid, person, 13.501560086789343, -25.652563012164578, -3.213760344878487, 0.6691941022872925,-119.84680139206759
000347.pid, person, 13.47239250183106, -25.713875427246098, -3.13296893119812, 0.6706029176712036,-118.32298931585717
000348.pid, person, 13.461756446144802, -25.695880022915933, -3.1104295578869907, 0.6822551488876343,-119.69494639703314
000349.pid, person, 13.50926213264466, -25.715613746643072, -3.1088722705841065, 0.6936314105987549,-123.36993055708464
000350.pid, person, 13.507710208063544, -25.663477773251746, -3.15705392671668, 0.6817570924758911,-120.05083292941643
000351.pid, person, 13.478804173676869, -25.73923840730087, -3.103509902954102, 0.691652238368988,-111.46642673129287
000352.pid, person, 13.524876984682955, -25.67739191922275, -3.182219082658941, 0.7053409218788147,-116.39354097018895
000353.pid, person, 13.542032200357193, -25.698413102523144, -3.1339452266693115, 0.7063487768173218,-119.8660984711019
000354.pid, person, 13.524297041051534, -25.763169344733747, -2.9753248270820167, 0.6892414093017578,-102.13774086809278
000355.pid, person, 13.54212013043856, -25.719793420088923, -3.1209043578097697, 0.6912773847579956,-111.68665355478907
000356.pid, person, 13.54503898620606, -25.727048015594487, -3.081426560878754, 0.6862703561782837,-95.44175765074613
000357.pid, person, 13.516211843490606, -25.710314273834236, -3.1199691772460936, 0.5984251499176025,-102.69313581755821
000358.pid, person, 13.434620039803647, -25.816281999860497, -2.997999520528884, 0.560242235660553,65.83636048299115
000359.pid, person, 13.466057175084169, -25.753568950452305, -3.111538861927232, 0.6434904336929321,-117.97966519231016
000360.pid, person, 13.4892685299828, -25.702702295212518, -3.1853187765393933, 0.6547596454620361,-128.2556567506592
000361.pid, person, 13.447035399350257, -25.763168334960938, -3.2469862266020333, 0.7500870823860168,-125.32140901742079
000362.pid, person, 13.460351489839102, -25.792108444940474, -3.2393000125884996, 0.6254622936248779,-128.56995419787418
000363.pid, person, 13.464845975240074, -25.91616639636812, -3.2802534330458855, 0.6442118287086487,-112.01601639921677
000364.pid, person, 13.428867657979334, -26.038387298583984, -3.2170143922169996, 0.5734429359436035,-116.70668914915245
000365.pid, person, 13.452115058898931, -26.04076857315867, -3.2878662159568384, 0.6749652028083801,-100.81689440542866
000366.pid, person, 13.47539129711333, -26.18524369739351, -3.242630901790799, 0.5868999361991882,-92.77860327896377
000367.pid, person, 13.514826157513788, -26.25890069849351, -3.2801263051874483, 0.6107698678970337,83.35716591605723
000368.pid, person, 13.520590066909794, -26.31956787109375, -3.1865687251090997, 0.6494318246841431,-120.2798991757316
000369.pid, person, 13.494102069309783, -26.349046979631698, -3.1699696041288816, 0.6046692132949829,-126.88631549049589
000370.pid, person, 13.470891601160957, -26.416120328401263, -3.122773433986463, 0.5935386419296265,-130.54006554492142
000371.pid, person, 13.507265524430716, -26.47905046289618, -3.29400250044736, 0.4999579191207886,-132.74065196185825
000372.pid, person, 13.510040971967914, -26.57013479868571, -3.1491512457529693, 0.5788331031799316,-125.47278493590068
000373.pid, person, 13.530484056472782, -26.715618133544922, -3.2879556417465197, 0.6926113367080688,-123.09476299781684
000374.pid, person, 13.527012651616882, -26.761591131036933, -3.246810923923145, 0.5135997533798218,-123.85738807490475
000375.pid, person, 13.5549693107605, -26.805252508683637, -3.3514780131253317, 0.5175243616104126,-130.40507715489073
000376.pid, person, 13.540362157319725, -26.884681500886614, -3.2214047908782946, 0.4769173562526703,-140.70378575562486
000377.pid, person, 13.540966033935552, -26.95128900864545, -3.163683260188382, 0.34695714712142944,-132.91417086713992
000378.pid, person, 13.56447987807425, -27.008874391254633, -3.237818667763158, 0.4499383866786957,-137.28802755117982
000379.pid, person, 13.582593345642096, -27.114289855957033, -3.2823176980018594, 0.43765968084335327,-133.14724355018936
000380.pid, person, 13.605106297661285, -27.196642595178943, -3.310214421328377, 0.5985769033432007,-139.35602664658427
000381.pid, person, 13.626987674019556, -27.28033820065585, -3.3839943300593975, 0.5654927492141724,-145.5804989869201
000382.pid, person, 13.624663262140189, -27.369266964140404, -3.2923609756288075, 0.5360561609268188,-148.62876088595402
000382.pid, person, 10.833624045054123, -16.36419624090195, -4.279816051324207, 0.3353956937789917,93.39233145998713
000383.pid, person, 13.656595918867325, -27.45238643222385, -3.2539401186837082, 0.5604589581489563,-161.56342483861204
000384.pid, person, 13.656349039077764, -27.570116329193116, -3.424008679389953, 0.5896974802017212,-130.75001804874978
000385.pid, person, 13.638679027557377, -27.667004691229927, -3.387405316034952, 0.6673209071159363,-148.2079912087777
000386.pid, person, 13.677796151902944, -27.69574970669217, -3.445598324139912, 0.6901171207427979,-156.2663256418851
000386.pid, person, 11.412900924682626, -25.675289154052734, -4.371470630168913, 0.30732136964797974,42.23884734169298
000387.pid, person, 13.644342947006228, -27.805691242218018, -3.346008920669555, 0.763512372970581,166.10121832373315
000387.pid, person, 11.41189806801933, -25.6778929574149, -4.371745245797292, 0.4885985553264618,40.07093883425633
000388.pid, person, 13.648327751159673, -27.94433723449707, -3.30213864326477, 0.6274672746658325,175.07628686950807
000389.pid, person, 13.679847423846907, -28.065064136798565, -3.4180392852196317, 0.7505872845649719,-60.24506689831022
000389.pid, person, 11.406877926417767, -25.691241128104082, -4.373326369694299, 0.424893856048584,40.774316546496834
000390.pid, person, 13.668188398534603, -28.099441701715644, -3.446557771075855, 0.7356127500534058,-60.230795360722645
000390.pid, person, 11.40172708034516, -25.678093433380127, -4.371163189411162, 0.334795743227005,40.14377781562085
000391.pid, person, 13.66208921160017, -28.19865390232631, -3.434843835376557, 0.6613375544548035,155.00480317449805
000392.pid, person, 13.694044550259916, -28.28249263763428, -3.3659438987572976, 0.6930928230285645,172.50673236542693
000392.pid, person, 11.41033923625947, -25.687785387039185, -4.37308472394943, 0.3592960834503174,41.70626953104918
000393.pid, person, 13.714013780866352, -28.40367989313035, -3.244599648884363, 0.7241023778915405,-171.29816448306502
000393.pid, person, 11.40567302703858, -25.670780181884773, -4.370339666094096, 0.4704487919807434,40.1135750146011
000394.pid, person, 13.707030903209342, -28.49315998770974, -3.269764824347061, 0.6710291504859924,-167.76187851966247
000394.pid, person, 11.450379371643072, -25.659412384033203, -4.371598800023396, 0.4104061424732208,-129.29402918856567
000395.pid, person, 13.678706259954552, -28.6013476962135, -3.396630128224691, 0.6934430003166199,-151.4505192840415
000396.pid, person, 13.697360086441051, -28.669068431854253, -3.4028738021850584, 0.6624356508255005,-162.43884733436542
000397.pid, person, 13.674771699038423, -28.706161672418773, -3.343668818473816, 0.6749851703643799,-168.16106232930255
000398.pid, person, 13.636285463968917, -28.778489218817818, -3.1327747503916417, 0.6405683755874634,-171.0941745398185
000399.pid, person, 13.608429325951475, -28.90007167392307, -3.10577627023061, 0.7149883508682251,167.08367535603614
000400.pid, person, 13.55678634643555, -28.932805919647215, -3.119925725460052, 0.7409260272979736,173.74233913494967
000401.pid, person, 13.512423651559018, -29.00668089730399, -3.117557900292532, 0.7090919613838196,-164.80637728291828
000402.pid, person, 13.533803059504589, -29.125853171715374, -3.370661946443411, 0.6413084268569946,164.30039434241493
000403.pid, person, 13.507498407363897, -29.190022754669194, -3.33064888715744, 0.7253838181495667,-164.78002549839542
000404.pid, person, 13.533252897716713, -29.272882098243354, -3.1566778478168307, 0.6754171252250671,179.07741136310355
000405.pid, person, 13.41488547074168, -29.355089789942696, -3.1733955458590857, 0.5999140739440918,179.53019211363556
000406.pid, person, 13.421533012390146, -29.443576145172123, -3.054356646537781, 0.5845624804496765,-162.45020776931906
000407.pid, person, 13.42390731811524, -29.502729797363287, -3.244295349121094, 0.5538134574890137,-158.54888393363032
000408.pid, person, 13.363909119053893, -29.555951670596475, -3.004974478169491, 0.3991210460662842,-158.01884316656339
000409.pid, person, 13.39174299240113, -29.676472091674817, -3.1938296198844913, 0.5316473841667175,-141.76967918554203
000410.pid, person, 13.385731697082525, -29.728437662124637, -3.016524672508239, 0.5238044261932373,-144.6723767952453
000411.pid, person, 13.326982722562907, -29.858759487376492, -2.9866968743941342, 0.6276674270629883,-127.27734943325854
000412.pid, person, 13.368813610076907, -29.92081775665283, -2.965251541137695, 0.5207622051239014,-115.2812307751316
000413.pid, person, 13.413909673690803, -29.98621288935344, -3.282300651073456, 0.6856208443641663,-105.10488876233643
000414.pid, person, 13.369190670195085, -30.102820351010283, -3.0706747259412492, 0.7768955230712891,-103.90854740322044
000415.pid, person, 13.39966165451777, -30.131208147321434, -3.1909120877583823, 0.737309992313385,-91.6070759539898
000416.pid, person, 13.374152803421026, -30.189188003540046, -3.1039371252059937, 0.7108076214790344,-91.21764305513094
000417.pid, person, 13.386881376567647, -30.295760506077823, -3.113220553649099, 0.7647073864936829,-103.59892449384839
000418.pid, person, 13.35188590155708, -30.339983092414016, -3.0255358351601496, 0.5425336956977844,-130.86567795623273
000419.pid, person, 13.331075278195476, -30.427506967024375, -3.0610325769944624, 0.6078405976295471,-133.78952491388142
000420.pid, person, 13.334675989652943, -30.492091530247745, -3.1556944596140006, 0.6132579445838928,-129.68224765361686
000421.pid, person, 13.321868260701505, -30.612419310070226, -3.136075564793178, 0.5639793276786804,-123.2619504387591
000422.pid, person, 13.307765759919825, -30.686967448184372, -3.143013753389057, 0.6273105144500732,-131.74091572053044
000423.pid, person, 13.303259658813484, -30.78808336257935, -3.0666352272033697, 0.4622000753879547,-134.01477068296143
000424.pid, person, 13.28267361901024, -30.888488249345265, -3.0804882699793037, 0.528685986995697,-131.519214676666
000425.pid, person, 13.31341788643286, -30.95458050778038, -3.0314689309973466, 0.45429614186286926,-130.71514286146484
000426.pid, person, 13.298863458633434, -31.02051963806153, -3.090338969230652, 0.4450884163379669,-123.71465704152871
000427.pid, person, 13.355885765769271, -31.14216024225409, -3.1254572434858843, 0.6465203762054443,-130.4885398107751
000428.pid, person, 13.377119790940066, -31.214549382527675, -3.1908928893861317, 0.6706436276435852,-129.1298877428137
000429.pid, person, 13.395883409600518, -31.31193361784283, -3.102198211770309, 0.6988978385925293,-132.52904281689496
000430.pid, person, 13.415016114711769, -31.393359303474433, -3.142962381243706, 0.6604979634284973,-132.8878268613783
000431.pid, person, 13.382380036746765, -31.478584401747767, -3.0958461621228386, 0.6039441823959351,-130.93688991192064
000432.pid, person, 13.38462531566621, -31.576196074485782, -3.139842137694359, 0.6429038643836975,-135.21849116238045
000433.pid, person, 13.38583958148957, -31.614002227783207, -3.1929201036691666, 0.7861966490745544,-129.65532744651335
000434.pid, person, 13.308620834350593, -31.781953303019215, -3.114959828058879, 0.7140602469444275,-123.8169222919214
000435.pid, person, 13.323686838150035, -31.846386194229137, -3.090013638138771, 0.7045996785163879,-119.9415726029392
000436.pid, person, 13.383793943068568, -31.969165016623112, -3.1359640570247875, 0.726939857006073,-127.25349816350706
000437.pid, person, 13.481949090957652, -32.04589080810548, -3.275962397456169, 0.5173495411872864,-96.37725905662316
000438.pid, person, 13.463934845394565, -32.13842497931587, -3.227936413553026, 0.4886664152145386,-109.51514923794846
000439.pid, person, 13.461839556694041, -32.208607912063606, -3.235097840428352, 0.7568178772926331,-112.47313345241093
000440.pid, person, 13.54407998135216, -32.26113088507402, -3.3114154464320134, 0.7470105886459351,-114.69752591260988
000441.pid, person, 13.559085060568423, -32.335846844841456, -3.3282510673298553, 0.713107168674469,-121.32430274286179
000442.pid, person, 13.562581735498775, -32.41595144832837, -3.339146712247063, 0.7398226261138916,-122.15145071311667
000443.pid, person, 13.538200097925532, -32.51110121783089, -3.418036895639756, 0.7501049041748047,-114.44703396392865
000444.pid, person, 13.541566742791083, -32.57867919074166, -3.37478236357371, 0.7114084959030151,-116.06691362965915
000445.pid, person, 13.536947886149099, -32.633432812160926, -3.3850354618496366, 0.715063214302063,-130.15788403151726
000446.pid, person, 13.532342963748514, -32.71470790439182, -3.348682165145874, 0.6892988085746765,-136.60346897381925
000447.pid, person, 13.530389573838988, -32.76697476704916, -3.310668097601997, 0.7103582620620728,-144.6462981766196
000448.pid, person, 13.524995803833017, -32.85156211853028, -3.3512582778930664, 0.6652666330337524,-150.7683688652399
000449.pid, person, 13.518208360672002, -32.951870155334475, -3.39792982339859, 0.6689964532852173,-161.67852013888958
000450.pid, person, 13.520702004432685, -33.01013898849488, -3.3714871257543564, 0.6901324987411499,-159.46750878192466
000451.pid, person, 13.54101842992447, -33.0692446091596, -3.3212416873258706, 0.703781247138977,179.71783214764514
000452.pid, person, 13.509239605494916, -33.10155241830009, -3.1974077905927385, 0.6805458068847656,-171.20891978287426
000453.pid, person, 13.475222294147207, -33.185276324932396, -3.226581170008733, 0.5996313691139221,-172.91158963436632
000454.pid, person, 13.378575120653437, -33.27423122950963, -3.098020502499171, 0.5783439874649048,-156.5996550833646
000455.pid, person, 13.3270721435547, -33.298938206263955, -3.1278952019555235, 0.5975862741470337,-167.0752543145325
000456.pid, person, 13.325292587280282, -33.33939531114367, -3.141318771574232, 0.6217682361602783,176.63294842802512
000457.pid, person, 13.42979139440201, -33.48135936961455, -3.3552545379189884, 0.5857295393943787,179.69705947564023
000458.pid, person, 13.4021989037009, -33.51610318352195, -3.3112153866711784, 0.46713194251060486,-169.96632434405487
000459.pid, person, 13.392564319428955, -33.61080932617188, -3.298229138056437, 0.5142068266868591,-172.37229421985134
000460.pid, person, 13.379348039627084, -33.64967231750489, -3.3495241880416877, 0.41237208247184753,174.5102501951526
000461.pid, person, 13.37827707591811, -33.69520046836452, -3.3627187327334753, 0.4090929627418518,-168.12604886322876
000462.pid, person, 13.386228152683817, -33.804816109793535, -3.365511939639137, 0.6147856712341309,-165.73684427553525
000463.pid, person, 13.281747649697708, -33.821004306568824, -3.2760054223677693, 0.6784811615943909,174.56539983840537
000464.pid, person, 13.359597265720382, -33.89385581016541, -3.2073315083980565, 0.5998293161392212,-170.3287437924326
000465.pid, person, 13.397777080535901, -34.00614118576051, -3.2618467062711716, 0.6829187870025635,-172.66854818903212
000466.pid, person, 13.28686029770796, -34.02451683493222, -3.2257478798136994, 0.6670331954956055,-166.17888285652882
000467.pid, person, 13.406562434302446, -34.089690738254134, -3.2975538041856556, 0.5637761354446411,-168.45809556129103
000468.pid, person, 13.349306678771985, -34.13697052001954, -3.2509935537974046, 0.6323006749153137,-167.8259877405842
000469.pid, person, 13.363127768039714, -34.21524071693421, -3.260895282030105, 0.6158961653709412,-154.14881790318063
000470.pid, person, 13.37514583881086, -34.25443825354944, -3.127256540151742, 0.44357115030288696,171.91726993528212
000471.pid, person, 13.21668720245363, -34.33596449631912, -3.1896484264960656, 0.49167436361312866,-170.36236589562907
000472.pid, person, 13.305205691944485, -34.389910264448694, -3.177821549502286, 0.4391382336616516,-169.2024818311117
000473.pid, person, 13.303793157850007, -34.603108269827715, -3.39429133278983, 0.5546786785125732,-99.49653943220159
000474.pid, person, 13.255476364722632, -34.802891657902656, -3.15813501064594, 0.66546630859375,-87.06500022115225
000475.pid, person, 13.27895626654993, -34.81152285062351, -3.3072119309352006, 0.6880949139595032,-91.39391237137443
000476.pid, person, 13.26118287173186, -34.83067911321468, -3.327771663665772, 0.7229076027870178,-116.53845385567112
000477.pid, person, 13.261876551310232, -34.930125681559254, -3.3825300216674803, 0.703717827796936,-93.10940739585791
000478.pid, person, 13.238232016563426, -35.06969523429871, -3.1045026630163197, 0.6071934103965759,-99.4913053054212
000479.pid, person, 13.177963917072017, -35.10484079214244, -3.009561226918147, 0.5985105633735657,-133.98422616130676
000480.pid, person, 13.184690296649945, -35.1702449321747, -3.0251085311174393, 0.5482550859451294,-134.14057284035238
000480.pid, person, 3.029780983924873, -14.776213963826498, -4.067743102709451, 0.31338220834732056,-33.45216484294876
000481.pid, person, 13.13984411413021, -35.29032863270154, -3.1120136217637504, 0.5289838314056396,-118.09752588297323
000482.pid, person, 13.14014189583916, -35.44520923069546, -3.0656222786222185, 0.4656345844268799,-122.95455128768384
000483.pid, person, 13.146826982498183, -35.48234335581463, -2.9844403664271035, 0.45461446046829224,-144.63815534014313
000484.pid, person, 13.090525627136241, -35.59044265747071, -3.0282441616058353, 0.4468498229980469,-148.74500597624893
000485.pid, person, 13.097253186362142, -35.62515722002303, -3.0314014809472227, 0.5107026696205139,-131.89277764012593
000486.pid, person, 13.162569999694833, -35.69538911183676, -3.033194065093994, 0.5474438667297363,-143.55911497656598
000486.pid, person, 2.7255328893661557, -15.39108800888062, -4.216085990269977, 0.4020819664001465,-30.227025179795746
000487.pid, person, 13.123951325049783, -35.83290246816783, -3.0314929118523226, 0.5204271674156189,-110.36060774619878
000487.pid, person, 2.704977846145634, -15.43614158630371, -4.19972562789917, 0.3493258059024811,-83.41589910274871
000488.pid, person, 13.150438828901825, -35.91487919200552, -3.0002900903875176, 0.4901854395866394,-137.59157556466647
000489.pid, person, 13.199870450156087, -36.01194299970355, -2.9954943486622403, 0.5995643734931946,-142.044849110744
000490.pid, person, 13.181798049381817, -36.07708413260325, -3.0579137802124023, 0.583200216293335,-145.05596010151362
000491.pid, person, 13.222378476460786, -36.145735422770194, -3.093620347976685, 0.5921863913536072,-152.65515943525827
000492.pid, person, 13.148904360257676, -36.27072671743541, -3.046320071587196, 0.6072726249694824,-144.7414522448353
000493.pid, person, 13.191838026046767, -36.380898157755546, -3.054538607597351, 0.5501612424850464,-145.5533571375628
000494.pid, person, 13.181476593017592, -36.452501296997085, -3.014686862627666, 0.4553070366382599,-159.36427711419597
000495.pid, person, 13.15433820088706, -36.52332814534506, -3.0611540873845424, 0.5405846238136292,-159.41761818168118
000496.pid, person, 13.192300660269613, -36.609219414847246, -3.035405346325465, 0.5951430797576904,-148.44602106839727
000497.pid, person, 13.197147250175487, -36.73075938224793, -3.085577085614205, 0.4981604814529419,-74.10619969828065
000498.pid, person, 13.216533047812336, -36.88447352818081, -3.221465127808707, 0.53216552734375,-63.31568333336518
