000023.pid, car, 23.153272565205892, -25.131840642293295, -2.894598031044006, 0.6385817527770996,82.89473613941719
000023.pid, car, 23.0271110534668, -25.062612942286904, -3.6187954459871565, 0.30345454812049866,68.50195059670885
000024.pid, car, 23.249126434326172, -25.01857829093933, -3.1278253942728034, 0.6014098525047302,89.93532070431536
000024.pid, car, 23.073461030658926, -25.189222636975742, -3.4005081779078434, 0.32005172967910767,73.91315365677174
000025.pid, car, 23.146247182573592, -25.148261342729842, -2.9440348318644927, 0.5737813711166382,81.80049233093442
000025.pid, car, 23.066211819648746, -25.15755081176758, -3.3801070749759674, 0.3612886369228363,73.3725059327801
000025.pid, car, 22.90851332011976, -25.292222073203643, -3.1201336132852644, 0.32720762491226196,93.57395495292874
000026.pid, car, 23.14932614564896, -25.15433943271637, -2.8821391835808745, 0.6208010911941528,83.43404925670296
000026.pid, car, 22.94236140780979, -25.310639063517254, -3.0772390498055344, 0.3357037901878357,109.50129169661633
000027.pid, car, 23.21672228762978, -25.081912090903835, -3.0615234751450373, 0.6266968250274658,89.32349543190503
000027.pid, car, 23.047195180257166, -25.21200243631999, -3.451873381932577, 0.30217811465263367,69.70670188774815
000028.pid, car, 23.24226240678267, -25.067386973987926, -3.0676729353991408, 0.6026004552841187,89.91527204218345
000028.pid, car, 23.026924884680547, -25.277273004705254, -2.920821283802841, 0.3428493142127991,100.36262640683181
000029.pid, car, 23.209024810791018, -25.03959875106812, -3.052952325344085, 0.5765644311904907,87.4618158864769
000029.pid, car, 23.017600890128847, -25.30116118154218, -2.977311426593411, 0.34545689821243286,105.4865022848994
000029.pid, car, 23.123330688476564, -25.09742469787598, -3.3496994376182556, 0.30764150619506836,73.2996490606149
000030.pid, car, 23.087384137240324, -25.219943075469047, -2.941272475502707, 0.3504662811756134,72.89781773371188
000030.pid, car, 23.105891177528786, -25.12644747683877, -3.322194350393195, 0.33329424262046814,72.16946935335677
000031.pid, car, 23.08606338500977, -25.155691840431913, -3.168545191938227, 0.3586443066596985,67.85112389938722
000032.pid, car, 23.047787427902225, -25.098970949649814, -3.1712826639413834, 0.3451281189918518,75.90036959493938
000033.pid, car, 23.042291913713733, -25.08148894991194, -3.1418057424681534, 0.3039724826812744,73.1894907851092
000034.pid, car, 23.118038711547857, -25.113279953002934, -3.2475766468048097, 0.34657683968544006,74.46741556297556
000035.pid, car, 23.21328926086426, -25.071967697143556, -3.035362660884856, 0.5730274319648743,85.09336190137434
000036.pid, car, 23.069145456949872, -25.172859319051113, -3.4044201691945393, 0.32301661372184753,74.36460677095116
000037.pid, car, 23.160593430201217, -25.15799220403036, -2.8159728248914075, 0.4133976995944977,81.68700278234155
000037.pid, car, 22.983509445190435, -25.300892105102537, -3.0270357704162594, 0.3051840364933014,109.51041339307142
000038.pid, car, 23.160890825333137, -25.160556485576013, -2.9262405441653336, 0.4802415668964386,80.84148593901574
000038.pid, car, 22.944780956615105, -25.317881324074484, -3.1350748864087183, 0.3480743169784546,105.6214389662184
000039.pid, car, 23.079257534396262, -25.210147857666016, -2.9507346691623804, 0.4361790716648102,73.24669418194308
000040.pid, car, 23.13081539038456, -25.136853767163824, -2.905785567832715, 0.6653408408164978,83.32101418256416
000041.pid, car, 23.149703434535436, -25.166504383087158, -2.842036145074026, 0.5893746018409729,81.10800417778411
000041.pid, car, 23.076016743977867, -25.12530784606934, -3.3536387284596763, 0.39066460728645325,72.98309460645285
000042.pid, car, 23.11391819847955, -25.13417021433513, -3.300436549716526, 0.4350399374961853,70.67371839325963
000043.pid, car, 23.038154930903996, -25.091176855153055, -3.1642263675558158, 0.3322129547595978,73.6153989573642
000044.pid, car, 23.094854961742058, -25.13383700630882, -3.248655330051075, 0.46954792737960815,71.91113128446875
000044.pid, car, 23.08304100036621, -25.20079650878906, -2.9087872709546763, 0.36545100808143616,76.44190869706375
000045.pid, car, 23.24359865188599, -25.074806690216068, -3.0460916519165027, 0.4577464163303375,89.30518686052505
000045.pid, car, 23.120737376965977, -25.13003138491982, -3.3285360210820247, 0.3387981951236725,70.85394070017448
000046.pid, car, 23.03905526522933, -25.08848308694774, -3.1639738493952256, 0.37307360768318176,73.58685398468614
000046.pid, car, 23.137830997335502, -25.201193973935883, -2.811378750307806, 0.3248060941696167,79.50511005197097
000047.pid, car, 23.204744439376032, -25.07674749274003, -3.04171293660214, 0.5125625133514404,87.27104675101154
000048.pid, car, 23.119503466288254, -25.186799685160324, -3.101759314537049, 0.3578791320323944,74.16655513969266
000049.pid, car, 23.239507293701173, -25.077276039123536, -3.0456255793571465, 0.4255932569503784,88.77375813694904
000050.pid, car, 23.11529887164081, -25.164316036083083, -3.1668360409913245, 0.49207574129104614,72.52302044754599
000051.pid, car, 23.0778075187437, -25.184579849243164, -3.00273714527007, 0.4329393208026886,75.58531547689896
000052.pid, car, 23.151783466339115, -25.168363639286586, -2.851512372493743, 0.42816147208213806,79.00728837435743
000052.pid, car, 23.09974197387696, -25.165371475219732, -3.1914361763000487, 0.3444451093673706,71.79126244745179
000053.pid, car, 23.075537109375002, -25.24154210771833, -2.954694155284336, 0.33340370655059814,69.63135336232774
000054.pid, car, 23.101652952340938, -25.111610045799846, -3.2287360704862156, 0.3407438397407532,71.88975309416342
000054.pid, car, 23.050395190715793, -25.28196483850479, -2.915739506483077, 0.3375774025917053,86.56462955128741
000055.pid, car, 23.234177303314212, -25.125733280181887, -3.0036441683769217, 0.5604227781295776,88.61430311898987
000056.pid, car, 23.043254515703985, -25.259222759920007, -2.9142651487799243, 0.43657922744750977,84.71565369760135
000056.pid, car, 23.08510982289034, -25.085231781005863, -3.3860891286064603, 0.33031612634658813,74.68652535607943
000057.pid, car, 23.086577129364017, -25.187833309173588, -3.349911665916443, 0.41460326313972473,66.50597411506254
000057.pid, car, 23.026349094935824, -25.27163369315011, -2.9899358681270045, 0.3281630575656891,83.91488165155043
000058.pid, car, 23.209895724341983, -25.052093505859375, -3.048726842516943, 0.5595170259475708,87.14223815589841
000058.pid, car, 23.01741057634354, -25.29204034805298, -2.9434730038046832, 0.32623106241226196,107.83870830274698
000058.pid, car, 23.10737168161493, -25.093675011082702, -3.3551854710829887, 0.32353392243385315,74.26092439475966
000059.pid, car, 23.07296213422503, -25.223797988891604, -2.9087697642190107, 0.3721906244754791,74.40732503183271
000060.pid, car, 23.08504702250163, -25.242254384358723, -2.938056333859761, 0.4007980227470398,62.4063603602931
000061.pid, car, 23.16987299036097, -25.144787541142218, -2.8763428705709937, 0.5102366209030151,83.73316143449253
000061.pid, car, 22.985926021229137, -25.322381713173606, -3.065910675308919, 0.3989231288433075,110.05134298394384
000061.pid, car, 23.116574711269806, -25.16946125030518, -3.3092680374781294, 0.3305676281452179,69.50505054476707
000062.pid, car, 23.19868310292562, -25.051550759209526, -3.0796777142418748, 0.6095011234283447,86.69870988890155
000062.pid, car, 23.079251225789392, -25.129395548502607, -3.349013153711955, 0.3425253629684448,73.7485770621121
000062.pid, car, 23.02964890797933, -25.286567370096844, -2.973754008611043, 0.3345666825771332,98.73556465261474
000064.pid, car, 23.06784102495979, -25.132116317749027, -3.435201476601993, 0.3025246858596802,75.29710535999733
000066.pid, car, 23.155039860652042, -25.16817855834961, -2.8860963491293097, 0.4899855852127075,83.86977417100051
000066.pid, car, 23.01675499810113, -25.11396944964374, -3.1585366990831165, 0.33074480295181274,74.9336341835588
000067.pid, car, 23.07719191382913, -25.238256117876837, -2.9575311646741973, 0.3556646406650543,72.27880624112251
000068.pid, car, 23.085954268773403, -25.14720964431763, -3.2071407536665597, 0.34655898809432983,69.84637421714952
000069.pid, car, 23.081966111154266, -25.2005088112571, -3.0031762050859854, 0.33476176857948303,71.45328244547561
000070.pid, car, 23.125863508744676, -25.19671665538441, -2.8550203352263477, 0.3602235019207001,86.8833320131663
000070.pid, car, 23.028955391475137, -25.08828244890486, -3.149426187787737, 0.3524715304374695,77.53658687948105
000071.pid, car, 23.08468017578125, -25.15711479187012, -3.4082252264022825, 0.3460773825645447,79.25738546961304
000071.pid, car, 23.044996082782745, -25.237965762615204, -2.9224027916789046, 0.33176589012145996,88.01324994080373
000072.pid, car, 23.2430627822876, -25.07832202911377, -3.046267139911651, 0.42687997221946716,89.0689919024807
000072.pid, car, 23.00676079952356, -25.302169742006242, -2.9833547852256075, 0.3528236746788025,97.81768967645532
000073.pid, car, 23.043110211690273, -25.06306648254395, -3.5895108183224997, 0.32301074266433716,67.65242049417358
000074.pid, car, 23.123198032379154, -25.158258140087128, -2.910451509058475, 0.6183416247367859,83.99913449875925
000074.pid, car, 23.062953567504888, -25.12964096069336, -3.4028159300486247, 0.3227692246437073,72.50793787931705
000074.pid, car, 22.868205342973987, -25.3352541242327, -3.238324540002004, 0.32171133160591125,94.23696822462207
000075.pid, car, 23.166925366719568, -25.139799118041992, -2.898928292592366, 0.5492319464683533,86.81559053656602
000075.pid, car, 23.0288044611613, -25.03344710667929, -3.6014081835746765, 0.3209642171859741,68.44368202732188
000076.pid, car, 23.122875467936197, -25.17377452850342, -2.8775958220163975, 0.5841990113258362,83.35596422322314
000077.pid, car, 23.165922393798834, -25.17559394836426, -2.8061585521697987, 0.5356081128120422,81.50573293156519
000077.pid, car, 23.066951751708988, -25.198922115823503, -3.2071772450986122, 0.37886902689933777,69.93696388785378
000078.pid, car, 23.123270834645922, -25.149469498665102, -2.8847754309254303, 0.5886675715446472,81.93000798180859
000078.pid, car, 23.03298918406169, -25.06712004343669, -3.2067081451416017, 0.35052210092544556,74.78971047749376
000079.pid, car, 23.09187609808786, -25.22175564084734, -2.9272929940904886, 0.6497796177864075,77.45503926213276
000080.pid, car, 23.079697777243222, -25.235349767348346, -2.9233297109603873, 0.719873309135437,73.22763324345611
000081.pid, car, 23.108860015869144, -25.167041969299316, -2.9564542611440014, 0.6256415247917175,87.40097903934542
000082.pid, car, 23.146528046706628, -25.171352518015894, -2.9064498852039202, 0.6063295602798462,80.44728594685327
000083.pid, car, 23.059055759060772, -25.254946677915513, -2.985369351602369, 0.35052648186683655,79.26322592847305
000084.pid, car, 23.05787335271421, -25.110387221626617, -3.280419577722964, 0.3868936002254486,75.43780255176192
000084.pid, car, 23.055513774647434, -25.245574221891516, -2.9248076677322383, 0.376185804605484,81.69883030757399
000085.pid, car, 23.24767547183567, -25.07116773393419, -3.0517669916152936, 0.5063672065734863,92.01528219764653
000085.pid, car, 23.02091231169524, -25.282001848574037, -2.9197012230202, 0.3363713026046753,82.4171109189512
000086.pid, car, 23.126537203788757, -25.153997659683228, -2.895297810435294, 0.5966339111328125,81.67115604305441
000086.pid, car, 23.110197601318365, -25.11913139343262, -3.253289852142334, 0.39663687348365784,72.70744109393385
000087.pid, car, 23.102340519428253, -25.212928652763367, -2.9312313571572295, 0.6283823847770691,77.3623457043017
000087.pid, car, 23.099828720092777, -25.176234637989722, -3.2877094465143544, 0.3806851804256439,68.17387057288353
000088.pid, car, 24.603077336361533, -28.56778456035413, -2.7898804451289916, 0.6498235464096069,-59.4250518180092
000088.pid, car, 23.081366777420047, -25.182134151458744, -3.233753184477488, 0.5155938267707825,64.66332687108998
000089.pid, car, 23.149323496325266, -25.129005629440833, -2.8910569980226706, 0.6426071524620056,82.75872049309562
000089.pid, car, 23.109208453785293, -25.09868075630882, -3.2516708590767602, 0.38627466559410095,73.09740184942933
000090.pid, car, 23.08376558621725, -25.189802567164108, -3.166896531979243, 0.4087045192718506,69.83277352985415
000091.pid, car, 23.05560979535503, -25.268111936507687, -2.914117005563551, 0.3243742287158966,87.43519745512718
000091.pid, car, 23.062431865268287, -25.173242039150665, -3.3834278186162314, 0.31488803029060364,76.61985633650183
000092.pid, car, 23.06620536131018, -25.213322302874396, -2.9931917611290415, 0.3976551294326782,70.79266064362572
000093.pid, car, 23.084495039547193, -25.14809513092041, -2.988641444374533, 0.3817839026451111,76.61284967981923
000094.pid, car, 23.217060543241956, -25.05440820966448, -3.092611267453147, 0.5088178515434265,87.86260708635854
000095.pid, car, 23.036787771409557, -25.268161835209018, -2.889553000850061, 0.3961506485939026,92.72476903661276
000097.pid, car, 25.83691215515137, -30.796986748190488, -2.8962081811007314, 0.42339271306991577,-59.276344254145194
000097.pid, car, 23.101773509272828, -25.17660013834636, -3.1599380440182157, 0.3112480342388153,69.6789660397265
000098.pid, car, 23.124854120714915, -25.182976229437465, -2.8990052568501428, 0.5081062316894531,80.64043003054894
000099.pid, car, 23.23706636428833, -25.0338397026062, -3.088119065761565, 0.4502759277820587,90.21012896142122
000100.pid, car, 23.151466982705255, -25.171040058135986, -2.8908061214855727, 0.5491600632667542,80.81096791107647
000100.pid, car, 23.074233754475916, -25.148033014933272, -3.4347501754760743, 0.30909672379493713,71.2745287309321
000101.pid, car, 23.151834079197474, -25.159402097974503, -2.887555199010031, 0.49466627836227417,84.1305382112102
000101.pid, car, 22.945747566223147, -25.308833122253418, -3.06275473833084, 0.3037140369415283,103.06776019427612
000102.pid, car, 23.131151735782623, -25.130122423171997, -2.987029820680618, 0.6336056590080261,81.74360484577194
000103.pid, car, 23.09193873405457, -25.192054351170864, -3.1688100894292197, 0.3146308958530426,70.16748221432721
000104.pid, car, 23.123538229200577, -25.12059349483914, -3.3389722903569545, 0.3545827567577362,70.68341080580376
000104.pid, car, 23.09044922099394, -25.205913936390598, -2.9256764510098616, 0.30821701884269714,74.25374459527258
000105.pid, car, 23.05140383490201, -25.080777332700535, -3.1344641817027123, 0.367353618144989,73.25227489213478
000106.pid, car, 23.225304794311523, -25.097819900512697, -3.0246439615885405, 0.5022482872009277,87.47622961027521
000107.pid, car, 23.10158072577583, -25.197565431948064, -3.096117955667001, 0.37091508507728577,69.72704034890441
000108.pid, car, 23.101051183847286, -25.135731917161213, -3.166226863861084, 0.357685923576355,74.63922790452523
000109.pid, car, 23.10894950230917, -25.162576993306484, -3.1807547211647034, 0.3265869617462158,75.35117109220985
000110.pid, car, 23.08030105359627, -25.234826463641543, -2.9192168062383472, 0.36205944418907166,71.11907013555098
000111.pid, car, 23.070867827444367, -25.263997973817766, -2.9246655305226636, 0.3604435324668884,68.03498369102319
000112.pid, car, 23.213822415000514, -25.0791620957224, -2.987781938753629, 0.6205719113349915,89.05555523576255
000112.pid, car, 23.019602168690074, -25.30571885542436, -2.922476703470403, 0.31242451071739197,113.11154902685765
000113.pid, car, 23.253328925684883, -25.047856280678197, -3.084985519710339, 0.4935489594936371,90.3114956302527
000114.pid, car, 23.25495559290836, -25.027987028423112, -3.084484614823993, 0.3586057126522064,90.8983759780339
000114.pid, car, 23.06273814610073, -25.09706102098738, -3.4234365224838257, 0.34513288736343384,70.9119152228971
000115.pid, car, 23.075885440992277, -25.195023163505226, -3.175391808800075, 0.4123437702655792,70.015497082622
000116.pid, car, 23.10269947052002, -25.183411598205566, -2.9345933914184568, 0.6300192475318909,76.740011101188
000116.pid, car, 23.11295971117522, -25.119494588751547, -3.3228984255539746, 0.3251379132270813,71.47802371607604
000117.pid, car, 23.735900532115593, -26.55924276872115, -2.7862177111885753, 0.6618800759315491,-59.97174953723245
000117.pid, car, 23.083143535413242, -25.100499303717367, -3.3709239332299483, 0.4083655774593353,73.06082128438443
000118.pid, car, 23.16583326884679, -25.127186638968332, -2.880172371864318, 0.5703487396240234,83.53842170310021
000118.pid, car, 23.069879366003953, -25.098089715708863, -3.204143005868663, 0.3800923526287079,74.26915371746075
000119.pid, car, 23.237695357378794, -25.052939471076517, -3.107577436110551, 0.5045214891433716,91.49856413605059
000120.pid, car, 23.21284223857679, -25.093055022390264, -3.0376804376903324, 0.4786277413368225,89.35805241978906
000120.pid, car, 23.015340227069277, -25.289946873982746, -2.9195875977024883, 0.36998382210731506,98.51028969443792
000121.pid, car, 23.146318852901462, -25.15448671579361, -2.8724378049373622, 0.5737982392311096,82.77955605422771
000121.pid, car, 22.92621159553528, -25.273438215255737, -3.168400853872298, 0.3247125446796417,102.58886623010545
000122.pid, car, 23.243683576583862, -25.03174602985382, -3.1195729374885546, 0.5500545501708984,89.60030845749107
000122.pid, car, 23.028087913990024, -25.263221979141235, -2.8649506866931906, 0.3520403504371643,89.33082857562813
000123.pid, car, 23.028149877275744, -25.11401816776821, -3.150433668068477, 0.3576209247112274,75.52349964645225
000124.pid, car, 23.25699884751264, -25.00771421544692, -3.0795912882860956, 0.47784003615379333,91.59793128395295
000124.pid, car, 23.13295873006185, -25.196644465128585, -2.8548196156819645, 0.30727845430374146,103.20350649511974
000125.pid, car, 23.144834123808767, -25.185204144181878, -2.8609799269972167, 0.687048077583313,79.65792130945489
000125.pid, car, 23.031034469604496, -25.128452301025394, -3.1473285329752954, 0.3183598518371582,75.22902183779915
000126.pid, car, 23.180883075879972, -25.1431304268215, -2.9246016999949567, 0.5076802968978882,87.41265951581201
000127.pid, car, 23.119407290504096, -25.090950284685412, -3.34928754397801, 0.3435717225074768,71.9249940367141
000127.pid, truck, 23.086924195289612, -25.17071682214737, -3.0198588445782657, 0.3124544024467468,74.0996114435198
000128.pid, car, 23.02428163800921, -25.11154856000628, -3.1786722455705916, 0.30817702412605286,77.68349138962641
000129.pid, car, 23.158600206728337, -25.155716790093315, -2.878836852532845, 0.6234096884727478,83.84302867620107
000129.pid, car, 22.970133261247113, -25.290444374084473, -3.1555534601211543, 0.350800484418869,101.28376667571283
000130.pid, car, 23.1537230355399, -25.15369953427996, -2.830394523484365, 0.6993668079376221,83.43982803774688
000130.pid, car, 23.11022604079474, -25.10543532598587, -3.357066040947324, 0.3734626770019531,73.54964618441736
000132.pid, car, 23.243991374969482, -25.070704555511476, -3.0462433695793143, 0.6292980909347534,89.04747399754983
000132.pid, car, 23.01850717717951, -25.279553846879438, -2.932082949262676, 0.3177233338356018,86.98690912563458
000133.pid, car, 24.36665264765422, -27.69197718302409, -2.9746242562929783, 0.641878604888916,-60.13143389546992
000134.pid, car, 23.14315543636199, -25.165968679612682, -2.862253535178399, 0.5413742661476135,83.47623540562259
000134.pid, car, 23.09239868890672, -25.153932298932762, -3.3669803596678234, 0.34979191422462463,71.14077313859853
000135.pid, car, 23.085448295839374, -25.2047181283274, -2.937623300860005, 0.3438974916934967,73.49804807546224
000136.pid, car, 23.03458232879639, -25.26264279683431, -2.9537731091181434, 0.35499346256256104,89.70986828143573
000137.pid, car, 23.23789386749268, -25.105776309967045, -3.0570043921470633, 0.5496407151222229,89.8987756595639
000137.pid, car, 23.011806424458825, -25.296793746948243, -2.9041147391001374, 0.3381594121456146,98.83703015448465
000138.pid, car, 23.1055631990786, -25.220797008938263, -3.0920340749952526, 0.31543368101119995,73.47215869096298
000139.pid, car, 23.18270905812582, -25.092556476593018, -2.942127535740534, 0.5951691269874573,84.95174885430285
000140.pid, car, 23.11434751941312, -25.210370771346554, -2.8915598315577347, 0.6516858339309692,79.81775745751679
000141.pid, car, 23.10420793294907, -25.209655344486237, -2.919328846037388, 0.6629146337509155,77.36075062484294
000142.pid, car, 23.758237491954457, -26.585299838672984, -2.7098270925608534, 0.5210702419281006,-59.96596082331056
000142.pid, car, 23.09259708722433, -25.157306750615444, -3.1791929503281917, 0.31704118847846985,75.01196238713803
000143.pid, car, 23.15506032797007, -25.13923879770132, -2.8359231673754173, 0.6397786140441895,86.72200957372257
000143.pid, car, 22.990054130554203, -25.312834479592063, -3.0643760507757007, 0.3464893400669098,107.56623746637543
000144.pid, car, 23.071135401725773, -25.205575108528137, -2.9431521818041797, 0.3624560236930847,76.34316798975482
000144.pid, car, 23.04988425118583, -25.111353193010608, -3.477173668997629, 0.314983993768692,73.12085771464612
000145.pid, car, 23.08713976542155, -25.21967379252116, -2.9164486991034604, 0.3873669505119324,70.64264657594518
000146.pid, car, 23.038599286760608, -25.074051380157474, -3.1651142750467574, 0.34038132429122925,70.97066794556274
000147.pid, car, 23.048539366040917, -25.060982567923414, -3.172989479133061, 0.4176069498062134,75.08462710450809
000148.pid, car, 23.010939774689856, -25.117632901227037, -3.18420699790672, 0.4621724784374237,74.08934994771734
000148.pid, car, 23.08424035434065, -25.204719938080885, -2.8325933423535568, 0.3366147577762604,98.45567932901113
000149.pid, car, 23.11139816045761, -25.19182550907135, -2.9447644874453536, 0.3914209306240082,75.632001903662
000150.pid, car, 23.07466596364975, -25.19094204902649, -2.9851895719766612, 0.42425382137298584,75.90881165644076
000151.pid, car, 23.075965227399557, -25.220810971941265, -2.9589177267892017, 0.44620588421821594,70.32921350096503
000152.pid, car, 23.074403578235255, -25.21119443831905, -2.941275996546591, 0.4148727059364319,73.47149495000727
000153.pid, car, 23.077068056379048, -25.23012755257743, -2.9664242744445795, 0.3964739143848419,74.26371196428556
000154.pid, car, 23.093821887312263, -25.222649607165106, -2.94230372330238, 0.3248746693134308,70.76111825969431
000155.pid, car, 23.09173965454102, -25.149830977121994, -3.286746710538864, 0.34455791115760803,69.73624550571452
000155.pid, car, 23.083416408962677, -25.213570647769505, -2.977535870340135, 0.3173849582672119,73.64100606742376
000156.pid, car, 23.12897975628193, -25.13802858499381, -3.1586209443899307, 0.3598169982433319,76.46630137319794
000157.pid, car, 23.03930535035975, -25.251569860121784, -2.931764315156375, 0.3353397846221924,83.16169641603884
000158.pid, car, 23.240036617625847, -25.083502769470215, -3.067147612571716, 0.4856303036212921,88.62235720938595
000159.pid, car, 23.14577465057373, -25.152858225504556, -2.8430164655049635, 0.5504729747772217,81.23951516834681
000160.pid, car, 23.248421907424927, -25.120209336280823, -3.041331067681312, 0.6566877365112305,88.94811208994908
000160.pid, car, 23.052232487996424, -25.204713058471683, -3.4079148928324385, 0.35845786333084106,71.16655035794157
000161.pid, car, 23.031349247899552, -25.11120230576088, -3.192577296289904, 0.33281636238098145,77.48770045979576
000162.pid, car, 23.236797679554336, -25.09520504691384, -3.068625146692449, 0.4216546416282654,89.05123689147193
000162.pid, car, 23.005819601171158, -25.311264150282916, -2.9910790359272674, 0.3430422246456146,96.82054510775045
000163.pid, car, 23.243922962861905, -24.984338984769934, -3.1572568977580344, 0.5197337865829468,91.64653661813614
000163.pid, car, 23.103109904697966, -25.242730640229723, -2.7468859581720246, 0.32611140608787537,95.87685696024889
000164.pid, car, 23.09041167750503, -25.18898888790246, -2.940107887441461, 0.3455961346626282,70.0336513306209
000165.pid, car, 23.138396399361746, -25.176335743495397, -2.833342441490718, 0.5905243158340454,83.78657194066156
000165.pid, car, 23.03303902237504, -25.077482929936167, -3.1252076537520797, 0.3198888897895813,76.69185573259367
000166.pid, car, 23.243072986602783, -25.111922979354862, -3.042054459452628, 0.5035963654518127,88.8531308420506
000167.pid, car, 23.13407141821725, -25.17023617880685, -2.8473692791802527, 0.5985622406005859,80.44549207775114
000167.pid, car, 23.026233164469406, -25.112170155843103, -3.189953764279684, 0.3525340259075165,76.97755213819218
000168.pid, car, 23.036176822803643, -25.08816097400807, -3.183356832574915, 0.36184996366500854,71.52367883141018
000169.pid, car, 23.233468808625872, -25.08443752088045, -3.112103211252312, 0.4408804774284363,90.26075939178979
000169.pid, car, 23.021099828904674, -25.292164341095955, -2.8597863874127785, 0.3503009080886841,111.86934494882188
000170.pid, car, 23.184327239990235, -25.070983810424806, -2.977705707550048, 0.48168501257896423,86.20739783295244
000171.pid, car, 23.2395396232605, -25.08017807006836, -3.0456276535987845, 0.5180110931396484,88.641750922353
000172.pid, car, 23.127417656683157, -25.1931333849507, -2.881954539206719, 0.6127834916114807,80.44275458820748
000173.pid, car, 23.115881979465488, -25.215392291545868, -2.891547948122024, 0.619102418422699,82.12112346492934
000173.pid, car, 23.054283218383794, -25.1439949798584, -3.2243771076202394, 0.32689639925956726,74.6586568443999
000174.pid, car, 23.10900413990021, -25.12785947322846, -3.295633301138878, 0.37098151445388794,71.8003569500026
000174.pid, car, 23.104089941297264, -25.18941252572196, -2.933996064322335, 0.352018266916275,76.1108088354233
000175.pid, car, 23.059857030068674, -25.24805345842915, -2.9694236324679464, 0.3683743178844452,79.15202684789537
000175.pid, car, 23.100988086901214, -25.163340016415248, -3.327272239484285, 0.3363102972507477,71.30002378316107
000176.pid, car, 23.09972190856934, -25.19109219142369, -2.982562794004167, 0.43906164169311523,76.17655878336483
000177.pid, car, 23.236148743402392, -25.07308660234724, -3.0751819724128353, 0.44649162888526917,89.38512606594135
000177.pid, car, 23.02737883365516, -25.29065565629439, -2.856733148748224, 0.4086655080318451,94.50926899449436
000178.pid, car, 23.010632903487597, -25.100935547440145, -3.1858521037631564, 0.38750505447387695,76.10260828705206
000179.pid, car, 23.14407235604746, -25.154247142650462, -2.907226147475065, 0.31852033734321594,81.04710817990511
000180.pid, car, 23.211130905151368, -25.125480842590335, -3.020172309875487, 0.5074562430381775,87.3059481828795
000180.pid, car, 23.066188410708783, -25.225221232364056, -3.360731576618395, 0.3508071303367615,76.58515889279757
000181.pid, car, 24.118282826741538, -27.157058970133463, -2.9376824378967274, 0.5667414665222168,-60.119014753642126
000181.pid, car, 23.06572649214003, -25.139754931132003, -3.449353906843397, 0.3925185203552246,74.1614147931181
000181.pid, car, 22.990028305053716, -25.321579818725592, -3.1001267051696773, 0.3786191940307617,108.31065727701395
000182.pid, car, 23.20471527462914, -25.034514926728754, -3.070232436770484, 0.6422129273414612,86.40222065361203
000182.pid, car, 23.100692340305876, -25.016609191894535, -3.4188886029379715, 0.41319453716278076,74.20198866630871
000182.pid, car, 23.025246874491376, -25.304125340779624, -2.926433436075846, 0.33340179920196533,108.48592130042928
000183.pid, car, 23.113751649856567, -25.175962507724762, -2.9191056191921225, 0.6233227849006653,82.29927133490568
000184.pid, car, 23.161877993879646, -25.15800055142107, -2.8409339559489277, 0.6244425773620605,80.41187066878472
000184.pid, car, 23.063110474617254, -25.097262843962643, -3.156833264135545, 0.3339654505252838,76.02658381508539
000185.pid, car, 23.099993260701503, -25.19045753479004, -3.011621729532877, 0.6290019154548645,76.54492978784178
000185.pid, car, 23.072103288438587, -25.18620480431451, -3.344079547458225, 0.3461741507053375,74.59036865463007
000186.pid, car, 23.14327977498373, -25.181495221455894, -2.8410538514455155, 0.6034254431724548,84.37859832917941
000186.pid, car, 23.048401117324833, -25.21608662605286, -3.361495926976204, 0.35414138436317444,74.6378986338552
000187.pid, car, 23.235646963119507, -25.073664665222168, -3.083374649286269, 0.5375938415527344,90.86951045357445
000187.pid, car, 23.017716377012192, -25.303383673391036, -2.9389711733787283, 0.34763479232788086,103.35158255933646
000188.pid, car, 23.863887977600097, -26.756565666198732, -2.797690558433532, 0.5162126421928406,-59.10048716807153
000188.pid, car, 23.019296054182384, -25.12677495232944, -3.1965156341421195, 0.3346983790397644,74.51844873775677
000189.pid, car, 23.059507261003766, -25.223247037615096, -2.949528530665806, 0.4232882857322693,69.69827138821063
000190.pid, car, 23.060440123081207, -25.208976924419403, -2.9809037148952475, 0.3561687767505646,69.25970383602218
000191.pid, car, 23.099796902049675, -25.12690882249313, -3.208794745531949, 0.40940049290657043,74.14345073001773
000192.pid, car, 23.159237494835487, -25.124120712280273, -2.9193609219331, 0.5047202110290527,81.5152314068416
000192.pid, car, 23.078348583645294, -25.195879123829034, -3.2012383231410277, 0.4015437662601471,70.10829688043908
000193.pid, car, 23.145662988935204, -25.172205243791854, -2.906090310641697, 0.5314319133758545,81.95587134274452
000193.pid, car, 23.06997077941895, -25.162577362060553, -3.1985972213745115, 0.4566706120967865,68.10755494798734
000194.pid, car, 23.08564878393103, -25.194001445063844, -3.1799730548152216, 0.521135151386261,70.30841363818564
000195.pid, car, 23.09036517965383, -25.215999800583415, -3.1381904010115, 0.4968813955783844,73.09579116315454
000196.pid, car, 23.10099082946778, -25.209461593627935, -3.162129831314087, 0.498358815908432,68.92934140363649
000197.pid, car, 23.08336726824443, -25.210848172505703, -3.152422080437342, 0.46801242232322693,69.38767322870743
000198.pid, car, 23.098702788352966, -25.161772966384888, -2.9867976382374755, 0.6139098405838013,74.30046077255199
000199.pid, car, 23.086613741788, -25.221366362138227, -2.949220744046297, 0.38768863677978516,72.11841871139778
000200.pid, car, 23.099045515060425, -25.213690876960754, -2.9525523111224166, 0.5659731030464172,77.71625019334766
000201.pid, car, 23.15264346681792, -25.144844186717066, -2.913123254118294, 0.5483880639076233,82.27640312141581
000201.pid, car, 22.90196259816488, -25.333140161302353, -3.2281327777438675, 0.34009799361228943,93.6263218670936
000202.pid, car, 23.071285574776788, -25.202039991106307, -2.9633755002702977, 0.6335479021072388,75.383088086609
000202.pid, car, 23.093415816624965, -25.139998912811283, -3.273106922705969, 0.3796376585960388,71.71469964281947
000203.pid, car, 23.082100203543003, -25.215243021647137, -2.931837956110636, 0.6779464483261108,73.06054614501343
000203.pid, car, 23.102262179056808, -25.137884987725155, -3.340278267860413, 0.3107646107673645,70.59292535738089
000204.pid, car, 23.086212106653164, -25.207336477331214, -2.9427281972524275, 0.4242855906486511,73.3809323064441
000204.pid, car, 23.078709390428333, -25.172189182705353, -3.3745531638463344, 0.3869292736053467,74.50747411913233
000205.pid, car, 23.018928187234064, -25.11774826049805, -3.1802093386650085, 0.46022289991378784,75.7350228361556
000206.pid, car, 23.03881511688233, -25.08369153340658, -3.234666426976522, 0.6028923988342285,75.0860682933157
000207.pid, car, 23.041720509529117, -25.257097899913788, -3.0014230832457534, 0.31775912642478943,79.11398718309344
000207.pid, car, 23.078475793202724, -25.074675718943283, -3.2566531598567967, 0.3054787516593933,75.27073327407871
000208.pid, car, 23.053827149527415, -25.24968569619315, -2.9673945307731624, 0.3639144003391266,68.07024776443193
000209.pid, car, 23.262588977813724, -25.031427145004272, -3.0822625905275336, 0.48333168029785156,91.6100463061349
000209.pid, car, 23.03538282986345, -25.265584814137426, -2.96958015704977, 0.36075136065483093,89.997286576357
000209.pid, car, 23.11203775907818, -25.130297409860717, -3.3224456561239144, 0.33959445357322693,74.00550461183751
000210.pid, car, 23.054228175770156, -25.249560616233133, -2.9510934136130587, 0.37981322407722473,81.46524584876333
000211.pid, car, 23.114401601975967, -25.217607928860573, -2.846840858459472, 0.6561868190765381,79.93626962200743
000212.pid, car, 23.15041122436524, -25.177602577209473, -2.8669295549392695, 0.48698756098747253,82.12330002006134
000212.pid, car, 23.05991845972398, -25.184331669526944, -3.4114610447603115, 0.33328160643577576,74.4078124657436
000213.pid, car, 23.228115684107735, -25.117774762605364, -3.0503110760136645, 0.49244144558906555,88.77816944492174
000213.pid, car, 23.026156481574564, -25.302985976724063, -2.9257401298074153, 0.30926424264907837,98.16680227347327
000214.pid, car, 16.73114864642804, -61.41135699932392, -3.5066530887897183, 0.6082149744033813,-156.95777021078072
000214.pid, car, 23.07377539740669, -25.18401220109728, -3.309701363245646, 0.3378298282623291,77.28760074815165
000215.pid, car, 16.58305319150289, -60.45852025349935, -3.3543902834256474, 0.5913639068603516,-136.58630402194268
000215.pid, car, 23.096121752703635, -25.197683122422966, -3.1144530773162846, 0.41205042600631714,70.5672645352725
000216.pid, car, 16.625086678398986, -59.97575547960069, -3.324090295367768, 0.5659783482551575,67.94648592010246
000216.pid, car, 23.10521377563477, -25.135679016113286, -3.190948896408081, 0.37160682678222656,73.75162278680784
000217.pid, car, 16.562804924814326, -59.31603582281815, -3.3606667267648773, 0.5166769027709961,-100.5323966879275
000217.pid, car, 23.146095957074852, -25.18513740812029, -2.8726234095437175, 0.50331050157547,78.98915135793253
000217.pid, car, 22.909572505950926, -25.276338481903075, -3.0634961843490593, 0.33562999963760376,94.6873408160297
000218.pid, car, 23.244216357960426, -25.04887120863971, -3.121424001805922, 0.5492252707481384,91.18888482311979
000218.pid, car, 16.839073514938356, -57.788794898986815, -3.423878610134124, 0.3827555775642395,-98.74916094946624
000218.pid, car, 23.04305922985077, -25.276822805404663, -2.84605025500059, 0.37609606981277466,94.26981285440282
000219.pid, car, 16.884337711334233, -56.65376224517822, -3.2544533967971794, 0.4068792462348938,-96.68770563448433
000219.pid, car, 23.099261905836027, -25.120686406674597, -3.2500709969064463, 0.37008345127105713,76.45644678677758
000220.pid, car, 16.73044952979455, -55.720213669996994, -3.284085310422456, 0.4489995241165161,76.28479806132985
000220.pid, car, 23.044001515706384, -25.090929285685224, -3.157811752955119, 0.3540714681148529,75.00033360153037
000220.pid, car, 23.046882820129394, -25.275178782145183, -2.9016565958658846, 0.32910314202308655,84.26595402501705
000221.pid, car, 17.448774973551433, -53.89033268116139, -3.3050867981380883, 0.37646204233169556,-98.41753589195486
000221.pid, car, 23.108583092689518, -25.167894244194034, -3.2566409558057785, 0.32782748341560364,69.087234894063
000222.pid, car, 17.696605620845677, -52.70220627323274, -3.336289813441614, 0.5015174150466919,-103.48491003630144
000222.pid, car, 23.041567444801334, -25.231422543525696, -2.9111143946647635, 0.328341543674469,78.05300133532384
000223.pid, car, 18.031310319900513, -51.26962814331055, -3.3899009287357322, 0.5288110971450806,-104.38483910279453
000223.pid, car, 23.08780221016176, -25.20726240834882, -2.922928533246439, 0.34750279784202576,73.47412440700562
000224.pid, car, 23.039340813954677, -25.04087368647258, -3.5435606638590493, 0.30958205461502075,67.5852916223361
000224.pid, car, 23.05480041503906, -25.234312375386555, -2.9587805271148677, 0.302494078874588,82.69418545305332
000224.pid, truck, 18.167381903704474, -50.43517482981962, -3.2976009915856745, 0.6048100590705872,-99.28285977628715
000225.pid, car, 23.147321503737878, -25.147215744544724, -2.867548029998252, 0.5002151727676392,80.73441010464991
000225.pid, car, 23.056528329849247, -25.11774873733521, -3.389712125062943, 0.31049126386642456,74.23668447204136
000225.pid, truck, 18.312718677520756, -49.0560341835022, -3.3321329951286307, 0.6016772985458374,-93.7757884796583
000226.pid, car, 23.057785246107315, -25.20587518480089, -3.4204995367262097, 0.3439743220806122,74.40714705515403
000226.pid, car, 24.24890772501628, -27.26285260518392, -2.94129869143168, 0.3305003345012665,-58.38809463846028
000226.pid, car, 23.027739465236667, -25.27618759870529, -2.8994677439332004, 0.30896374583244324,90.97725945096148
000226.pid, truck, 18.244396672104347, -48.35418377500592, -3.2725968071908653, 0.5318019986152649,-88.82540897143122
000227.pid, car, 18.407073396624945, -47.36371473832564, -3.2399292064435548, 0.4548584222793579,-92.42908646195741
000227.pid, car, 23.129053306579593, -25.136446762084965, -3.2806630253791815, 0.3518523573875427,75.13865997884595
000228.pid, car, 18.478550164595895, -46.47562789916992, -3.2698094015536094, 0.5152626037597656,-87.42533631299614
000228.pid, car, 23.059625192122027, -25.082736795598816, -3.215598897500472, 0.3505367338657379,71.34805157314797
000229.pid, car, 18.685612222422723, -45.296388045601226, -3.22961235564688, 0.6943426728248596,-89.76302900086105
000229.pid, car, 23.12212642546623, -25.210324625815115, -2.8534134664843154, 0.5974836945533752,79.76951397856304
000230.pid, car, 18.648942992800762, -44.43689164661226, -3.2735520317440936, 0.6894538998603821,-94.20486976616928
000230.pid, car, 23.154100787255075, -25.151829627252393, -2.8928270339965816, 0.5513368844985962,85.23567860321866
000231.pid, car, 18.736458631662224, -43.16919414813702, -3.2630495291489816, 0.680761456489563,-83.45150614536718
000231.pid, car, 23.14313302721296, -25.178518772125244, -2.8802171945571895, 0.6014659404754639,82.1775357837245
000231.pid, car, 22.900322723388676, -25.252040481567384, -3.1279925028483064, 0.30234479904174805,96.67298021579242
000232.pid, car, 18.643024863266362, -42.89107699510528, -3.1969748357447174, 0.4163113832473755,-79.59118712556679
000232.pid, car, 23.095668520246235, -25.181509562901095, -3.1658058507101883, 0.34526294469833374,71.83649389651369
000232.pid, car, 18.782272298285307, -42.390066187432474, -3.251940057632771, 0.3118477761745453,-87.37712723983955
000233.pid, car, 18.555617753849475, -41.25380768886832, -3.2969594667124187, 0.5068756937980652,-78.09206805661782
000233.pid, car, 23.110133330027264, -25.20320505566067, -2.9101925558514057, 0.3578152060508728,90.87100536775007
000234.pid, car, 18.484913286955464, -40.27478723940642, -3.1099908559218683, 0.6270228028297424,-75.61761281732655
000234.pid, car, 23.208287143707274, -25.11532735824585, -2.9922221302986136, 0.6157606244087219,87.32099118368791
000235.pid, car, 23.709567546844486, -26.503286361694336, -2.7762314478556305, 0.5963354706764221,-59.929252627526914
000235.pid, car, 18.312051938927695, -39.549044070036516, -3.0327144913051427, 0.556549072265625,-70.91371787189132
000235.pid, car, 22.93617032368978, -25.251784388224284, -2.9476004759470613, 0.34074756503105164,102.87229479012265
000235.pid, car, 23.11541557312012, -25.110538609822594, -3.3813963413238524, 0.3096904754638672,74.96856176584045
000236.pid, car, 18.422300974528, -38.940432993570965, -3.0457468509674057, 0.5991087555885315,-76.54243671710773
000236.pid, car, 23.23680096580869, -25.03751500447591, -3.1124863965170717, 0.5604950189590454,89.88745308489113
000236.pid, car, 23.03687919889178, -25.293287413460867, -2.8147823044231957, 0.35339680314064026,115.17341896208534
000237.pid, car, 18.083935328892302, -36.7006950378418, -3.273301345961433, 0.5303472280502319,-80.57126783574756
000237.pid, car, 23.04071827592521, -25.083882759357326, -3.1630603033920814, 0.355625182390213,74.35207114797753
000238.pid, car, 18.08076948278091, -35.01051330566406, -3.3299692378324615, 0.5693060159683228,-88.6082159360208
000238.pid, car, 23.152009569365404, -25.154010312310582, -2.8768601993034615, 0.3253287971019745,82.44787533201465
000239.pid, car, 23.136019638606484, -25.197784083230157, -3.051155720438276, 0.3264872133731842,79.90524507662802
000240.pid, car, 23.098398208618168, -25.117941093444827, -3.220636403560639, 0.38543397188186646,72.87661459652186
000240.pid, car, 23.14791278181405, -25.153965062108533, -2.885224120370272, 0.31865057349205017,81.306078709818
000241.pid, car, 23.113393563490654, -25.188587042001583, -3.061006004993732, 0.37582290172576904,74.60309743141875
000242.pid, car, 23.04863254840558, -25.13042303232047, -3.051495836331294, 0.37669867277145386,-54.037072269613176
000244.pid, car, 23.2355063756307, -25.19668632083469, -2.9873743984434333, 0.3006434142589569,89.40874699665231
000245.pid, car, 23.160368294551454, -25.222597911440097, -2.812295584843075, 0.35413455963134766,82.43212437911596
000246.pid, car, 23.049619527963497, -25.09905998523419, -3.0516673968388486, 0.3249140977859497,-48.90280982047655
000247.pid, car, 23.099952061971035, -25.28264904022217, -3.263135472933451, 0.3195778429508209,75.98000791700005
000250.pid, car, 23.151185512542728, -25.24364103589739, -2.648749547345297, 0.3236542344093323,67.45495519097302
000252.pid, car, 23.228998184204105, -25.194106374468127, -2.783000162669589, 0.4385353624820709,79.65208891473368
000253.pid, car, 23.12505992253622, -25.217645247777302, -2.7017804682254773, 0.3478783667087555,95.61522070100837
000256.pid, car, 23.241239229838055, -25.19549740685357, -2.949186788664923, 0.3203600347042084,88.13844580220051
000257.pid, car, 23.18987900870187, -25.19026147751581, -2.8825544516245523, 0.37957197427749634,94.62011264914844
000257.pid, car, 23.102333589033652, -25.247556513006042, -3.279200944033536, 0.31768590211868286,74.14319595581946
000259.pid, car, 23.10100530541462, -25.195164390232257, -3.0806683250095532, 0.41597869992256165,-108.29980450466891
000259.pid, car, 19.0100735374119, -17.394880833833117, -3.0835326858188794, 0.34844261407852173,84.57346592709249
000260.pid, car, 23.060849154437033, -25.128615061442062, -3.045877792217114, 0.3895284831523895,-46.6958503272631
000261.pid, car, 23.13579078956887, -25.229709201388893, -3.0279715767613165, 0.38137269020080566,85.66982879477432
000262.pid, car, 23.131741090254355, -25.201368563102957, -3.033063628456809, 0.49505582451820374,74.44986506239792
000263.pid, car, 23.129971937699754, -25.194852568886503, -3.0748717243021186, 0.31038135290145874,56.971756136453024
000264.pid, car, 23.100807842455414, -25.21046899494372, -2.960823642580133, 0.33517974615097046,78.53572435898164
000265.pid, car, 23.09616508483887, -25.228135899135047, -2.9317597048623223, 0.32571637630462646,76.62829671554432
000266.pid, person, 10.474012851715091, 24.884102344512936, -4.2007561922073355, 0.45614534616470337,99.3494914893535
000266.pid, car, 23.110894504346348, -25.223942455492523, -2.9172184216348747, 0.3454628586769104,75.24638082238243
000266.pid, car, 15.444288069202056, 5.443180884084394, -3.1473030659460246, 0.3021147847175598,-71.9261297516363
000267.pid, car, 23.12069991539265, -25.17814162681843, -3.0518876930762984, 0.4443150758743286,79.11209590113901
000267.pid, car, 22.000791598588997, -20.197699057750214, -3.0519072642693144, 0.4439355134963989,102.34911746492308
000267.pid, car, 16.800822854042053, -0.09703338146209983, -3.132425487041473, 0.31993794441223145,101.50717686927887
000267.pid, car, 11.42950022220612, 23.268335342407227, -3.722460657358169, 0.3114437460899353,110.19452222985129
000268.pid, car, 11.561773368290494, 22.219179562159944, -3.7715964487620757, 0.33338987827301025,108.67900540778597
000268.pid, car, 23.119061697097056, -25.138221195765908, -3.171463750657581, 0.31390413641929626,71.59686389537674
000269.pid, car, 23.126390110362664, -24.885010112415667, -3.492804917422208, 0.3729901909828186,73.34034878270724
000269.pid, car, 18.610509655692365, -7.3783452185717495, -3.331750788471915, 0.32342302799224854,103.76783212849669
000270.pid, car, 23.15440514508416, -25.086294286391322, -3.26208038891063, 0.44755035638809204,75.37754982469973
000270.pid, car, 18.406437650639962, -6.7070431404925435, -3.211852657034042, 0.3562312126159668,83.98677040247169
000271.pid, car, 23.039375587745955, -25.089928591692892, -3.124375484607838, 0.38418635725975037,81.83421423812403
000271.pid, train, 17.662645463020574, -2.6061891971095923, -3.1689007282257076, 0.35799670219421387,103.43281353963266
000272.pid, car, 23.107494899204802, -25.0663131532215, -3.186619145529611, 0.3493868410587311,77.89744797724985
000273.pid, car, 23.08115386962891, -25.042568206787113, -3.3971038781679592, 0.4092920422554016,73.44921979113839
000274.pid, car, 19.621709085860342, -10.3910825961041, -3.1139604955349323, 0.3345957100391388,103.67774458939174
000276.pid, car, 23.073300065665414, -25.039867532664335, -3.1266933885113946, 0.34212633967399597,79.85278273549196
000277.pid, car, 17.791091003933467, -3.538170818944235, -3.046695928315858, 0.3544314205646515,-69.63252154204505
000279.pid, car, 23.102298789554176, -25.20149437586467, -2.948546469211579, 0.3060089349746704,75.63979991217602
000280.pid, car, 15.144608698393172, 7.525830507278441, -3.5512019333086506, 0.30581849813461304,-55.877630143404055
000285.pid, car, 23.102743625640873, -25.14534606933594, -3.1886562347412113, 0.30693256855010986,73.56853584082734
000286.pid, car, 16.36178906758627, 11.683532953262327, -3.961150169372558, 0.32923832535743713,-64.30631007942128
000286.pid, car, 23.111335209437783, -25.192345619201664, -3.3190812723977223, 0.31810685992240906,76.07560791344055
000287.pid, car, 16.54572415351868, 11.199143934249877, -3.89522180557251, 0.35153451561927795,99.11904547352779
000287.pid, car, 23.060575757707873, -25.080566610608788, -3.1107482654707774, 0.3439130187034607,82.71833941467347
000288.pid, car, 23.121801878276628, -25.128370586194492, -3.168378553892437, 0.44427770376205444,73.37140083792482
000289.pid, car, 23.063376154218407, -25.032173974173414, -3.1112506645066396, 0.33490756154060364,78.74195878895905
000290.pid, car, 23.113682270050052, -25.10464068821499, -3.0338038206100464, 0.38165947794914246,67.32741917901393
000291.pid, car, 23.16118422798489, -24.93446424733038, -3.142361827518629, 0.4292851984500885,64.86939400479363
000293.pid, car, 23.2910740852356, -24.63453693389893, -3.0499767780303957, 0.37044334411621094,-107.30605196465027
000293.pid, bus, 18.79145497367496, -8.956106367565338, -3.08224302246457, 0.3203088641166687,102.64120878328666
000295.pid, car, 15.36343241846839, -4.346187075903252, -3.482072103855221, 0.36748525500297546,-80.05045132644591
000296.pid, car, 15.452360343933108, -5.336681665073741, -3.468749237060546, 0.3328748643398285,93.50433866050723
000297.pid, car, 14.959920247395836, -4.557447814941413, -3.2932155927022295, 0.3641413748264313,-120.6320271395549
000298.pid, car, 14.893771663788828, -5.063882381685322, -3.2333101380255913, 0.42665690183639526,-124.40842638208076
000298.pid, car, 22.01373655455453, -15.10394014630999, -2.919955951826912, 0.3430875241756439,101.4017106386453
000299.pid, car, 15.02060127258301, -5.757923378663907, -3.2707370098899395, 0.3485666811466217,-116.4718698647423
000299.pid, car, 23.78663892012376, -23.17213139167199, -2.8393806677598215, 0.33495238423347473,-103.02768918936249
000299.pid, car, 15.190685890816356, 0.8924559129251012, -3.4736836472073107, 0.3022111654281616,92.82849644040554
000300.pid, car, 15.222991356482877, -6.743682531210101, -3.3706425520089955, 0.3632977604866028,-104.50183363884204
000301.pid, car, 15.224496092115132, -7.631483316421517, -3.385978937149048, 0.34847092628479004,-95.91162732656647
000302.pid, car, 15.485227857317247, -8.481183256421774, -3.341619116919382, 0.5043368339538574,-87.26829204274469
000303.pid, car, 15.642523614983812, -8.948190011476221, -3.234980733771073, 0.5481797456741333,-90.34829723613004
000303.pid, car, 24.09571726181928, -22.087599249447095, -2.973976457820219, 0.43407154083251953,-118.46973723371477
000303.pid, car, 16.35339998644452, -10.304286967876346, -3.3440871127816125, 0.3392946720123291,108.35244607158505
000304.pid, car, 24.20787514580621, -21.78416336907281, -3.0212726593017574, 0.5866132974624634,-116.1129752014158
000304.pid, car, 15.864026839916525, -9.659138239347023, -3.293270624600924, 0.4263906180858612,-87.05282198456447
000304.pid, car, 16.288138123445734, -10.502078965652823, -3.3421784278958335, 0.3593609929084778,-70.52141668301084
000305.pid, car, 16.163025945425037, -10.352007091045383, -3.289528109133244, 0.5420078635215759,-79.79494123926713
000305.pid, car, 24.25396207173666, -21.588689804077152, -3.0107532024383543, 0.5193126797676086,-112.37820259144505
000306.pid, car, 16.343328519300982, -10.785426746715201, -3.3956187638369473, 0.5277016758918762,-78.5047867504959
000306.pid, car, 24.376327157020572, -21.314904570579532, -3.087054491043091, 0.4340391159057617,60.31501266897953
000307.pid, car, 24.425875091552737, -21.137590694427494, -3.070389914512634, 0.4725886285305023,-107.67912444821789
000307.pid, car, 16.73767940203349, -11.755963444709783, -3.1707117259502415, 0.4368617832660675,-65.48211073894228
000307.pid, bus, 19.80555007571266, -15.45494556427002, -3.176458631243024, 0.30466148257255554,-45.26963613471389
000308.pid, car, 17.2337144420993, -12.46532092555877, -3.088020686180361, 0.4435749053955078,104.96695564825166
000308.pid, car, 24.551423645019533, -20.872204875946046, -2.9930303454399114, 0.4417698085308075,-116.7279978753875
000308.pid, bus, 19.668792843818665, -15.524234145879747, -3.17357949912548, 0.36769065260887146,-54.47645520009806
000309.pid, car, 24.611645592583553, -20.55482567681207, -2.9992585049735174, 0.46918871998786926,-120.25740282510486
000309.pid, car, 18.66220024108887, -13.813998355865479, -3.2487471580505365, 0.4325411915779114,127.73482069504169
000309.pid, car, 17.410348739624027, -12.857500114440922, -3.127026767730713, 0.4091261625289917,-60.528722106717005
000310.pid, car, 22.907833435956174, -17.940517004798444, -3.178885901675505, 0.5000447034835815,129.0111477003926
000310.pid, car, 19.195210923539832, -14.328279698148688, -3.262764727815669, 0.38055098056793213,129.9907130712531
000310.pid, car, 18.053997755050663, -13.49207957585653, -3.078714499870936, 0.3438195288181305,113.2125140111696
000311.pid, car, 18.319590456345505, -13.689982750836544, -3.086027944789213, 0.46736639738082886,-55.5530831283452
000311.pid, car, 22.63445370992025, -17.47500718434652, -3.2290663798650105, 0.45828139781951904,128.890804174981
000311.pid, car, 19.486187803979014, -14.541352851718079, -3.250180524938246, 0.3951835334300995,136.63875135453787
000311.pid, car, 24.804629611968995, -20.154879665374757, -2.9241781353950493, 0.36654043197631836,-113.02581698239052
000312.pid, car, 22.897109765272873, -17.42483326104971, -3.0865580302018376, 0.5191217064857483,129.08264432396206
000312.pid, car, 18.649731692145856, -13.903823515948131, -3.078368243049173, 0.5097871422767639,-54.722167680633234
000313.pid, car, 22.27984295469342, -16.65808926206647, -2.999724178603201, 0.40448126196861267,-40.83898717645969
000313.pid, car, 19.52929736406375, -14.50693507072253, -3.0750837692847615, 0.39881008863449097,-35.34914799720825
000313.pid, car, 22.653648745629095, -16.785926203573904, -3.0267365901700907, 0.3947819471359253,-43.91148086057805
000313.pid, car, 19.08601842607771, -14.444928523472381, -3.1289704731532506, 0.30672594904899597,-47.97187841959278
000314.pid, car, 21.756615577860085, -16.03725701190056, -2.9810451548150243, 0.46207940578460693,-38.134795343529554
000314.pid, car, 22.801115572452545, -16.697887033224106, -3.050969891250133, 0.33189821243286133,-43.03012819584423
000314.pid, car, 19.72041902309511, -14.879628762966252, -3.056792474374539, 0.31409549713134766,129.90040779674615
000315.pid, car, 22.03612948330966, -16.234079586375845, -2.92127366065979, 0.5649588108062744,-35.655696326553176
000315.pid, car, 20.221006774902346, -14.95248074001736, -3.001898347006903, 0.377344012260437,-30.35211319664201
000315.pid, car, 23.418538602193202, -17.247498321533204, -3.0203011989593502, 0.376173734664917,133.57723822380805
000315.pid, truck, 19.771082389645464, -14.985267476337714, -3.085290990224699, 0.314217746257782,-51.36423965540962
000316.pid, car, 22.528394092213027, -16.425248492847793, -3.025715903802352, 0.4733125865459442,-33.25622260846472
000316.pid, car, 19.981109619140625, -15.001422935061985, -3.027245673868391, 0.38060277700424194,-44.3766703650412
000316.pid, car, 25.481957655686603, -18.843276977539062, -2.7499674466940056, 0.32721370458602905,59.663390492788764
000317.pid, car, 22.986905565448836, -16.658438121571262, -2.9526116894740677, 0.36580607295036316,-34.05979385013641
000317.pid, car, 22.577380828857425, -16.318148059844972, -3.01696533203125, 0.36323389410972595,-32.972685737887716
000318.pid, car, 23.347287607192996, -16.681579494476317, -2.9712235927581783, 0.4136817157268524,-30.958401951538754
000318.pid, car, 20.62716161287748, -15.41584496620374, -3.015475383171668, 0.37489965558052063,-37.38910651235015
000319.pid, car, 21.170587876263788, -15.518042153003169, -2.971240838368733, 0.47030144929885864,-27.64398579711019
000319.pid, car, 24.492065232375573, -17.18601098553888, -3.0072779491029933, 0.41966700553894043,140.70237407218545
000319.pid, car, 22.800990104675297, -16.380497989654543, -3.044983272552491, 0.30398961901664734,-25.330465136404783
000320.pid, car, 22.75434188842774, -16.259526994493275, -3.016910129123264, 0.3805457055568695,-22.17473976598956
000320.pid, car, 20.71661070890205, -15.467516810394997, -3.002013572426729, 0.37442582845687866,122.52640681358596
000320.pid, car, 22.199771139356827, -15.979288472069634, -3.0674696365992222, 0.3507533669471741,-44.07977173029202
000321.pid, car, 21.166679000854497, -15.620216999053955, -2.998884091377257, 0.37062495946884155,-31.74789187376478
000321.pid, car, 22.841471570603396, -16.173713562336378, -3.009702499876631, 0.32596755027770996,-20.13087991497726
000322.pid, car, 22.708601864901457, -16.16174025969072, -3.112213535742327, 0.4363732933998108,-18.143764034699895
000322.pid, car, 20.421340942382812, -15.424788908524947, -2.9644929062236436, 0.34109368920326233,117.18771730307772
000323.pid, car, 22.626554639715902, -15.938531649740122, -3.0579551772067424, 0.5124456286430359,-14.659535944252536
000323.pid, car, 21.315275768064105, -15.560688072780394, -3.0594330823646394, 0.3582875728607178,-19.479041252964645
000323.pid, car, 24.594811729762863, -16.569129736527152, -3.153739213943481, 0.34918051958084106,152.93115463823568
000324.pid, car, 22.83798394203186, -16.047133350372317, -3.0278950452804567, 0.531355082988739,-10.366672632089028
000325.pid, car, 23.651534438133243, -16.315028607845306, -3.0778091773390766, 0.43469294905662537,-4.279817299321035
000325.pid, car, 22.77555884384528, -15.949891043872372, -3.0749113850477263, 0.36722275614738464,-9.426987580172577
000326.pid, car, 22.66126722759671, -15.920770936542091, -3.1388263967302112, 0.40257182717323303,-9.3595163935481
000326.pid, car, 23.144010808732773, -16.05809866057502, -2.999503983391655, 0.3803328275680542,-7.514896499188419
000326.pid, car, 20.770345641345514, -15.515114179471643, -2.9370214822815677, 0.3568560481071472,-39.019800047146155
000327.pid, car, 22.664550993177627, -15.736222955915666, -3.082024938530392, 0.508549690246582,-4.387629106212421
000327.pid, car, 21.410433992426448, -15.568023600476854, -2.9756859008302072, 0.4229002892971039,-17.19888016263939
000328.pid, car, 22.35975567887469, -15.815596324641533, -3.0956834002238947, 0.5615537762641907,-2.176586530421856
000328.pid, car, 21.436987175131748, -15.658024482007297, -3.0363431066836943, 0.5155035853385925,-23.12225853555765
000328.pid, car, 25.82101567586263, -16.161406135559083, -3.2616795857747385, 0.3789161443710327,-158.49071894144333
000329.pid, car, 22.94094530741374, -15.86640352673001, -3.152268773979611, 0.5367593169212341,1.999962830575969
000329.pid, car, 23.335253927442764, -15.966563781102499, -3.092714614338344, 0.4610517621040344,2.581101412154719
000329.pid, car, 20.765123943949856, -15.475243413171103, -2.9678028128867924, 0.4410977363586426,-30.24226012774006
000330.pid, car, 22.717470920447152, -15.95092417977073, -3.1032225146438126, 0.5320433378219604,0.7502574092049317
000330.pid, car, 22.1911500648216, -15.586757801197196, -2.9814062824955694, 0.47613799571990967,3.4793455740324863
000331.pid, car, 22.39941093656752, -15.739688290490047, -3.082794831858741, 0.4751870930194855,2.167455568947101
000331.pid, car, 23.016179117663153, -15.683380357150373, -3.0478906384829814, 0.43569064140319824,1.1668483376590641
000331.pid, car, 20.759985775417753, -15.478889889187283, -3.0197686513264967, 0.33928075432777405,-43.965339193040336
000332.pid, car, 22.300876925068522, -15.842966172002978, -3.044518463073237, 0.5018390417098999,-8.212954145999262
000332.pid, car, 22.74254173702664, -15.621466451221046, -3.1553786993026733, 0.40957820415496826,1.4529961201051473
000333.pid, car, 22.529851962358528, -15.567161755684097, -3.105854786359347, 0.5233659148216248,1.9398641921100663
000333.pid, car, 22.16872304280599, -16.068741766611737, -3.0667227745056147, 0.47545287013053894,-22.362944630305083
000333.pid, car, 21.22134910930287, -15.570491530678487, -2.958413264968178, 0.3036532402038574,101.45947194560216
000334.pid, car, 22.08746354239328, -15.683967263357983, -3.10351163319179, 0.5233911871910095,2.159670311196235
000334.pid, car, 20.664536317189537, -15.392140017615425, -2.999694108963012, 0.35323983430862427,-46.223464981800284
000335.pid, car, 22.26944148540497, -15.911745578050613, -2.995110154151916, 0.5526245832443237,-22.884907094219976
000335.pid, car, 21.91314417816872, -15.629627072533898, -3.115444011466448, 0.471868097782135,2.6887312726911823
000335.pid, car, 20.69034071226378, -15.397652316737819, -2.9772014617919917, 0.44049856066703796,-37.38378706036276
000336.pid, car, 22.42540521621704, -16.03111777305603, -3.0523407757282253, 0.6294203996658325,-33.17114852222365
000336.pid, car, 21.749573657387185, -15.713313956009717, -3.0650866847289238, 0.5560463666915894,-7.139896770309196
000336.pid, car, 20.67173255117316, -15.479833402131733, -3.0012467283951603, 0.34991326928138733,-49.7838118345689
000337.pid, car, 21.73381206601165, -15.93448093325593, -3.0839240495548697, 0.4795447289943695,-20.721198333104258
000337.pid, car, 22.424521248295626, -15.969576565724498, -3.0246657065625455, 0.448007732629776,-37.95958554430755
000337.pid, car, 21.135789217267718, -15.485036822727748, -2.9026320321219305, 0.313406378030777,-69.06254544985953
000338.pid, car, 22.330223170193758, -15.92617240819064, -2.977423597465861, 0.6206039190292358,-37.750339496553025
000338.pid, car, 21.691509052198764, -15.673650371785069, -3.0781315005555445, 0.5634074211120605,-26.279833661773026
000338.pid, car, 20.701084353707056, -15.384136438369751, -2.9953636201945213, 0.3798139691352844,-48.32641517569523
000339.pid, car, 21.73734894505254, -15.684337298075361, -3.033213438811126, 0.41008275747299194,-27.182371829081966
000339.pid, car, 21.077331168978823, -15.494922376146503, -3.0089461289200123, 0.3737100660800934,-27.38976312166391
000339.pid, car, 22.856497093483252, -16.134571887828685, -3.163840655927304, 0.36199209094047546,-56.463601232448326
000340.pid, car, 22.456005149417454, -15.95363646083408, -3.0237194564607406, 0.4320347011089325,-45.242727362313495
000340.pid, car, 21.859742275504182, -15.767400785934097, -3.0435023307800293, 0.41358447074890137,-26.500261847179253
000340.pid, car, 20.808230218433202, -15.443977583022345, -3.0123693999790007, 0.30762362480163574,-41.012932888164215
000341.pid, car, 22.336529486519954, -15.724947193690708, -2.955480650493076, 0.3735578656196594,-38.34224630922519
000341.pid, car, 21.863796758651738, -15.662418746948244, -3.010975468158722, 0.329194575548172,-22.511071789568973
000341.pid, car, 20.6971559047699, -15.415508937835693, -3.0291739761829373, 0.3168404698371887,-43.10320561533875
000342.pid, car, 22.57433228265672, -16.023022833324614, -3.131868475959414, 0.4019677937030792,-37.67679009649196
000342.pid, car, 20.912274750796232, -15.487866965207187, -2.961808648976412, 0.34628355503082275,-44.303213447311165
000342.pid, car, 21.985705192272484, -15.891353020301235, -3.1300999384659987, 0.345771461725235,150.295054157626
000343.pid, car, 21.600755400576837, -15.612822177046437, -3.0084140300750737, 0.5262505412101746,-24.173625810144333
000343.pid, car, 29.30153735478719, -11.201503992080688, -3.3283378481864925, 0.3180869221687317,-134.2920591406155
000344.pid, car, 21.807832823859325, -15.698111074942132, -3.062863376405504, 0.5197323560714722,-27.739057051155903
000344.pid, car, 22.255742723291572, -15.919766816225918, -3.0588329542766903, 0.4426901340484619,-39.06538768637163
000344.pid, car, 20.611366923262437, -15.420356680707235, -3.0165099109091407, 0.3258982002735138,-53.98451284045207
000345.pid, car, 21.964927558898932, -15.862457122802736, -3.067349772453308, 0.507969319820404,-24.376370958518336
000345.pid, car, 22.449878828866144, -16.02156262170701, -3.0397485324314655, 0.4585058391094208,-36.80761670583256
000345.pid, car, 20.80900654039885, -15.425962322636655, -2.9450500952570056, 0.34890300035476685,-34.27149778974893
000345.pid, stop_sign, 29.14326395307269, -11.239106859479632, -3.1925199372427793, 0.325664758682251,-142.07269006819305
000346.pid, car, 22.369821681532752, -15.924143835555675, -3.034442319426425, 0.5390950441360474,-35.770320607313074
000346.pid, car, 21.909311087235164, -15.79805720370749, -3.0939324938732646, 0.46499940752983093,-24.03404686765651
000346.pid, car, 20.74265000878311, -15.476429032116402, -2.9793122163633017, 0.367879718542099,-40.20382805217922
000346.pid, stop_sign, 29.124903227153577, -11.146899926035028, -3.1757667441117134, 0.41828301548957825,24.63489969378524
000347.pid, car, 22.57255091667175, -16.003431081771854, -3.0853182733058926, 0.5310456156730652,-38.02283574775214
000347.pid, car, 21.953373615558334, -15.76291871070862, -3.0681987267274127, 0.37758439779281616,-24.398266054795798
000347.pid, car, 20.770057423909506, -15.48936898973253, -3.00044830110338, 0.362466037273407,-42.17471289079651
000348.pid, car, 22.361514645953513, -16.002221040947493, -3.004256492437318, 0.4105672240257263,-39.47591700633242
000348.pid, car, 21.843923377990727, -15.801872615814212, -3.0826834440231323, 0.39183366298675537,-28.802060108186794
000348.pid, car, 20.715210168258007, -15.439137334408967, -3.0097408242847603, 0.3858363628387451,-40.30269846283131
000349.pid, car, 21.691050834655766, -15.755899238586428, -3.0970970582962036, 0.42475005984306335,-25.108761201648875
000349.pid, car, 20.978056526184083, -15.503828120231628, -3.0495493173599235, 0.34140878915786743,-39.58932960483536
000349.pid, car, 22.580654924566097, -16.10929582335732, -3.0538035035133357, 0.31616777181625366,-48.94536658676482
000350.pid, car, 21.94563488526778, -15.716703544963492, -3.099398109045896, 0.5403278470039368,-25.782483014712255
000350.pid, car, 21.040411462589187, -15.54274440298275, -3.0162427182100258, 0.35306403040885925,-28.707659786432288
000350.pid, car, 23.01103183201381, -16.206034626279557, -3.2600502797535484, 0.310430645942688,116.2336572731308
000350.pid, stop_sign, 28.61135087694441, -10.905520098549983, -3.2948674644742684, 0.3809162676334381,-111.9225936694059
000351.pid, car, 21.871187821874084, -15.734271517339744, -3.0558946582506286, 0.6083673238754272,-26.323605142343077
000351.pid, car, 20.092895269393924, -15.340734243392948, -3.0640928000211716, 0.4392094910144806,99.23666368153482
000351.pid, car, 22.809766633169993, -17.06088723455157, -2.962078183889388, 0.33392518758773804,-63.840183809703184
000351.pid, car, 20.86345007925323, -15.312790928464947, -2.986392599163633, 0.3275263011455536,-41.74276046526797
000352.pid, car, 21.876250403268, -15.640019394102554, -3.0617668685458956, 0.6042421460151672,-25.490119105659044
000352.pid, car, 22.37483114354751, -15.934639397789454, -3.0398490849663227, 0.4221920371055603,-33.251951199805305
000352.pid, car, 20.05212620326451, -15.35688886188326, -3.0360918385641917, 0.34321364760398865,91.80824726472214
000352.pid, car, 20.698037635989305, -15.450182705390745, -3.031541312613138, 0.3302351236343384,-49.243440478438174
000353.pid, car, 21.98220065923838, -15.76598906517029, -3.077890932559967, 0.5809150338172913,-24.122531631548743
000353.pid, car, 20.108421230316164, -15.376332950592047, -3.0169916033744815, 0.3905978798866272,98.99310015118141
000353.pid, car, 21.265284878867014, -15.57243401663644, -2.9770253215517313, 0.3625833988189697,-24.75319811920018
000353.pid, car, 23.330682027907603, -16.177035013834637, -3.3025033587501156, 0.3265462815761566,-69.1618840777943
000354.pid, car, 22.28086306254069, -15.980085966322157, -3.0204122702280682, 0.5090639591217041,-40.33332059581913
000354.pid, car, 21.847463521090422, -15.837943467226898, -3.0636298385533425, 0.5062647461891174,-26.345633003987544
000354.pid, car, 20.755995655059813, -15.570866870880128, -2.9504733502864835, 0.41817188262939453,131.80080614307155
000355.pid, car, 21.804145268031533, -15.70345652833277, -3.034222437410939, 0.4551006853580475,-26.008343010062035
000355.pid, car, 22.553573453748548, -16.043282276875264, -3.0519440625164957, 0.4059024751186371,-40.38475081674062
000355.pid, car, 20.791463186574536, -15.423488949620447, -2.9954303586205766, 0.3686734735965729,-41.24600969315868
000355.pid, parking_meter, 28.80047941207886, -10.445227801799776, -3.2095762044191356, 0.35396111011505127,-108.81238629826359
000356.pid, car, 21.843090017636623, -15.723605175813042, -3.023860310514768, 0.46875500679016113,-19.531578776181192
000356.pid, car, 22.587358243537672, -16.00306695880312, -3.0431556918404317, 0.45633959770202637,-31.350835299945373
000356.pid, car, 20.78942263856226, -15.438589407473195, -3.0042636151216464, 0.3501366078853607,-32.681557189959186
000357.pid, car, 21.90501748061762, -15.847309275371275, -3.1351064647116313, 0.5204317569732666,-20.161908125069054
000357.pid, car, 22.452474740835335, -15.94808478233142, -3.111176839241614, 0.5020757913589478,-38.21356939722869
000357.pid, car, 20.742205381393436, -15.46533849835396, -2.98760637640953, 0.3577558696269989,-39.9680029026986
000358.pid, car, 21.64118832674894, -15.646547785672277, -3.012130390514027, 0.5610815286636353,-27.925327509538747
000358.pid, car, 22.798156874520437, -17.051303591047013, -2.8908061938626415, 0.4847186505794525,-63.68452799162271
000358.pid, car, 20.841541113676854, -15.478231447714347, -2.989809177539967, 0.39175549149513245,-40.31016250164534
000358.pid, car, 20.068356340581722, -15.387769048864197, -3.080982890996066, 0.37442663311958313,99.24502546343635
000359.pid, car, 21.759473110767125, -15.71628306774383, -3.086638775277645, 0.5630058646202087,-25.819853967512415
000359.pid, car, 22.515712844000923, -16.009275992711384, -3.0461130208439293, 0.5286732912063599,-41.330574964196806
000359.pid, car, 20.87370855543349, -15.353614277309841, -2.983762057622273, 0.4488446116447449,-41.94116108715349
000359.pid, car, 20.097960154215496, -15.3468250093006, -3.036149274735224, 0.3298608064651489,93.83770837677297
000360.pid, car, 21.89137832791198, -15.692684098786001, -3.0542695288564645, 0.5816088318824768,-24.00961109198385
000360.pid, car, 22.524683830065605, -15.948959203866812, -3.052800857103787, 0.552907407283783,-36.85908386108702
000360.pid, car, 20.793789301163113, -15.423234817309257, -2.993850335096701, 0.40470653772354126,-40.149383090551716
000360.pid, car, 20.088138008117678, -15.423677062988286, -3.073280549049378, 0.3482254445552826,98.81737373899182
000361.pid, car, 22.297249412536623, -15.975169677734375, -2.9905930280685418, 0.5940645933151245,-36.108430360552944
000361.pid, car, 21.844278459963594, -15.70725140364274, -3.0964843293894893, 0.4733756184577942,-27.01156749796126
000361.pid, car, 20.69744311152278, -15.397400108543602, -3.024732995677638, 0.3794678747653961,-41.37287937520347
000362.pid, car, 21.750169001127546, -15.587916524786701, -3.0441414870713888, 0.49908578395843506,-22.148018984890186
000362.pid, car, 22.440046310424805, -15.820213902381159, -2.997471278713595, 0.4636862874031067,-38.19747414828754
000362.pid, car, 20.994041283925373, -15.4860151608785, -2.944046682781643, 0.34442898631095886,-57.36098513701196
000362.pid, car, 20.03706729412079, -15.335743010044101, -3.0107854008674613, 0.32603007555007935,95.35087012946873
000363.pid, car, 21.88744563682407, -15.772559726939484, -3.081893013972862, 0.5073768496513367,-22.783718705482027
000363.pid, car, 22.23644388372248, -15.81624611941251, -2.947734035145152, 0.4384534955024719,-30.331451295733515
000363.pid, car, 20.792772013966633, -15.496839313972288, -3.071234621652742, 0.34045785665512085,117.7650073793845
000363.pid, stop_sign, 28.969722323947483, -10.522261354658342, -3.197121818860371, 0.31170591711997986,-19.428931577215828
000364.pid, car, 21.735675562982976, -15.535283814305847, -3.0307772211406543, 0.6026939749717712,-21.427646136998348
000364.pid, car, 22.321443939208983, -15.874370656694685, -3.0235221317836207, 0.41944727301597595,-25.129671096922067
000364.pid, car, 20.656335167262863, -15.421667720960533, -3.0563644015270723, 0.3508704602718353,-51.71267896742851
000365.pid, car, 21.72775354056523, -15.684292711060625, -3.034719606925701, 0.5898228287696838,-23.989349607215853
000365.pid, car, 22.38977367227728, -16.02860827879472, -3.0795373808253887, 0.5162466764450073,-32.25384740584275
000365.pid, car, 20.660034013831098, -15.481297306392506, -3.084903074347454, 0.37375539541244507,123.40585871322368
000366.pid, car, 21.818176658065234, -15.646385863975244, -3.039819284721657, 0.607306718826294,-24.30218095481364
000366.pid, car, 22.176505636661616, -15.720768725618402, -3.0674276960656996, 0.6000374555587769,-35.206933236939385
000366.pid, car, 20.636230557463893, -15.487109694370004, -3.0069674392079193, 0.41485971212387085,121.96093151491958
000367.pid, car, 22.41636454805415, -15.922753354336352, -3.0324993488636416, 0.5279196500778198,-35.88093079978264
000367.pid, car, 21.99532773543378, -15.816276920085054, -3.107861358292249, 0.45242995023727417,-23.139403684614745
000367.pid, car, 20.854823637008668, -15.507165312767029, -3.0340322136878966, 0.41143152117729187,119.15777541934486
000368.pid, car, 22.418208543644397, -15.944720490034236, -3.0103518851967737, 0.5861873030662537,-38.60856758396674
000368.pid, car, 21.77155462900798, -15.705322883747245, -3.0502846240997314, 0.48768651485443115,-22.39429435175899
000368.pid, car, 20.860951214301878, -15.49335116874881, -3.08632116782956, 0.4285062551498413,-51.045642209167845
000369.pid, car, 22.556444258916947, -15.930204346066429, -3.0471597853161034, 0.5783642530441284,-31.612130983643098
000369.pid, car, 21.807429083462424, -15.763640781928755, -3.0114829827999245, 0.5556614995002747,-17.28064698027533
000369.pid, car, 20.872197961807252, -15.499131226539612, -3.019847351312637, 0.4199957251548767,-49.21503780721179
000370.pid, car, 21.70005498033889, -15.635454279311162, -3.0382888063471367, 0.48347777128219604,-21.007172687634505
000370.pid, car, 22.287699158127246, -15.889534434756717, -3.024946799149384, 0.407070517539978,-32.01923652381761
000370.pid, truck, 20.5870557890998, -15.571841716766357, -3.1129597690370345, 0.3507949709892273,108.78437208112187
000371.pid, car, 21.730958938598636, -15.671937279079273, -3.040634362593941, 0.45134103298187256,-17.84293327021661
000372.pid, car, 22.11790215735342, -15.763977293874703, -2.9358993605071424, 0.47798314690589905,-25.287240591309263
000372.pid, car, 20.58904784066337, -15.612949008033391, -3.124056271144321, 0.3065396249294281,115.51693297015612
000373.pid, car, 21.918060753562237, -15.756983548944648, -3.011898335543546, 0.5344017148017883,-12.171951098182745
000373.pid, car, 23.03370495500236, -17.09193334908321, -2.998000893099554, 0.3924528658390045,-63.11885223871129
000373.pid, car, 20.981148901439852, -15.7111268724714, -3.027972749301365, 0.3192104995250702,-41.7647127691742
000374.pid, car, 22.196439215477483, -15.871843540922127, -3.048580286350656, 0.5385633111000061,-17.415070116816374
000374.pid, car, 22.649072901407877, -15.992777442932132, -2.9638996971978075, 0.36329707503318787,-32.47125495153209
000374.pid, car, 20.86175855000814, -15.638869404792786, -3.1328900456428523, 0.3130720853805542,106.19472374219586
000374.pid, truck, 21.513008820383174, -15.75872275703832, -2.8744919425562796, 0.31477564573287964,101.60854154752748
000375.pid, car, 22.06634125619565, -15.802039020466356, -3.0048609859538535, 0.5989390015602112,-7.456625356597415
000375.pid, car, 22.755341505393005, -15.97581093127911, -3.0261577642880946, 0.43861809372901917,-28.1440137610644
000375.pid, car, 21.11213527006262, -15.78244801128612, -2.9569373481413894, 0.4190119206905365,124.96068783736575
000376.pid, car, 22.438346752753628, -16.08267188072205, -3.1354731229635386, 0.43510276079177856,-10.242830540343327
000376.pid, car, 24.950903756277906, -16.56983852386475, -3.6368813514709464, 0.30199161171913147,115.2469324466866
000377.pid, car, 22.287761843934355, -16.102070282916632, -3.1010930586834338, 0.4387003183364868,143.97324450548695
000377.pid, car, 24.66856943766276, -18.773231951395676, -3.0080405473709098, 0.42289218306541443,-65.48787767920987
000377.pid, car, 22.593702189127608, -16.058772871229387, -3.114608393775092, 0.3779934048652649,-15.651830000318828
000378.pid, car, 22.237803828959567, -15.925392754223882, -3.0053671671419724, 0.3738067150115967,-29.491454807741924
000378.pid, car, 22.796642895402584, -16.052746772766117, -3.084181547164917, 0.3563925623893738,-15.156491906060861
000378.pid, car, 23.607229948043827, -16.211347262064617, -2.993202666441599, 0.3250187039375305,-74.14196911348736
000379.pid, car, 22.926451352926406, -16.106889174534725, -3.0612073815785923, 0.4698747992515564,-13.520182493266319
000379.pid, car, 22.349523247612847, -16.0008240169949, -3.0302283763885494, 0.36046773195266724,-34.98567195381613
000380.pid, car, 23.456003112792974, -16.191001377105714, -3.0825517177581783, 0.4871307611465454,-11.010814911614808
000381.pid, car, 23.61530766588577, -16.350356852754636, -3.198140230584652, 0.6166646480560303,-12.734366553461168
000382.pid, car, 23.85853620675894, -16.369861994034206, -3.173016627629598, 0.5328627824783325,-8.771751960902817
000382.pid, car, 23.330179264670928, -16.288688785151432, -3.1226571672841117, 0.3818175494670868,-29.861003935656043
000383.pid, car, 24.265735448792928, -16.456962075344354, -3.155224628226702, 0.42861905694007874,-7.4151866057269284
000383.pid, car, 23.35287751822636, -16.291905863531706, -3.240551340168919, 0.33744269609451294,-62.64040425180573
000384.pid, car, 24.719066354963516, -16.450455506642662, -3.1604865193367004, 0.5764419436454773,1.284780331643785
000384.pid, car, 23.75363159179688, -16.43355577332633, -3.1955974357468735, 0.3871687650680542,107.73319336792662
000384.pid, car, 29.463112149919787, -19.39752667290824, -3.1403013467788687, 0.3378792107105255,-70.32733267903407
000385.pid, car, 25.16300578117371, -16.51864805221558, -3.0515060245990755, 0.4635615050792694,-6.687510119922724
000385.pid, car, 27.52074122428894, -16.13005793094635, -2.9834838211536403, 0.390878826379776,-71.89132122083964
000386.pid, car, 27.28386846081964, -15.16366300911739, -3.137325541726473, 0.42607542872428894,74.55106932215983
000386.pid, car, 25.441076714651928, -16.495508439200268, -3.125003290176392, 0.40326836705207825,3.868893181693439
000386.pid, car, 25.2645867954601, -18.12698169188066, -3.027999287301843, 0.38349950313568115,-66.51439064975634
000387.pid, car, 25.840900544197332, -16.53663109194848, -3.0236213053426426, 0.48353874683380127,5.41648882883864
000387.pid, car, 29.395444283118614, -17.835751606867863, -3.0384168899976274, 0.3881306052207947,-70.49293081422866
000388.pid, car, 25.927325820922853, -16.5596586227417, -3.1502099672953277, 0.6083163022994995,-21.960884270882712
000388.pid, car, 28.341478438604447, -14.622605369204567, -3.256056569871448, 0.557600200176239,85.4289378985256
000389.pid, car, 27.830720468000933, -15.197159203616055, -3.17666238004511, 0.5652658343315125,79.68005240734487
000389.pid, car, 25.92449770475689, -16.814257420991595, -3.336190361725656, 0.4887698292732239,103.07638201954579
000390.pid, car, 28.09135603135632, -15.408200971541866, -3.306213632706672, 0.4975009262561798,81.72660831087899
000390.pid, car, 27.097974053744615, -16.83386858578386, -3.262881278991699, 0.34294137358665466,-35.790364766201655
000391.pid, truck, 28.503649338431984, -15.213555460390838, -3.2683189951855196, 0.3138963580131531,90.74157633491609
000392.pid, car, 28.565092086791992, -15.525356818889751, -3.258129267856992, 0.34763363003730774,93.80030171076297
000392.pid, car, 27.88071770138211, -17.397993193732372, -3.318458225991991, 0.30087438225746155,119.88968739024622
000393.pid, car, 28.861499706904095, -15.178924242655436, -3.2071122527122493, 0.37088391184806824,99.85788057563697
000402.pid, car, 32.36578416824341, -21.25807984670003, -2.6551069418589264, 0.3057372272014618,-64.96767233776978
000404.pid, car, 30.108525276184082, -19.631242656707766, -3.075773096084594, 0.3465350270271301,-68.65927389024858
000414.pid, parking_meter, 27.930533790588377, -10.36507863998413, -3.3166452527046197, 0.36986058950424194,2.5569052039514353
000473.pid, person, 23.57819938659669, -8.095952510833747, -3.1732045809427905, 0.35468482971191406,91.52496032597044
000477.pid, car, 31.478076219558716, -21.616570115089417, -3.137783728539943, 0.3859647214412689,-70.25500391634424
