000068.pid, stop_sign, 37.84643046061198, -42.778690338134766, -1.7763944864273065, 0.4630086421966553,75.34115427087215
000091.pid, stop_sign, 40.505287170410156, -45.083712577819824, -2.5611631274223314, 0.48962900042533875,-19.164880444272036
000149.pid, stop_sign, 36.81003570556641, -34.00108051300049, -2.1124483644962297, 0.5142058730125427,-83.09086543353573
000173.pid, stop_sign, 36.81905364990235, -34.006135940551765, -2.11282643675804, 0.49050816893577576,-81.89727416309296
000317.pid, stop_sign, 39.668177286783866, -42.751330057779946, -2.0354774395624777, 0.3305765390396118,-150.54791063002185
000326.pid, person, 10.256798471723288, 25.198079654148646, -4.3814220769064764, 0.3636539578437805,-66.47000568226676
000332.pid, person, 12.184394200642908, 16.815577189127605, -4.146905581156411, 0.31862956285476685,-41.835139825998795
000333.pid, person, 12.96412563323975, 15.79393100738525, -4.084484895070393, 0.3080886900424957,129.02458080624328
000334.pid, car, 12.917585992813112, 15.382244396209718, -3.9605221986770625, 0.34666040539741516,104.30160871183753
000335.pid, person, 12.768856525421148, 14.882346312204996, -4.08222198486328, 0.32173705101013184,113.23110596835583
000336.pid, person, 12.241367596846363, 14.661829544947697, -3.8545259053890515, 0.32597675919532776,-67.84761022363261
000337.pid, car, 13.22704993761503, 12.63403408343975, -3.715824961662292, 0.381648987531662,100.37729436392361
000338.pid, car, 13.501090159782999, 11.67658963570228, -3.660081157317528, 0.34335654973983765,106.25523111815359
000339.pid, car, 13.779922103881837, 10.577744579315185, -3.7527603228886917, 0.3764360547065735,104.57332678614634
000340.pid, person, 13.716377377510076, 8.26296210289001, -3.8775763213634473, 0.3304593861103058,173.9812667756821
000343.pid, car, 14.188328164996525, 6.073315938313801, -3.65955300764604, 0.32923176884651184,86.79977158971597
000344.pid, car, 14.368715196847917, 5.080605566501616, -3.6152038946747775, 0.4817256033420563,85.43289230935946
000345.pid, car, 14.66601862226214, 4.100421019962854, -3.6412354878016875, 0.3113871216773987,88.05113274366069
000346.pid, car, 14.635249162975114, 3.2110158377572087, -3.5605814143231034, 0.32178786396980286,91.17257510536882
000347.pid, car, 14.640619168962754, 2.2019017270633134, -3.5874907152993334, 0.43603894114494324,90.53827104788775
000348.pid, car, 14.996450210104186, 1.0904117080630074, -3.5955647205819883, 0.4956376552581787,93.07453637635342
000349.pid, car, 14.977586559627369, -0.016295599083053895, -3.6480690189029854, 0.5977281928062439,97.57034729516151
000350.pid, car, 15.231471526913529, -1.0431583534653597, -3.64856139624991, 0.5625007748603821,102.9604420546544
000351.pid, car, 15.449018319447838, -2.1473378394730416, -3.6614528993765507, 0.47750037908554077,102.82597234628247
000352.pid, car, 15.701823572958672, -3.315195454705147, -3.4960017204284664, 0.5265626907348633,97.63434956352891
000353.pid, car, 15.78121266157731, -4.32203563399937, -3.4552330504293023, 0.4498136341571808,96.09127655549783
000354.pid, car, 15.814994714698013, -5.468019456279521, -3.439318554741995, 0.5082129240036011,92.47912153536603
000356.pid, car, 16.06080658581792, -7.475848353638942, -3.4098598373179527, 0.3053157329559326,95.34699200352148
000358.pid, car, 16.265102435802593, -9.645140113501713, -3.426853385464898, 0.3288063406944275,92.34748640585231
000359.pid, car, 16.268130536664998, -10.656175328974138, -3.422641657946402, 0.3579550087451935,95.56703851715379
000360.pid, car, 16.40635306148206, -11.782862356153585, -3.465532807980553, 0.3994961082935333,97.20337355222544
000362.pid, car, 16.606167867779735, -14.043647021055222, -3.476562738418579, 0.30671653151512146,94.50710553092024
000363.pid, car, 16.614643028804235, -15.07430693762643, -3.3843084199087956, 0.32737842202186584,91.89602286820794
000364.pid, car, 16.686713930160284, -16.026042983645485, -3.3431436334337503, 0.3256472051143646,93.02027174395431
000365.pid, car, 16.665193572640423, -16.962274059653282, -3.3633927330374713, 0.3764804005622864,-81.62853100781427
000366.pid, car, 16.83683742694001, -18.036618987126136, -3.4123988792077817, 0.32293835282325745,-81.14696161555568
000366.pid, stop_sign, 10.542518997192388, -2.7586142063140913, -3.1791582584381084, 0.3438337445259094,-157.73732744646932
000367.pid, person, 16.792864465221918, -18.7744202761306, -3.301808332659534, 0.6139740347862244,-79.51667101590718
000368.pid, person, 16.857727942928197, -20.09929017097719, -3.336355243959734, 0.45403367280960083,-85.9867023447454
000368.pid, car, 16.943076592904553, -18.566029937179003, -3.4160115630538375, 0.86053067445755,177.20003283987552
000369.pid, person, 16.815431442813598, -21.254859703174535, -3.3897100807963936, 0.395854651927948,-85.24062602222617
000369.pid, car, 16.895355366645976, -20.498868090041142, -3.471136417794735, 0.7962431311607361,-92.39013455179023
000370.pid, car, 16.985434035180322, -22.395949404004597, -3.4283063143072, 0.7789213061332703,-85.40990287324561
000370.pid, car, 16.935371884759867, -27.310970126457935, -3.3649565588753174, 0.42735040187835693,-82.99555688397805
000371.pid, person, 16.970665844119324, -23.254046868304815, -3.3543931343117532, 0.36106646060943604,-85.60584572953678
000371.pid, car, 16.954303471729013, -23.258089643536195, -3.35543591807587, 0.7284806370735168,-85.85717615212545
000372.pid, car, 16.914873382023405, -24.229797363281254, -3.4087839807782854, 0.7261265516281128,-87.3242073786549
000373.pid, person, 16.89936868909379, -25.28347305512764, -3.38388288188988, 0.34560030698776245,-88.65647531779811
000373.pid, car, 16.89666009285081, -25.291504470395374, -3.384871882452092, 0.7542877197265625,-88.996436756274
000374.pid, person, 16.872496649483654, -26.387953660198463, -3.447700199679793, 0.31179407238960266,-88.57974655434728
000374.pid, car, 16.92490563809293, -26.382006135959074, -3.4462272333867343, 0.8095155358314514,-88.24192674530832
000375.pid, car, 16.81107507852408, -27.178958423321067, -3.3257652832911564, 0.642454206943512,-91.27019735074205
000376.pid, car, 16.77806659900781, -28.82617248188366, -3.3858692736336673, 0.7297955751419067,-86.26819240730407
000376.pid, car, 16.762838259610266, -32.78167578957298, -3.16179646578702, 0.31450793147087097,-81.3827704132623
000377.pid, car, 16.633376385792197, -30.657257493720003, -3.442935254200396, 0.6474536061286926,92.34695024288445
000377.pid, car, 17.554288864135764, -54.1181994846889, -2.9212997811181203, 0.3906373679637909,77.31893269542006
000378.pid, car, 16.523239461681513, -31.970926139928125, -3.480809930004651, 0.6791068911552429,99.5317570991395
000378.pid, car, 17.766992187500016, -52.093942515055346, -3.1527101357777907, 0.49350738525390625,-99.24356756328251
000379.pid, car, 16.50429092041434, -32.51966465989205, -3.4742580243985945, 0.7296401262283325,-80.1494667672342
000379.pid, car, 17.783551661173522, -51.24893163045248, -3.0027697563171385, 0.36214756965637207,-93.19530045649245
000380.pid, car, 16.418465808946262, -33.30190907692423, -3.4600785897702586, 0.6848835945129395,-82.70700518497432
000381.pid, car, 16.141007622083034, -34.48413213094076, -3.291653652985891, 0.6476536393165588,-85.62939991670854
000382.pid, car, 16.046899678755786, -36.39411163330079, -3.284556262347163, 0.6561145186424255,100.60971506925252
000382.pid, car, 18.65658904095086, -47.596554269596034, -3.1994432575848637, 0.382490873336792,-88.45250960503242
000383.pid, car, 15.813510234539333, -36.87554491483249, -3.287362117033738, 0.7342805862426758,-78.19871046601409
000383.pid, car, 18.70288672447205, -46.93504848480225, -3.197866815328598, 0.4483853280544281,-88.55591739317012
000384.pid, car, 15.632055366740515, -37.48507207982681, -3.170792081776787, 0.6531887054443359,-75.4529655045437
000384.pid, car, 18.91054855693471, -45.3390665921298, -3.2769170132550327, 0.4014371931552887,-87.85109515803936
000385.pid, car, 16.00661030411721, -39.07696360349656, -3.364884674549103, 0.5461410284042358,-74.17233037509433
000385.pid, car, 18.940017357850692, -44.76333373632187, -3.112926171376155, 0.41866546869277954,90.38763610749686
000385.pid, car, 18.073427091945305, -42.76626352830367, -3.164130628108978, 0.3794337511062622,114.7435556616382
000385.pid, car, 12.504216887734156, -19.234190290624444, -3.1260668147693975, 0.35202756524086,-76.90805785923729
000386.pid, car, 17.51420930027962, -41.728309750556946, -3.1025528311729422, 0.37836554646492004,-53.091397377422695
000386.pid, car, 19.041427921604473, -43.46957964510532, -3.2037366789740487, 0.3631114363670349,-79.1415350802655
000386.pid, car, 15.651784451802579, -39.44074872334799, -3.251747973759969, 0.3619343042373657,-74.49459414917109
000386.pid, car, 16.326122093200695, -40.40956001281739, -3.4411152601242065, 0.31876301765441895,-86.95047849923608
000387.pid, person, 17.34584396362305, -41.70912170410156, -3.0775046062469484, 0.3957242965698242,-47.31097552914967
000387.pid, car, 19.028104882491267, -42.38825968692178, -3.220284524716829, 0.4968871474266052,-81.63963265959532
000387.pid, car, 15.478610962629325, -40.90841794013978, -3.129075028002262, 0.4277390241622925,-75.7218252315972
000388.pid, person, 17.681723721822102, -41.27373695373535, -3.222562710444132, 0.3295547068119049,-110.3061335702061
000388.pid, car, 18.992127263268763, -41.549175883448406, -3.153494324795036, 0.5203815698623657,-81.16507788251724
000388.pid, car, 15.425921078385988, -41.75623637232288, -3.05930470598155, 0.3775531053543091,-71.83227634205105
000388.pid, car, 18.471782684326175, -41.20886044624524, -3.2308446260598984, 0.3217136561870575,-168.58398666710906
000389.pid, car, 18.982508639900058, -40.53687340872629, -3.19011706722026, 0.4700024724006653,96.39752588322911
000389.pid, car, 15.424564305473787, -42.62007242090562, -3.2774022537119247, 0.4245028793811798,-89.94657955314912
000391.pid, truck, 19.144122374685193, -38.79831605208548, -3.0808882713317876, 0.3033246099948883,89.503715088636
000392.pid, car, 19.22649156479609, -37.74303345453172, -3.1439489864167713, 0.3324698805809021,93.08047235827615
000393.pid, truck, 19.232416410703923, -36.494470338563666, -3.1035796758290886, 0.3296390771865845,97.54091678768354
000394.pid, car, 19.391452789306648, -35.250503643139, -3.160765937856726, 0.3114031255245209,-83.51762266277305
000395.pid, car, 19.401148529052737, -34.09907745361328, -3.130052061080932, 0.3707316219806671,-80.95380731523551
000395.pid, car, 19.4696460723877, -34.4408113861084, -3.1011811828613283, 0.3317168951034546,95.20834882653234
000396.pid, person, 19.33060730828179, -33.22541597154405, -3.1697894679175476, 0.33821719884872437,91.28479897590476
000396.pid, car, 19.41628336023402, -33.49395603603787, -3.1251486981356584, 0.31655532121658325,-80.65062650534404
000397.pid, car, 14.833316930135103, -52.107990773518885, -3.1732389132181797, 0.35536643862724304,-76.91021639261467
000397.pid, car, 19.44424369417388, -32.45588351940287, -3.102392550172477, 0.3248494267463684,97.51927230000247
000398.pid, car, 14.69948608398439, -53.007033386230475, -3.104900379180908, 0.42718878388404846,-66.75036956648171
000398.pid, car, 19.39414081057987, -31.373932400265254, -3.0766010348861275, 0.3639537990093231,-87.1816598919529
000399.pid, car, 14.42125529050829, -53.94871830940247, -2.9846938401460643, 0.43839314579963684,-69.07168100511362
000400.pid, car, 12.765650622049975, -34.45881560643514, -2.8315735022226947, 0.31134024262428284,94.0393124640119
000401.pid, car, 12.986547921833244, -39.29058623313904, -2.8132256959613984, 0.31466585397720337,93.84759250379457
000403.pid, car, 19.669958699134092, -27.627841764880767, -3.029150039918961, 0.32965025305747986,99.07667975079863
000404.pid, car, 19.69282471899893, -26.91610624275956, -2.976326816222247, 0.36543357372283936,-69.22611639044197
000405.pid, car, 19.707782932356295, -26.34470206615972, -2.9383875061483944, 0.4979053735733032,91.74546196866783
000406.pid, car, 19.65719738006592, -25.40790161132813, -2.9336924314498902, 0.35705745220184326,85.34666612998721
000407.pid, car, 19.723282795326384, -24.906912672753432, -2.870281588797476, 0.3836994767189026,87.29227544991039
000409.pid, car, 19.64585897657607, -23.028914486920396, -3.041539518921463, 0.5692495107650757,90.76075914800752
000410.pid, car, 19.485733912541317, -22.16616040009719, -2.989097237586975, 0.4601166844367981,89.77712810926036
000411.pid, car, 19.430849820375446, -21.51332286000252, -3.064028613269329, 0.6052987575531006,92.26251711489583
000412.pid, car, 19.325135661709698, -20.660397406547304, -3.022142940951932, 0.5152252912521362,97.7202090849691
000413.pid, car, 19.18585256802834, -20.044420371621346, -3.0374999894934187, 0.4888167679309845,96.80583572683751
000414.pid, car, 18.960491396346185, -19.217136347068934, -3.080353359006486, 0.59953373670578,97.06525231727375
000415.pid, car, 18.871222813924156, -18.766997051239017, -3.1170324722925824, 0.5311895608901978,94.9484387692073
000415.pid, bus, 18.126587305750167, -17.220558013234818, -3.1619801734174997, 0.308708131313324,116.5898352310445
000416.pid, car, 18.68689476816278, -18.445180909675468, -3.157993990078307, 0.5325897336006165,99.150697912452
000417.pid, car, 18.569951607630806, -17.796364105664768, -3.1306743713525624, 0.5441262125968933,102.2655597804216
000418.pid, car, 18.22486698150635, -17.1245959854126, -3.191084370613098, 0.5336595773696899,102.04591046474584
000418.pid, bus, 17.09366123043761, -15.067197249860179, -3.1924441298659962, 0.3423657715320587,117.8182943366611
000419.pid, car, 17.93699512075871, -16.506340412383388, -3.2590340198354526, 0.5924327969551086,104.75277874458963
000419.pid, bus, 16.89870707933293, -14.662567072136458, -3.25529953490856, 0.35965225100517273,117.66671391630273
000420.pid, car, 17.60533391861689, -16.00550803684053, -3.2653944265274775, 0.5579725503921509,104.54627131460914
000420.pid, bus, 16.183709849482, -13.11339869706527, -3.2274511586064873, 0.3922934830188751,-53.914572459532884
000421.pid, car, 17.417616090109185, -15.633048079734628, -3.2838880904885226, 0.6133077144622803,114.24416723779913
000422.pid, car, 17.215587368011477, -15.142363376617434, -3.293415050506592, 0.6368086338043213,113.71932359408936
000423.pid, car, 16.903801004937357, -14.833414666196136, -3.2992556450214794, 0.7560571432113647,121.34981876520614
000423.pid, bus, 16.106909036636353, -13.412928142330863, -3.3507105653936207, 0.3002406060695648,118.34231749943632
000424.pid, car, 16.64798290171522, -14.605966628865994, -3.2548436154710485, 0.6207019686698914,118.11203408597
000425.pid, car, 16.51274508237839, -14.295075575510664, -3.4068780243396763, 0.7977837920188904,117.46192071600291
000426.pid, car, 16.12001477970797, -14.048989969141346, -3.3343169058070465, 0.8361395597457886,115.48568567955223
000427.pid, car, 15.855318871411413, -13.679841041564943, -3.3084509101780983, 0.7117264270782471,133.04597876657039
000428.pid, car, 15.555129489383186, -13.486087876397214, -3.3752058003399825, 0.7855885028839111,134.7850551013527
000429.pid, car, 15.19334089433825, -13.142579259099188, -3.4376486249872156, 0.745760440826416,137.0490622038813
000429.pid, car, 13.951249366582829, -11.10337549032167, -3.4152426109757528, 0.37846672534942627,119.38309848127399
000430.pid, car, 15.330966142507702, -13.133937248816862, -3.448238785450275, 0.41694942116737366,-114.44831085223393
000430.pid, car, 13.747390681299672, -12.041870676237965, -3.063767803126368, 0.39727312326431274,106.72046938095201
000431.pid, person, 9.89851741790772, -4.405830669403084, -3.856317090988159, 0.39510467648506165,-125.17659103186523
000431.pid, car, 14.63969053162469, -12.60492579142253, -3.44557269414266, 0.6995861530303955,135.15591129980817
000431.pid, car, 11.783471107482914, -8.924116849899296, -3.5480749845504747, 0.35505008697509766,113.5070343142503
000432.pid, bicycle, 9.758763313293464, -4.676837563514716, -3.9247228503227234, 0.5341452956199646,-125.9729035016112
000432.pid, car, 14.466292407777578, -12.562219407823354, -3.4693366752730475, 0.6124932169914246,158.66501565895268
000432.pid, car, 12.194093816420617, -10.347374102648569, -3.7830901286181273, 0.46859845519065857,115.04533856078164
000433.pid, bicycle, 9.54169686635336, -4.950316429138191, -4.018121878306071, 0.3240760862827301,-122.88737481871186
000433.pid, car, 13.986879475911461, -12.23842639923096, -3.2261189884609647, 0.4882376194000244,158.71744779957098
000433.pid, car, 12.760923841725228, -11.695504271465802, -3.5405256022577696, 0.31900638341903687,93.46713542142855
000434.pid, car, 13.720969756444298, -12.268885585996843, -3.2299172149764166, 0.4110257923603058,139.2532072231548
000434.pid, car, 14.776295661926277, -12.343598842620858, -3.615899503231049, 0.3582589626312256,-99.45318704548026
000435.pid, car, 13.86105827663256, -12.179115875907568, -3.331055138422095, 0.5380454659461975,168.31580877396635
000435.pid, car, 9.979557752609258, -8.117500608166063, -4.172766705354054, 0.3399806618690491,102.13405178944525
000436.pid, car, 13.668283904040303, -12.025701823057954, -3.4555485116110907, 0.4619848430156708,149.42254921306733
000437.pid, car, 13.197380961793844, -11.82504986271714, -3.4294510754671967, 0.3990230858325958,163.02855896552376
000438.pid, car, 11.450943296605894, -10.443498134613039, -3.5598745237697247, 0.3967377841472626,121.11227458804692
000438.pid, truck, 13.343196695501156, -12.032004811547022, -3.4822192788124084, 0.471389502286911,154.51604032569182
000438.pid, stop_sign, 13.922124332851839, -11.863984690772169, -3.5985224644343052, 0.33734622597694397,94.61884410092003
000439.pid, car, 13.058514816816466, -11.859091381693998, -3.5005680960278185, 0.38845282793045044,160.07712237237138
000440.pid, car, 12.60182824628107, -11.600309569260174, -3.471798847461569, 0.4476214647293091,157.3327067408304
000441.pid, car, 12.909948348999025, -11.769716932966906, -3.53736863909541, 0.44234323501586914,164.81995516316135
000442.pid, car, 12.685067534446718, -11.522044491767886, -3.640980863571167, 0.4333556294441223,151.05623042791558
000442.pid, stop_sign, 36.764092254638676, -34.19826431274414, -1.925656342506406, 0.47999733686447144,-89.60333391197256
000443.pid, person, 10.50636355082195, -11.309654871622731, -3.5430760383605953, 0.3765732944011688,-138.41865148403633
000443.pid, car, 12.87077503669553, -11.810637729923902, -3.5912437264512227, 0.5589600801467896,164.73051192900726
000443.pid, car, 10.02709603309632, -10.258901715278627, -3.967988282442091, 0.30284610390663147,107.71780925545623
000444.pid, car, 12.852353876287289, -11.720039822838526, -3.5589004267345774, 0.49919793009757996,163.49666731823748
000445.pid, car, 12.669063745543017, -11.614424550256068, -3.606667867926664, 0.5972639322280884,154.7272164753853
000445.pid, car, 11.990547605182815, -11.004495682923691, -3.555427178092624, 0.3616654872894287,140.63359754590584
000446.pid, car, 12.083101118764572, -11.349911443648804, -3.5440553926652476, 0.6102147698402405,148.34684608502536
000446.pid, car, 12.45812204905919, -11.571730273110528, -3.4469435300145825, 0.3362221419811249,149.57681256603445
000447.pid, car, 11.88473371778216, -11.175991712297716, -3.6260461875370575, 0.46191728115081787,152.25707334152625
000447.pid, car, 12.399137803486417, -11.501731566020423, -3.5381325909069603, 0.38356393575668335,160.350600489449
000448.pid, car, 12.343702121214436, -11.396355195478963, -3.61493243412538, 0.611050546169281,153.76022154848047
000448.pid, car, 10.446214451509366, -10.725815773010254, -3.612754204693962, 0.3207915425300598,117.86689453156076
000448.pid, car, 12.874130937788223, -11.65834183163113, -3.587656292650434, 0.31103578209877014,159.18259548989803
000449.pid, car, 12.171735597693404, -11.367910074151084, -3.631745934486389, 0.841009259223938,154.45492107601686
000449.pid, car, 12.656241579753596, -11.592983478453101, -3.544681415325257, 0.3653068542480469,158.48814144405188
000449.pid, car, 10.195148256089956, -10.699191411336264, -3.714301215277777, 0.3521491289138794,116.40837117703303
000450.pid, car, 12.30977249145508, -11.470006105376456, -3.66253402174973, 0.8623117208480835,158.60681054189195
000450.pid, car, 10.546266860961916, -10.792181777954102, -3.5030490875244134, 0.3919060528278351,128.7176288359549
000451.pid, car, 12.120186905066175, -11.330383499463402, -3.6477824598550797, 0.7949124574661255,152.40083594237166
000451.pid, car, 10.317376083797882, -10.596682018703884, -3.7194000615013962, 0.42187613248825073,-55.134755842298034
000452.pid, car, 11.633466610541713, -11.233505102304317, -3.5309691245739283, 0.8033446669578552,153.725568651114
000452.pid, car, 10.336154429117846, -10.85125630696615, -3.703069162368774, 0.35929441452026367,121.57607402711292
000453.pid, bicycle, 6.891112168629971, -9.681761423746753, -4.052460829416911, 0.3566488027572632,-118.91447656425007
000453.pid, car, 12.069015274877136, -11.323198650194254, -3.6310451704522837, 0.8367058634757996,155.58155634137154
000453.pid, car, 10.419201190655052, -10.79946202498216, -3.5300851785219627, 0.38751929998397827,126.02662142756779
000453.pid, car, 13.221269771970556, -11.708286515597642, -3.720973656095307, 0.3485807180404663,-94.46960706660508
000454.pid, car, 11.759030032802276, -11.19945389515645, -3.61220154891143, 0.7224008440971375,152.723821267289
000455.pid, car, 12.059557537237806, -11.258551339308426, -3.6153447031974792, 0.6732968688011169,157.1307268927058
000455.pid, car, 13.232847147974477, -11.668450947465567, -3.7168489489062075, 0.33105775713920593,-92.44325965730283
000456.pid, car, 12.128798528151082, -11.323505423285747, -3.615921291438016, 0.700822114944458,154.50165097465577
000457.pid, car, 12.114426396109844, -11.317995266480883, -3.595496264371005, 0.6484852433204651,157.43856519043678
000457.pid, car, 10.252648403770051, -10.826519614771795, -3.7094901737413895, 0.30015096068382263,125.0899308454705
000458.pid, car, 12.210647083464126, -11.363568464914962, -3.570323348045349, 0.8023853898048401,157.46441856936278
000458.pid, car, 10.494126233187593, -10.856796004555445, -3.477597139098427, 0.31359443068504333,125.5619170621109
000459.pid, car, 12.160696584124901, -11.331330321555917, -3.617601671884226, 0.710219144821167,155.53119898092666
000459.pid, car, 10.271723410662489, -10.796750405255485, -3.697914852815515, 0.3220823407173157,122.31990992943243
000459.pid, car, 12.776841188088444, -11.577294985453289, -3.546547639064299, 0.3126141428947449,154.90599827712597
000460.pid, car, 12.16907359184103, -11.341543826651069, -3.654126968789608, 0.7479409575462341,157.85854724932193
000461.pid, car, 11.794980976316667, -11.273399511973066, -3.563309199280209, 0.7947332262992859,153.2968338006538
000461.pid, car, 10.457648857780129, -10.813783770022185, -3.545529479565827, 0.3201954662799835,126.84963482788848
000462.pid, car, 12.030979213714602, -11.275767269134525, -3.6332626390457152, 0.7797544598579407,157.32816897264786
000462.pid, car, 10.320177259899324, -10.730073928833008, -3.680549144744872, 0.35855212807655334,-49.72248174607844
000462.pid, car, 13.269118838840063, -11.687044390925655, -3.748971930256596, 0.30902889370918274,-101.16645627430671
000463.pid, car, 12.191938053477896, -11.34328406507319, -3.5965468612584206, 0.8043890595436096,154.59203374281665
000463.pid, car, 10.28001223112408, -10.750936307405174, -3.6223272524381933, 0.368507444858551,119.83475250175645
000464.pid, car, 11.889736334482832, -11.325191656748457, -3.643570807245043, 0.783916175365448,156.38288078862087
000464.pid, car, 10.322223719428573, -10.86604701771456, -3.6546896345475126, 0.347053200006485,125.08754383686097
000465.pid, car, 12.17265723472418, -11.400148458259054, -3.656665097835452, 0.7720720171928406,158.75189765599225
000465.pid, car, 10.466238519419798, -10.90676328410273, -3.5276203777479083, 0.34565508365631104,133.81285780877258
000466.pid, car, 12.200203784676487, -11.39796523160713, -3.6090807914733887, 0.7898239493370056,157.52466745780254
000466.pid, car, 10.358341273139509, -10.864323672126321, -3.6537708955652564, 0.3565150499343872,127.4400343930223
000467.pid, car, 12.02393052975337, -11.256646037101747, -3.6301789035399756, 0.786232054233551,156.2500788967598
000467.pid, car, 10.22567005157471, -10.672785234451297, -3.680144250392913, 0.4283953309059143,-47.14949316033597
000467.pid, car, 12.78274250030518, -11.536869023975573, -3.539428008230108, 0.3175722658634186,150.52058520116287
000467.pid, stop_sign, 36.821545918782554, -34.10024897257487, -1.9452158212661728, 0.46817511320114136,-83.22007544500119
000468.pid, car, 11.871489977836612, -11.256098604202274, -3.6045682609081267, 0.7923416495323181,153.539380268017
000468.pid, car, 10.344627428054814, -10.7772020816803, -3.6855766415595994, 0.39658939838409424,-48.2945348672974
000469.pid, car, 12.289781640215619, -11.357382262625348, -3.5965412767922005, 0.816123902797699,156.02757090979995
000469.pid, car, 10.448702511034517, -10.773378472579154, -3.5172291178452335, 0.3730366826057434,130.530709613482
000470.pid, car, 11.98110920449962, -11.261505790378738, -3.6143684542697407, 0.8167710900306702,156.05533977464253
000470.pid, car, 10.300222682952883, -10.696888875961303, -3.6486232757568353, 0.40483957529067993,121.80350674192555
000471.pid, car, 12.029568583466288, -11.308959428654163, -3.6301815232565238, 0.7824952602386475,157.36702632121296
000471.pid, car, 10.374068511159802, -10.754484778956366, -3.6314866417332685, 0.39468204975128174,124.56466627675267
000472.pid, car, 12.105777325837511, -11.349370728368347, -3.6804340870484062, 0.7785795331001282,156.7879468005003
000472.pid, car, 10.26760396957398, -10.754991149902347, -3.6445132374763483, 0.3788861036300659,125.1114588609864
000473.pid, car, 12.134236674838599, -11.335724173651803, -3.620755359861586, 0.7975494861602783,156.31729947682575
000473.pid, car, 10.201384263880119, -10.703362857594211, -3.727381257449879, 0.4536571502685547,-49.12466331519959
000474.pid, person, 12.968775908152264, -11.673533058166505, -3.6248230775197343, 0.5609676241874695,167.2477764946624
000474.pid, car, 11.92606476078863, -11.223670378975248, -3.6489528521247534, 0.8065745830535889,155.00977623266024
000474.pid, car, 10.301549304615373, -10.698215007781984, -3.6659162261269302, 0.407685786485672,-52.79995636453895
000475.pid, person, 13.037722679876515, -11.679565768088064, -3.623839709066575, 0.4522266983985901,166.83825098212077
000475.pid, car, 12.130164428190755, -11.290167244997894, -3.6275687976316973, 0.7920635342597961,154.86617216429843
000475.pid, car, 10.492578097752164, -10.824920041220526, -3.555164345673152, 0.4149327874183655,129.03056240690924
000476.pid, person, 11.995994249979661, -11.63344203101264, -3.4121060901217977, 0.3008425533771515,94.76074077882284
000476.pid, car, 12.248846123858197, -11.408779190807811, -3.6972265127228527, 0.7837890386581421,155.887688405248
000476.pid, car, 13.268670349121098, -11.713745193481447, -3.7374971008300775, 0.32980579137802124,85.52827121875076
000476.pid, car, 10.253854688008628, -10.752924791971846, -3.699100001653035, 0.32156968116760254,122.15255385319823
000477.pid, car, 11.643309354782108, -11.160546753141618, -3.6451011498769126, 0.7803328633308411,154.22238867362228
000477.pid, car, 10.235554552078252, -10.664521312713623, -3.6868659615516655, 0.3965027928352356,-48.67238182067047
000477.pid, car, 13.089873163323656, -11.571872911955184, -3.6463366684160725, 0.34513890743255615,-88.99047113611542
000478.pid, car, 12.011307546827531, -11.27843924628364, -3.676684310701159, 0.7767143249511719,155.22948145610485
000478.pid, car, 10.30835399627686, -10.72253570556641, -3.6893712639808647, 0.39455488324165344,120.17198706436942
000479.pid, car, 12.024305364359982, -11.293577173481822, -3.642128586769104, 0.7853521704673767,157.7992639222885
000479.pid, car, 10.316863155364993, -10.743879699707032, -3.648867905139922, 0.3696982264518738,123.14731135169541
000480.pid, car, 12.174307048320772, -11.380066712697351, -3.5826344043016434, 0.7773908972740173,157.2266019606399
000480.pid, car, 10.423025828141437, -10.878359684577354, -3.5584522118935213, 0.39145636558532715,131.57664942421488
000481.pid, car, 12.162661967070209, -11.373880116835887, -3.56528623726057, 0.7571806907653809,160.3075092205075
000481.pid, car, 10.370519189273615, -10.890158653259276, -3.6257544685812553, 0.3673000931739807,126.93681525229366
000482.pid, car, 12.093750842781956, -11.326548088428588, -3.6389049263887627, 0.7797034978866577,155.90558385178983
000482.pid, car, 10.275862455368046, -10.680226039886474, -3.7018901467323295, 0.3720511496067047,125.62196740616743
000483.pid, car, 11.974053346885828, -11.27742256308502, -3.6581818382695035, 0.8179885149002075,154.3520841596056
000483.pid, car, 10.385651946067812, -10.690293153127035, -3.68280479311943, 0.3682602643966675,-48.73533598265263
000484.pid, car, 12.034211288798941, -11.285038883035837, -3.603507648814808, 0.8464154005050659,155.03735137748947
000485.pid, car, 12.183336967645692, -11.35684574482053, -3.643515237542086, 0.8554432988166809,157.4309257370539
000485.pid, car, 13.041323477222075, -11.632933216710244, -3.6022811166701776, 0.3693407475948334,139.6079897360981
000485.pid, car, 10.438330411911013, -10.83198924859365, -3.5809563696384425, 0.3221071660518646,130.04238699302547
000486.pid, car, 11.963625378078888, -11.229455735948353, -3.6086284743414985, 0.8455843925476074,157.25131149628507
000486.pid, car, 10.250102996826175, -10.695540927705311, -3.660855713344755, 0.31150585412979126,124.45409012716777
000487.pid, car, 11.651038092535899, -11.186195631284972, -3.640825078294084, 0.8107486367225647,150.86310405352285
000487.pid, car, 10.409859428405767, -10.702086563110354, -3.5681699466705314, 0.3303831219673157,124.80895361002963
000488.pid, car, 12.182909098538488, -11.360459804534914, -3.682953092184934, 0.8404807448387146,154.70728196599745
000488.pid, car, 10.260409747853004, -10.763805333305811, -3.7605399384218097, 0.34262001514434814,121.79709790838793
000489.pid, car, 12.261192448933922, -11.357964981926814, -3.603144401974148, 0.8079082369804382,157.31026194457158
000489.pid, car, 10.259684426443924, -10.764215469360355, -3.6932828085763103, 0.3254272937774658,119.83214816983065
000490.pid, car, 12.096527159214022, -11.392401536305748, -3.6739196528991065, 0.8084911108016968,158.1163292605333
000490.pid, car, 10.300299856397844, -10.754504309760202, -3.687859124607509, 0.3434515595436096,122.41303887269044
000491.pid, person, 3.6837413311004723, -15.807423591613775, -3.4616100106920515, 0.32444271445274353,-101.11359557628268
000491.pid, car, 12.135428555806481, -11.363692029317223, -3.6571197350819906, 0.7894689440727234,155.6350907263104
000491.pid, car, 10.271487414836887, -10.673268377780914, -3.668017670512199, 0.36925944685935974,118.6132962377372
000492.pid, person, 2.434436776421292, -6.630373564633458, -3.2938099124214855, 0.4057196080684662,15.329008144802586
000492.pid, person, 3.6620988368988123, -15.842888704935717, -3.487413326899211, 0.348825603723526,-100.7866909087245
000492.pid, car, 11.88824684279306, -11.240309238433841, -3.554077752998897, 0.8324404358863831,155.5417733985095
000492.pid, car, 10.411199013392133, -10.813885609308878, -3.670240223407745, 0.3569490909576416,114.27105064948985
000493.pid, person, 2.5029132843017625, -6.660112524032591, -3.3178914546966545, 0.6327179670333862,14.778083188855494
000493.pid, car, 12.11127658006622, -11.431519112935883, -3.7232882860230236, 0.7868362069129944,158.75831917966684
000493.pid, car, 10.376963509453672, -10.727349917093912, -3.608628074328104, 0.4189642071723938,137.12510144362142
000494.pid, person, 2.5611369609832813, -6.699678039550783, -3.344769978523254, 0.6726981401443481,-149.3680124587282
000494.pid, car, 11.567676385243736, -11.263066848119102, -3.662222809261746, 0.7949506640434265,160.50845160938158
000494.pid, car, 10.23920852259586, -10.823508262634277, -3.6689973379436283, 0.3988601565361023,135.0575779225569
000495.pid, person, 2.5853432549370705, -6.726356400383845, -3.360472546683416, 0.5546722412109375,7.3153017503460225
000495.pid, person, 12.779591655731206, -11.69660234451294, -3.7011819243431083, 0.3887951374053955,63.13135591536813
000495.pid, car, 11.741431802511219, -11.391891568899158, -3.692714110016823, 0.8003004789352417,160.10598700253698
000495.pid, car, 10.171655118465429, -10.864846527576447, -3.66722498834133, 0.47609877586364746,132.60789209126202
000496.pid, person, 13.033754151442958, -11.621933443792935, -3.755195675225093, 0.341534286737442,-104.50097866115675
000496.pid, person, 2.642083709890196, -6.73022612658414, -3.371725342490455, 0.34019121527671814,2.9213675514565596
000496.pid, car, 11.947439376344075, -11.315469924439778, -3.6505864528899497, 0.8365966081619263,162.23364856414236
000496.pid, car, 10.227427179163156, -10.912167592482133, -3.560989477417685, 0.4018104374408722,138.7506125565771
000497.pid, person, 3.666415487016958, -15.798808438437334, -3.4596211910247807, 0.3200121223926544,-100.8462726196191
000497.pid, car, 11.818379260124047, -11.272451603666267, -3.6678670568669096, 0.8191984295845032,158.84989205455838
000497.pid, car, 10.122288465499881, -10.793085050582889, -3.6255245208740225, 0.33613187074661255,130.7909568654219
000498.pid, car, 11.894314837455752, -11.36428692340851, -3.750887322425842, 0.8679701089859009,162.107431345331
000498.pid, car, 10.29375004768372, -10.963388252258303, -3.5360644817352287, 0.41402414441108704,137.6849349412871
000499.pid, person, 3.672284951576828, -15.778377899756807, -3.4281285175910368, 0.33988475799560547,-94.07733173017732
000499.pid, car, 11.841446414138336, -11.304283257686734, -3.64695168986465, 0.8456353545188904,163.66301629982158
000499.pid, car, 10.133021627153672, -10.805506706237791, -3.572408931595938, 0.4299580156803131,-16.796916142117055
000500.pid, person, 3.6726638078689664, -15.827848494052894, -3.500741675496102, 0.3631836771965027,-97.69767007481948
000500.pid, car, 11.685155275705702, -11.244775101945212, -3.6784057746062406, 0.7651471495628357,164.03141797790616
000500.pid, car, 12.724070730663485, -11.363383565630235, -3.7357150600070033, 0.32760927081108093,-82.23317844112538
000501.pid, person, 3.696036925682662, -15.743364407466016, -3.4248478229229273, 0.3479011654853821,-96.61156397166206
000501.pid, car, 11.653760807854793, -11.175587143216818, -3.560424183096205, 0.589728593826294,167.48145390788258
000502.pid, person, 3.6776750087738117, -15.776939323970257, -3.4138989959444324, 0.31398624181747437,-94.99337061279257
000502.pid, car, 11.475207939147953, -11.104210090637212, -3.6464057922363287, 0.7668555378913879,161.489084462608
000502.pid, car, 10.50558254935525, -10.786456671628086, -3.2972592007030133, 0.3440519869327545,118.94443652551205
000503.pid, car, 11.402842430841357, -10.991092091514954, -3.5575920854296004, 0.8584308624267578,159.67897360947256
000503.pid, car, 10.430531041375524, -10.763107464231295, -3.3625209331512442, 0.33989396691322327,114.82499163044771
000504.pid, car, 10.889837344487512, -11.1237458785375, -3.5147879918416343, 0.8898094296455383,166.89185072904417
000504.pid, car, 10.334256942455589, -10.882426665379453, -3.3256815855319677, 0.4027004837989807,111.99444652096695
000505.pid, person, 3.649006217718132, -15.822838783264167, -3.469506472349167, 0.30565011501312256,-100.2955163719381
000505.pid, car, 10.917532754981002, -11.026334845501449, -3.5072947585064433, 0.8175626993179321,164.7609033219115
000505.pid, car, 10.139648657578691, -10.7955659475082, -3.3370315233866368, 0.40786847472190857,171.91638027647906
000506.pid, person, 3.6865128187032923, -15.738612028268676, -3.424466664974506, 0.3639330565929413,-96.71710799786999
000506.pid, car, 10.87070226669312, -11.02751978238424, -3.5570714473724365, 0.8796794414520264,166.88976330014975
000506.pid, car, 10.135782279968264, -10.930939598083496, -3.3626466560363766, 0.3431057929992676,100.42541497526165
000506.pid, stop_sign, 36.831442515055336, -34.1072031656901, -1.945704380671183, 0.39474743604660034,-83.71569619167153
000507.pid, person, 3.685679623058873, -15.771259852818089, -3.413792065211705, 0.36344271898269653,-95.40095520073223
000507.pid, car, 10.75097517172496, -10.815323392550155, -3.551965117454529, 0.7521625757217407,-22.087963667651845
000507.pid, car, 10.181884307861331, -10.87019729614258, -3.314064979553222, 0.3375175893306732,108.153685734434
000508.pid, person, 3.639056190848358, -15.879629313945777, -3.513287425041199, 0.3584877550601959,-101.90366230932847
000508.pid, car, 10.76202417456586, -10.837083484815517, -3.4342832668967875, 0.6245000958442688,159.33289128312654
000508.pid, car, 10.376800128391814, -10.754356202625093, -3.5670838810148693, 0.3251782953739166,122.16113986277261
000509.pid, person, 3.6858741385596203, -15.775342532566624, -3.4141910076141357, 0.3136829733848572,-95.44106181473876
000509.pid, car, 10.553436170924797, -10.811865936626093, -3.5141965042461054, 0.6135520339012146,177.38829917099488
000509.pid, car, 7.824894237518317, -9.457559746503836, -3.820842075347899, 0.38505110144615173,89.61235586076745
000510.pid, person, 3.6744994265692656, -15.795968600681858, -3.4570084469658986, 0.33428946137428284,-98.28779753597433
000510.pid, car, 10.653760844263541, -10.949557534579577, -3.717921331011016, 0.7008301615715027,-163.5878647842596
000510.pid, car, 7.847772164778283, -9.518375510519201, -3.788028370250355, 0.442600816488266,89.54219680295603
000510.pid, stop_sign, 36.82547760009766, -34.1117312113444, -1.9456733465194693, 0.40437787771224976,-83.52240825147439
000511.pid, car, 10.41667529514858, -10.861042386009585, -3.586056641169957, 0.8582313656806946,-156.51439363858663
000511.pid, car, 7.731791973114019, -8.329590415954593, -3.9478423118591293, 0.4269765317440033,90.19321549206886
000512.pid, car, 10.082798907631325, -10.95828784139533, -3.5404429561213444, 0.8397087454795837,177.34237323016168
000512.pid, car, 7.610093712806704, -9.318563222885132, -3.8673120439052573, 0.4518674910068512,88.1679659134512
000512.pid, car, 10.430934674812088, -10.984100428494543, -3.494674126307169, 0.3549310564994812,79.05896818037498
000512.pid, car, 3.9184898585081154, -10.776020377874374, -3.8209765553474417, 0.3202396333217621,-84.50867820940564
000513.pid, person, 3.6903639180319727, -15.776479176112591, -3.414541091237749, 0.310859739780426,-95.96598099777475
000513.pid, car, 10.132029804316439, -10.991292693398218, -3.7832255471836436, 0.8452573418617249,-171.54958693574733
000513.pid, car, 7.616012851397201, -8.70981645584107, -3.867891490459441, 0.4357905089855194,88.45501851343101
000513.pid, car, 3.9204732271341247, -8.98143507884099, -3.7147095936995274, 0.33802923560142517,-83.7250234580188
000514.pid, person, 3.679589454944325, -15.743152031531709, -3.424679664465098, 0.3122117519378662,-95.6097642091849
000514.pid, car, 9.812360019683842, -10.754948501586918, -3.897999954223633, 0.8508403897285461,179.21161297348274
000514.pid, car, 7.161965101957324, -9.887751651927832, -3.6888516545295706, 0.41275468468666077,85.78417340752321
000514.pid, car, 4.1979394112863915, -6.927212899731051, -3.779679590655911, 0.36172544956207275,-5.009837787323805
000515.pid, car, 9.6871838092804, -10.771291542053227, -3.7996325731277465, 0.7104132771492004,-162.33898410970332
000515.pid, car, 7.047111323901589, -9.835009653653419, -3.7142890521458205, 0.442531943321228,85.06258422945173
000515.pid, car, 4.02502117658917, -9.645183211878729, -3.7998737786945527, 0.3759644031524658,-84.55120864414036
000516.pid, bicycle, 3.671826737267639, -15.799526555197588, -3.4594110420772, 0.3317244350910187,-99.84047071797494
000516.pid, car, 9.049303784089936, -10.583416770486277, -3.9744385971742524, 0.7441962957382202,-157.2515228792168
000516.pid, car, 6.972731669743861, -9.05241375168165, -3.8690756559371935, 0.3645622432231903,91.82541262444549
000517.pid, car, 6.730705462969277, -12.593138621403629, -3.744094481834999, 0.7237256169319153,-126.32176218870714
000517.pid, car, 7.152001182988006, -10.03852725478838, -3.6848243407483365, 0.5088747143745422,88.30256047482246
000517.pid, car, 4.472718874613451, -6.989568051837742, -3.8723102864764987, 0.36143946647644043,176.86139750965393
000518.pid, bicycle, 3.6584005090925515, -15.567898432413749, -3.198542277018229, 0.33674660325050354,2.1670642896771346
000518.pid, car, 6.852398172020919, -12.595891296863563, -3.7179063111543655, 0.7783423662185669,-126.59799603742806
000518.pid, car, 6.857744916280114, -7.651340417067214, -3.9971606890360505, 0.4621099531650543,87.25121802272604
000518.pid, car, 4.180885871251431, -9.808862553702463, -3.748534493976168, 0.30098995566368103,-86.10539386358056
000519.pid, bicycle, 3.6636590361595234, -15.558901071548474, -3.197006016969681, 0.31344643235206604,0.2703381799282147
000519.pid, car, 7.231420108250214, -11.834802355085104, -3.747705348900386, 0.8269696235656738,-125.6506818928024
000519.pid, car, 6.980347569783534, -7.939142584800723, -3.945929225285847, 0.4583469331264496,86.16041220543036
000519.pid, car, 4.297488927841191, -7.594437321027123, -3.850658456484476, 0.3234836161136627,-85.71140140581983
000520.pid, bicycle, 3.6683430671691957, -15.570475048489053, -3.199501090579563, 0.3419910967350006,5.693347591339275
000520.pid, car, 7.42366697788239, -11.517141373952233, -3.7618609666824345, 0.8944936394691467,-124.5165486127041
000520.pid, car, 6.490847965766649, -9.445647025930473, -3.7164466134433085, 0.42013707756996155,85.74861860601318
000521.pid, car, 6.78691697120667, -11.94463426416571, -3.886869788169861, 0.8805269002914429,-121.4939446973058
000521.pid, car, 6.58551370529902, -8.786260150727774, -3.819272007261003, 0.38395172357559204,89.07707181768706
000521.pid, car, 3.9106821748945513, -12.768854988945858, -3.5709661775165125, 0.34480994939804077,86.24877267493244
000522.pid, car, 6.582497182099723, -12.126349158909015, -3.8789280497509506, 0.6609089374542236,-120.26556324122697
000522.pid, car, 6.355297461799959, -9.431957185268407, -3.648006117862203, 0.4238283932209015,87.99178411694793
000523.pid, car, 6.919697185357418, -11.49141212304434, -3.821021020412445, 0.7501792311668396,-118.65353498146399
000523.pid, car, 6.271965426783409, -9.631386571353481, -3.4628890714337746, 0.4127146303653717,83.0039692228063
000524.pid, car, 6.664981206258142, -11.374717288547096, -3.86951337258021, 0.8562772870063782,-116.26247820584433
000524.pid, car, 6.496945339700451, -9.450331226639127, -3.4946950725887125, 0.44671598076820374,91.9942022780503
000525.pid, car, 6.254150097186754, -11.693972697624798, -3.925754290360671, 0.8802000880241394,-114.27516366062741
000525.pid, car, 6.222083357877514, -9.31305918166804, -3.4828429277553115, 0.4693779945373535,88.68150463815647
000526.pid, car, 6.115721149103988, -11.392031635556906, -3.985966776098524, 0.8273530006408691,-110.76969289626538
000526.pid, car, 4.863185405731209, -11.571788249192414, -3.6915576987796355, 0.4459119439125061,77.56130750220646
000526.pid, car, 3.031487171466539, -10.767490460322453, -4.294687766295212, 0.3126678168773651,-79.55114121259462
000527.pid, car, 5.723151559829719, -11.31506553649903, -3.988366003036499, 0.7928708791732788,-106.29177340114177
000527.pid, car, 4.808971955858432, -11.292849203635907, -3.718605362135788, 0.4951770305633545,77.37219114429294
000527.pid, car, 2.5645735263824516, -9.806011358896898, -4.400240242481231, 0.33316072821617126,-76.95699217234221
000528.pid, car, 5.787087508610322, -8.894050351211003, -3.6853190036047065, 0.4191932678222656,80.7211776389596
000528.pid, stop_sign, 36.74798838297527, -34.13864517211915, -1.8463605642318717, 0.424594908952713,-97.17822428287582
000529.pid, car, 5.947321745065549, -7.21352431407342, -3.895624069067147, 0.4461873769760132,78.83047955328978
000530.pid, car, 6.228682398796088, -5.054919637739656, -4.376079420248666, 0.4702880084514618,74.13498102321677
000530.pid, car, 1.955844964670105, -9.064477630283523, -4.335083367168039, 0.32860517501831055,2.1851853412110707
000531.pid, car, 6.3400019298900325, -4.892282530665398, -4.3794141249223175, 0.43357017636299133,74.57355020386052
000532.pid, car, 6.16468000411988, -5.383633887767795, -4.311928844451903, 0.4033831059932709,75.97685368923236
000533.pid, person, 3.6588705698649155, -15.792045656840013, -3.442653354008993, 0.30289989709854126,-99.01682251001523
000533.pid, car, 6.235305547714237, -6.013588085770612, -4.284223318099974, 0.37977099418640137,77.5860946901422
000534.pid, person, 3.678168916702278, -15.837110900878914, -3.4856457074483234, 0.3097013831138611,-99.57141760405139
000534.pid, car, 6.076799262653704, -6.3211298368193924, -4.249297402121804, 0.4028681814670563,75.72613643227724
000535.pid, car, 6.370012320004983, -5.149182975292209, -4.351220002541174, 0.4170975685119629,77.05251116392414
000535.pid, car, 3.35751692815261, -13.053421020507812, -3.6411279656670303, 0.31662094593048096,97.58901924972753
000536.pid, car, 6.149561911821372, -6.56801772117615, -4.316944226622581, 0.3692956268787384,77.07227798297718
000537.pid, car, 6.5046486854553285, -4.838904012333267, -4.380647442557595, 0.46658268570899963,77.56468138100178
000538.pid, car, 6.338761292971104, -6.471259552698877, -4.34005570411682, 0.43891212344169617,77.04181854467969
000539.pid, car, 6.253698018880997, -6.45599371653337, -4.228247514137854, 0.4548966884613037,78.00965697826135
000540.pid, car, 6.419493317604072, -5.730375076333684, -4.239291489124297, 0.3965809941291809,77.39240160217888
000541.pid, person, 3.6731292860848646, -15.77372040067401, -3.4135334662028725, 0.3248085081577301,-94.62277668243956
000541.pid, car, 6.556043704350793, -5.744457532962165, -4.28106411298116, 0.4148824214935303,78.48843087259749
000542.pid, car, 6.503031840691207, -5.800242492785826, -4.192350405913132, 0.4126873314380646,79.21083398337979
000546.pid, car, 6.856608765465878, -5.210226046187539, -4.304203850882393, 0.400835245847702,81.91018975286572
000547.pid, car, 6.959613641103115, -5.622149258852009, -4.252757946650186, 0.4165651798248291,81.78339109607128
000550.pid, car, 4.733657386567864, -12.763538830810127, -3.6410692267947717, 0.3901471197605133,72.44363865902288
000551.pid, person, 3.680076071194247, -15.734404495784222, -3.409170286996024, 0.3248960077762604,-96.97546310249615
000556.pid, person, 3.6775793007442017, -15.821345329284677, -3.4608866316931595, 0.3051002323627472,-98.38003829512758
000557.pid, person, 3.6755161796297435, -15.854486874171673, -3.5063340153012956, 0.3242560923099518,-100.4813848830513
000558.pid, person, 3.6747851201466224, -15.823446001325342, -3.461062908172608, 0.31237709522247314,-98.37718976761187
000559.pid, person, 3.6365823447704395, -15.882601678371437, -3.5122210830450062, 0.3022706210613251,-100.46092711704833
000560.pid, person, 3.6899958023658237, -15.783141869765068, -3.4294478893280034, 0.31343817710876465,-96.19505396099683
000567.pid, stop_sign, 40.02264912923177, -44.95750045776367, -2.2188185850779187, 0.3308282196521759,174.5387792727071
000574.pid, person, 9.006631851196296, -6.227036635080981, -4.2955408096313485, 0.4180655777454376,-123.0507456351948
000577.pid, person, 3.663857173919685, -15.790945943196622, -3.4419659296671554, 0.33708634972572327,-98.75565391088759
000578.pid, person, 3.6838418006897045, -15.80028934478761, -3.494036102294922, 0.3289525806903839,-99.38823134510443
000579.pid, person, 3.6884115537007722, -15.817550150553393, -3.479370514551799, 0.3080814778804779,-97.39659227611872
000580.pid, person, 9.299385309219367, -5.951391577720651, -4.179170966148377, 0.40601587295532227,35.926720881842215
000581.pid, person, 9.420448303222663, -5.863977750142425, -4.133050600687663, 0.6463733911514282,37.690922919202954
000581.pid, person, 3.6738651990890574, -15.858257361820774, -3.5080479894365584, 0.3207729756832123,-102.00411554988068
000582.pid, person, 9.477263768514005, -5.815147082010913, -4.110721111297608, 0.6025957465171814,39.32483334352768
000582.pid, person, 3.678474172949799, -15.83251458406449, -3.499066188931465, 0.31708812713623047,-96.46770000960075
000583.pid, person, 9.555629968643192, -5.754986047744758, -4.0805184841156015, 0.734782338142395,-135.1785225411683
000584.pid, person, 9.437637964884448, -5.842216968536385, -4.125742117563884, 0.44481927156448364,-137.69401996123
000585.pid, person, 9.484709501266487, -5.789191246032722, -4.106209754943848, 0.43057382106781006,-141.34992144005207
000586.pid, person, 9.562279224395759, -5.705659508705147, -4.074319243431091, 0.45961037278175354,-126.60189625724348
000587.pid, person, 9.6132459640503, -5.658926010131844, -4.0540259679158535, 0.6195358037948608,-130.80618606186206
000588.pid, stop_sign, 40.03553644816081, -44.937085469563804, -2.2185859680175777, 0.4655119478702545,175.56359762943148
000589.pid, person, 9.547169113159187, -5.699911975860603, -4.078577470779419, 0.718410074710846,-141.11627901179563
000590.pid, person, 9.563562393188484, -5.690065979957589, -4.072456002235413, 0.6652724146842957,35.215561039096116
000591.pid, person, 9.697639465332037, -5.5971868832906155, -4.021496216456096, 0.49435529112815857,-135.63529637231733
000591.pid, person, 3.6543561458587734, -15.83801008860271, -3.4872852325439454, 0.3031587302684784,-101.02821468383593
000592.pid, person, 9.7360699971517, -5.534375667572029, -4.00387191772461, 0.3754747807979584,-141.08426115720468
000593.pid, person, 9.659023284912116, -5.595348000526435, -4.033698916435242, 0.40205734968185425,36.62494042062169
000593.pid, person, 3.711925196647652, -15.61987695693971, -3.3044829368591317, 0.32056325674057007,-18.26093837658055
000594.pid, person, 9.842493057250984, -5.431306521097826, -3.960832913716635, 0.41204914450645447,-138.08230814749044
000596.pid, person, 9.975968043009447, -5.304978688557952, -3.907117605209351, 0.49761202931404114,-135.1477189640009
000597.pid, person, 9.938976287841802, -5.313029527664192, -3.919770717620851, 0.5121279358863831,40.292898032087
000598.pid, person, 10.031327629089363, -5.206765460968025, -3.880909967422485, 0.35936349630355835,-132.63094218263024
000599.pid, person, 10.14020204544068, -5.110468069712328, -3.8375193675359096, 0.5914955139160156,-128.8085478890485
000599.pid, person, 3.635469981602268, -15.848657744271422, -3.4707526309149612, 0.32493987679481506,-99.96570931088223
000605.pid, person, 10.216532071431484, -4.973527908325202, -3.8011365731557216, 0.3481481075286865,64.72615047719681
000606.pid, person, 10.176135381062831, -4.995773712793994, -3.8161223332087206, 0.33058106899261475,61.582496135938364
000610.pid, bicycle, 10.30615844726563, -4.880203151702888, -3.764239215850831, 0.31878718733787537,50.602505212302155
000610.pid, stop_sign, 36.82853444417318, -34.10839589436849, -1.9456809759139995, 0.42601022124290466,-84.19194262643703
000611.pid, person, 10.385488033294685, -4.7830889225006175, -3.7301512956619267, 0.3691827058792114,52.27245467831961
000613.pid, person, 3.709839344024666, -15.858862686157238, -3.5007947206497194, 0.31187981367111206,-99.38268460959182
000613.pid, person, 10.431797504425056, -4.722648620605476, -3.7099164128303537, 0.3070020079612732,51.29622238771501
000614.pid, person, 10.473089059193937, -4.622981786727912, -3.9215776125590005, 0.33249935507774353,70.67381649996351
000615.pid, person, 10.501583862304695, -4.566684818267831, -3.9543480396270754, 0.3223211169242859,-98.71492966571762
000616.pid, person, 10.530562639236457, -4.5845580101013255, -3.8412650823593153, 0.4411412179470062,103.05547819693294
000617.pid, person, 10.54502143859864, -4.530078220367439, -3.9368966102600105, 0.4418250620365143,-143.50134301453966
000617.pid, person, 3.7117464343706863, -15.71727720896404, -3.3902063568433127, 0.33347025513648987,-87.19746765668773
000618.pid, person, 10.556230926513678, -4.513676452636727, -3.931997203826904, 0.4679698348045349,1.952869920762332
000619.pid, person, 10.596994400024421, -4.490418148040779, -3.916510486602784, 0.3980506360530853,6.024677549353615
000620.pid, person, 10.629712867736824, -4.485617733001716, -3.7652204990386964, 0.5603207945823669,6.458543600414266
000621.pid, person, 10.653949356079107, -4.437097358703619, -3.753249979019165, 0.5963374972343445,6.076205259039637
000622.pid, person, 10.852803548177091, -4.1426920890808185, -3.8739446004231772, 0.7247315645217896,53.487434979338396
000622.pid, bicycle, 3.6472916752100075, -15.841545701026924, -3.5065134763717656, 0.30790871381759644,-98.69711121830503
000623.pid, person, 10.794152100880945, -4.201482613881437, -3.8980186780293793, 0.6363978981971741,51.30812919591526
000624.pid, person, 10.80997957502093, -4.15647506713868, -3.9393647738865445, 0.6113755702972412,50.72636977964882
000625.pid, person, 10.780858198801686, -4.139738162358609, -4.1313183307647705, 0.6066160202026367,50.25814324642066
000626.pid, person, 11.049275806971963, -3.854564564568663, -3.936429909297398, 0.6715525984764099,57.44133275443687
000627.pid, person, 11.11949804094103, -3.787790404425736, -3.8742677105797663, 0.6176390647888184,58.69926564069552
000627.pid, stop_sign, 40.20796966552735, -44.633087158203125, -2.6809035936991363, 0.3874818682670593,-44.600340027355614
000628.pid, person, 11.166048049926761, -3.7249420218997593, -3.8538166681925454, 0.6088669896125793,59.6428554479589
000629.pid, person, 11.210915803909307, -3.6490829586982794, -3.891283243894577, 0.6101804971694946,-116.84981485234124
000630.pid, person, 11.162020423195584, -3.7076577923514695, -3.8325275507840244, 0.6907580494880676,55.67635104069382
000630.pid, bicycle, 3.6931174901815638, -15.785336421086246, -3.4294423506810117, 0.3217470943927765,-95.18943562165654
000631.pid, person, 11.190310478210453, -3.621915078163154, -3.8612302780151375, 0.5976017117500305,61.21210692608734
000631.pid, person, 3.6620723690305512, -15.803353241511761, -3.4589424644197737, 0.3061228394508362,-99.02663755825571
000632.pid, person, 11.125265598297124, -3.740827480951952, -3.795690655708313, 0.6808740496635437,57.77158749960511
000632.pid, person, 3.677399822643833, -15.775249685559961, -3.41387072631291, 0.33090466260910034,-94.91662583216643
000633.pid, person, 11.222257527438082, -3.6534837809476057, -3.7291711243716152, 0.7269605994224548,59.94147262748603
000633.pid, bicycle, 3.649439114790704, -15.82784946148213, -3.4799087781172533, 0.32288220524787903,-99.42409943086236
000634.pid, person, 11.268247222900396, -3.587383913993842, -3.748256492614746, 0.574150562286377,62.10815413442385
000634.pid, person, 3.6852491855621414, -15.771387163798021, -3.4349984804789226, 0.3013845682144165,-95.13905038973488
000635.pid, person, 11.303359638560908, -3.4895167350769114, -3.8209909309040415, 0.6361386775970459,58.86828963075798
000635.pid, person, 3.6730435994955286, -15.7210859151987, -3.3841163011697626, 0.3274463713169098,-101.89062182866701
000636.pid, person, 11.324731740084566, -3.4334195743907645, -3.810216665267945, 0.5731006860733032,58.264661327438155
000636.pid, person, 3.6708625853061743, -15.828558325767524, -3.5005985647439957, 0.33746206760406494,-97.31312754472012
000637.pid, person, 11.387690424919132, -3.3505578041076727, -3.8088245391845703, 0.5609022378921509,56.87121694764952
000637.pid, person, 3.6432475362505317, -15.869958877563485, -3.5089111839021956, 0.3034094572067261,-100.39171665905042
000638.pid, person, 11.358333178928925, -3.3697069372449677, -3.7951433658599854, 0.6439924240112305,58.005767967346884
000638.pid, person, 3.648992642760285, -15.821307837963108, -3.4689844399690632, 0.31991448998451233,-100.00639258096908
000639.pid, person, 11.363172849019373, -3.363393425941475, -3.759222626686096, 0.6567335724830627,59.404143685281106
000640.pid, person, 11.420636749267585, -3.2694938659668034, -3.8268696308135985, 0.5823032855987549,57.408254357004196
000641.pid, person, 11.47305059432984, -3.1990088621775374, -3.70962131023407, 0.6026147603988647,59.73871599406851
000642.pid, person, 11.45899438858033, -3.178361018498746, -3.7127689520517984, 0.5671497583389282,61.57778273668395
000643.pid, person, 11.524802049001066, -3.0948176781336536, -3.8020017147064205, 0.5921779274940491,53.80118596827855
000643.pid, stop_sign, 39.58567352294923, -43.26460723876953, -2.9342403888702386, 0.42564523220062256,-36.17763705614884
000644.pid, person, 11.498858875698517, -3.148690753512919, -3.6966894732581244, 0.6347545981407166,55.18722807564243
000645.pid, person, 11.52151799201966, -3.1333307027816844, -3.5732105672359475, 0.5956491231918335,56.99960729502927
000646.pid, person, 11.567278861999517, -3.072392404079444, -3.643231570720673, 0.7380809783935547,57.15167176701666
000647.pid, person, 11.595888733863834, -3.014595955610282, -3.6236848533153543, 0.6933698654174805,56.24118144365631
000648.pid, person, 11.571760495503746, -3.0521046850416464, -3.5991063382890496, 0.7537972927093506,56.434442452750574
000649.pid, person, 11.631969094276432, -2.968072712421424, -3.6315435767173767, 0.5773645639419556,57.10351889352823
000650.pid, person, 11.669756783379452, -2.873884969287455, -3.6385232872433133, 0.6550329923629761,56.03727049331248
000651.pid, person, 11.611564636230474, -2.9196264266967837, -3.8633113384246833, 0.6904736161231995,55.85504805444524
000652.pid, person, 11.716148614883426, -2.7585502564907145, -3.7547228932380676, 0.6337805390357971,51.9236992191756
000653.pid, person, 11.723888805934367, -2.776482513972698, -3.9815897600991397, 0.4523172974586487,53.37083473670297
000654.pid, person, 11.859807968139654, -2.5811510086059632, -3.767695093154908, 0.657325029373169,-120.27724412177784
000655.pid, person, 11.882316398620612, -2.5425745964050366, -3.7571739673614504, 0.5903249382972717,-120.95825842721553
000656.pid, person, 11.921319961547859, -2.5013780593872132, -3.7407386779785154, 0.5326308608055115,-121.09970131807708
000657.pid, person, 11.858998298645027, -2.5363085667292338, -3.7648286819458012, 0.5465019345283508,53.62078176159605
000657.pid, person, 11.551190121968592, -2.5933183193206815, -3.7334349155426017, 0.3762890100479126,60.46449559110505
000657.pid, stop_sign, 40.0322380065918, -44.95257822672526, -2.21891164779663, 0.5112734436988831,176.23409140821744
000658.pid, person, 11.915588855743414, -2.4949269294738836, -3.7422827879587817, 0.5109590291976929,54.330426127226296
000658.pid, person, 11.561134270259316, -2.629760435649327, -3.552759919847761, 0.32244423031806946,49.46573975467196
000659.pid, person, 11.852221806844078, -2.588655153910326, -3.65725596745809, 0.5497496724128723,53.839817560826035
000659.pid, person, 3.670491091410328, -15.804982757568366, -3.4434325377146404, 0.3009287118911743,-98.09260882485177
000660.pid, person, 11.882270455360416, -2.5293945074081488, -3.631472378969193, 0.7015895843505859,54.64226813096791
000661.pid, person, 11.922628947666722, -2.475540127073022, -3.59868597984314, 0.775397777557373,58.280753415475004
000662.pid, person, 11.86688995361329, -2.6072227954864573, -3.5400611758232126, 0.7417469620704651,57.973356014720316
000662.pid, person, 3.628462918599454, -15.829320971171068, -3.4521657148996985, 0.3248554468154907,-97.33883838719265
000663.pid, person, 11.764134724934904, -2.7059924602508616, -3.511236906051636, 0.7088332772254944,55.476100425894835
000663.pid, person, 11.69064750671387, -2.3537517070770275, -3.664145867029825, 0.45968812704086304,66.74347929412619
000663.pid, person, 3.6874588377335566, -15.822741003597487, -3.4816178854774025, 0.3468121588230133,-96.20904083108545
000664.pid, person, 11.822014427185064, -2.6481137275695863, -3.6098959445953382, 0.7218458652496338,22.911902062252633
000664.pid, person, 3.6638333996137074, -15.732577959696462, -3.3991764386494956, 0.33719250559806824,-98.34119112633704
000665.pid, person, 11.868258953094486, -2.602311730384833, -3.6642613410949716, 0.6852567791938782,26.567822475487176
000665.pid, person, 11.767337608337405, -2.2950455427169816, -3.694652354717254, 0.41613462567329407,47.553278915611486
000665.pid, person, 3.64879787669463, -15.82832117641674, -3.488712352864883, 0.35394975543022156,-98.94901389788495
000666.pid, person, 11.87090992927552, -2.54628777503968, -3.659857034683227, 0.7648574113845825,16.912402233236847
000666.pid, person, 11.788941807217071, -2.255974127186674, -3.7089249425464197, 0.42266449332237244,44.61054222889581
000666.pid, person, 3.6552690029144372, -15.84528433481853, -3.4861339251200363, 0.35172170400619507,-97.72581942492909
000667.pid, person, 11.997021675109869, -2.425305048624682, -3.7092032432556157, 0.7827041149139404,56.04962513973766
000667.pid, person, 11.73325128140657, -2.1625556842140554, -3.6917815934056817, 0.4383929967880249,22.400635506828202
000668.pid, person, 11.97260522842408, -2.37599956989289, -3.7141895890235905, 0.7066457271575928,-146.66647653755007
000669.pid, person, 11.992496490478521, -2.372275114059454, -3.707026402155559, 0.783471405506134,-143.58162360968987
000671.pid, person, 12.081481615702318, -2.2779942353566556, -3.6694455146789555, 0.5629627108573914,58.05273430066068
000671.pid, car, 11.922171533107761, -1.96583998948336, -3.735933929681777, 0.31913888454437256,33.30851875132194
000672.pid, person, 12.078324317932134, -2.2325917879740467, -3.6673145294189453, 0.47702354192733765,-138.22764954007778
000673.pid, person, 12.10021805763245, -2.2035818099975653, -3.5821991562843323, 0.5500108599662781,-137.1886111382023
000674.pid, person, 12.135946035385137, -2.1697735190391603, -3.5739063024520874, 0.5291114449501038,-140.86385899076544
000674.pid, person, 3.6514739849988236, -15.829589338863604, -3.4881926003624413, 0.35526132583618164,-98.08372571989125
000675.pid, person, 12.14524364471436, -2.152459573745734, -3.588338279724121, 0.5006381273269653,31.49103454782167
000675.pid, person, 3.6729225942066828, -15.79375614438739, -3.4578507798058653, 0.3507581353187561,-98.70596698345821
000676.pid, person, 12.190641641616828, -2.10932224988938, -3.619517028331758, 0.6511070728302002,35.101351167234
000676.pid, person, 3.658810106913256, -15.837453524271655, -3.485354693730672, 0.3275364935398102,-98.89276502831419
000676.pid, stop_sign, 37.32614517211914, -36.40810108184814, -1.7973905503749839, 0.35318925976753235,-71.31201093332763
000677.pid, person, 12.164025068283086, -2.109018921852118, -3.570316374301911, 0.6562599539756775,13.70112063401041
000677.pid, person, 3.6550547917683995, -15.844363212585456, -3.485516277949016, 0.30807796120643616,-97.10343262113867
000678.pid, person, 12.216887474060064, -2.045813957850145, -3.53726617495219, 0.6879950761795044,-158.08738150467045
000687.pid, stop_sign, 36.74720128377279, -34.13943481445312, -1.846360564231871, 0.5422519445419312,-97.37159519962685
000689.pid, person, 12.401559941908896, -1.0892328321933746, -3.704804953406839, 0.3173978328704834,64.53904792518405
000690.pid, person, 12.21049650510153, -0.8776201655467363, -3.467107931772867, 0.31490859389305115,102.13171354795831
000691.pid, person, 12.398262626246403, -0.8688078005062944, -3.6340798076830403, 0.34959155321121216,90.75777584303242
000692.pid, stop_sign, 36.815687815348305, -34.106643676757805, -1.9452157417933125, 0.34047964215278625,-83.19019878949354
000695.pid, person, 12.386325881594706, -0.7562286211621208, -3.6854357151758097, 0.38881775736808777,-123.62962735802316
000696.pid, person, 12.46905386447907, -0.6571875852532711, -3.691401824355124, 0.43166327476501465,76.79860686692109
000697.pid, person, 12.395507574081424, -0.7107675565406716, -3.716474020481109, 0.3399938941001892,-125.82451078973867
000697.pid, stop_sign, 38.97972215924945, -40.27756336757115, -2.446467382567268, 0.35393786430358887,109.40201351401565
000698.pid, person, 12.469492435455328, -0.693090802735907, -3.6369452368129376, 0.4929029047489166,70.93193442063198
000699.pid, person, 12.512514226576865, -0.6249722611049586, -3.61274133009069, 0.39355480670928955,82.75911725294704
000700.pid, person, 12.513490059796506, -0.6264572757131955, -3.5858377007877116, 0.41106829047203064,87.73201378400064
000701.pid, person, 12.553196009467632, -0.5230490146204846, -3.6188222800984096, 0.35095205903053284,91.25687595904532
000702.pid, person, 12.57814283931957, -0.41420440244324486, -3.5859107690698955, 0.33007895946502686,94.57411842650632
000703.pid, person, 12.596892244675585, -0.4307136881877394, -3.6049786174998557, 0.38386839628219604,88.497838376301
000706.pid, person, 12.570903539657598, -0.2909560715779671, -3.49247221648693, 0.4640289545059204,87.4578620312353
000707.pid, person, 12.565374654882099, -0.21100489532246727, -3.515263781828038, 0.3231945037841797,91.14335425654554
000709.pid, car, 12.606210428125722, -0.13102826476097273, -3.562972741968491, 0.36614227294921875,81.99800134473637
000709.pid, stop_sign, 36.75698013305664, -34.18591995239258, -1.9250096082687365, 0.5531307458877563,-89.00021880745803
000710.pid, person, 12.598730479969703, -0.16869822845739477, -3.5560759376077082, 0.5159997940063477,79.00924590025518
000711.pid, person, 12.543203771114351, -0.08193035144359051, -3.5827026069164263, 0.4550411105155945,109.44335952765371
000712.pid, person, 12.583791452295644, -0.13456401250818448, -3.5426890990313353, 0.368590772151947,83.43399678015518
000713.pid, person, 12.62091742621528, -0.07564657181501468, -3.5469791756735902, 0.4559262990951538,86.84910091905824
000715.pid, person, 12.54235026415657, -0.021869418101716446, -3.540669946109547, 0.35397621989250183,106.5992407453744
000716.pid, person, 12.609674347771541, -0.046481027785274714, -3.5189312564002138, 0.5340231657028198,89.5366052863919
000717.pid, person, 12.631395006179812, -0.045166126266124, -3.542391300201415, 0.4760604500770569,81.37198514139394
000718.pid, person, 12.594595813751225, 0.08162762839346911, -3.5504195928573603, 0.517708420753479,87.33445794478713
000719.pid, person, 12.52906246185303, 0.14004773395135714, -3.528642046451568, 0.463514119386673,119.57059177780815
000720.pid, person, 12.64198348101448, 0.21847680338438924, -3.5570709565106555, 0.4586234390735626,92.13815515551632
000720.pid, stop_sign, 37.769542694091804, -39.44612375895182, -1.150601883729297, 0.3434804081916809,101.87575330174896
000721.pid, person, 12.552602350711828, 0.2935243265892451, -3.6009744554758067, 0.5023646354675293,97.30075462852488
000721.pid, stop_sign, 36.828617095947266, -34.09851710001627, -1.9453554948170977, 0.34874778985977173,-82.8517296893196
000722.pid, person, 12.622646379470826, 0.29774078116752134, -3.5517500042915335, 0.5094979405403137,85.70841603181489
000722.pid, person, 3.6823895488466607, -15.777345521109453, -3.414250016212464, 0.3016538619995117,-95.29147762156629
000723.pid, person, 12.591198094685877, 0.28321857551733465, -3.5092017332712806, 0.5843015909194946,88.87315030227766
000724.pid, person, 12.58900299072266, 0.33553208112716104, -3.4925811926523833, 0.39082974195480347,94.79797236511659
000725.pid, person, 12.518767237663273, 0.41733963228761883, -3.5263729095458967, 0.4504779577255249,97.01022797103589
000726.pid, person, 12.489609777927402, 0.48365095630287946, -3.5363235771656027, 0.348816841840744,83.68698928298171
000728.pid, stop_sign, 38.3956413269043, -42.20951716105143, -1.1086634993553168, 0.33642271161079407,-62.95627098030484
