000032.pid, stop_sign, 38.49718246459961, -42.732645416259764, -2.677606534957884, 0.5216166973114014,70.03785038386935
000033.pid, person, 13.401362125690175, -28.83047162569487, -3.4849968506739697, 0.3092217445373535,161.13257661627563
000034.pid, person, 13.365825579716617, -28.78410926231972, -3.4323947613055887, 0.307973712682724,164.31621631613578
000035.pid, person, 13.337072168077752, -28.776362146650047, -3.403708185468401, 0.30294036865234375,169.11103615019823
000035.pid, stop_sign, 38.12397003173829, -42.467657725016274, -2.931757648785906, 0.5727525353431702,20.452423029094167
000036.pid, stop_sign, 38.621186065673825, -43.176641845703124, -2.2245091199874865, 0.6668974161148071,13.913957987615158
000038.pid, person, 13.300227101643888, -28.65482635498047, -3.4387954552968343, 0.32337552309036255,169.5347959468555
000041.pid, person, 13.299890224750234, -28.625469354482806, -3.596413117188674, 0.34308305382728577,164.8489604701755
000041.pid, stop_sign, 38.42570931570871, -42.64722878592355, -2.6201073101588648, 0.49894461035728455,132.18392670259874
000042.pid, person, 13.306092330387669, -28.592930112566275, -3.5850838082177297, 0.3910854756832123,-172.9772710918904
000043.pid, person, 13.282883307513078, -28.57445122213925, -3.551630553077249, 0.3574749231338501,-152.17278086496165
000044.pid, person, 13.302881050109875, -28.51358210245769, -3.5654885927836104, 0.3876585364341736,175.36728453829411
000044.pid, stop_sign, 38.775166829427086, -42.743862787882485, -2.2917930483818036, 0.5255240797996521,86.83729453694608
000045.pid, stop_sign, 38.37067522321429, -42.77231434413365, -3.0102271011897477, 0.5541396737098694,63.121505845555156
000047.pid, person, 13.32870848038618, -28.42195510864258, -3.583509024451761, 0.31639185547828674,152.75443370175435
000047.pid, stop_sign, 38.491214752197266, -42.89927577972413, -2.2635078728198987, 0.6236448287963867,89.7703908592481
000048.pid, person, 11.422686894734705, -2.691317478815721, -3.2852250734965005, 0.42151638865470886,-99.67100541102243
000048.pid, person, 13.333718844822483, -28.4068318775722, -3.5715618644441878, 0.3188962936401367,156.8740698198748
000049.pid, person, 13.35602194922312, -28.392175538199297, -3.615498730114528, 0.31355175375938416,152.6569476862695
000051.pid, stop_sign, 38.77712794712612, -42.91188539777483, -2.597208210400171, 0.6011665463447571,26.51298241968668
000052.pid, stop_sign, 38.34106172834124, -42.74580873761858, -3.0564369474138506, 0.570408821105957,60.585805265106494
000056.pid, stop_sign, 38.09814961751303, -42.976828257242836, -3.0072466532389313, 0.4027957022190094,159.6290987517619
000057.pid, stop_sign, 38.75485992431641, -42.98838500976562, -2.154194927215575, 0.45339375734329224,-19.500200125923012
000058.pid, bicycle, 13.303064686911458, -28.13978004455567, -3.607702800205776, 0.356625497341156,173.27761515209696
000059.pid, stop_sign, 37.890192985534675, -42.42334461212159, -3.395339667797087, 0.6157099008560181,-64.21316534203649
000062.pid, person, 13.405373629401723, -28.038193197811353, -3.572021680719712, 0.30647382140159607,100.09886378177173
000063.pid, person, 13.361285765965789, -28.001178423563648, -3.5217851797739663, 0.3504742980003357,115.74695475861948
000063.pid, stop_sign, 38.262654985700344, -42.71620886666434, -2.8090724604470374, 0.4741553068161011,156.83185136027845
000065.pid, stop_sign, 38.70203113555908, -43.22132968902588, -2.2774558961391436, 0.47390642762184143,9.111942348160305
000066.pid, person, 13.304663045065752, -27.920952251979287, -3.5384812695639476, 0.3356319069862366,-63.092811642460426
000067.pid, person, 13.339555604117265, -27.89630903516498, -3.580175825527736, 0.3018566071987152,136.05764724429332
000067.pid, stop_sign, 38.782343864440925, -43.178229331970215, -2.026016563177106, 0.30393052101135254,8.534555467119489
000068.pid, person, 13.346741104125984, -27.891641108194996, -3.6169351895650226, 0.34022074937820435,126.1223205865748
000068.pid, stop_sign, 38.182252248128265, -42.56015141805013, -3.6646817525227853, 0.460265576839447,52.770278940517294
000069.pid, person, 13.322084784507762, -27.849450945854194, -3.5833239406347275, 0.34276530146598816,173.03032100591136
000070.pid, person, 13.331058057149258, -27.799973932902024, -3.604091231028239, 0.30197328329086304,168.3694304299784
000070.pid, stop_sign, 38.568913269042966, -43.18233184814453, -2.290697932243345, 0.42574799060821533,11.641713853204608
000072.pid, stop_sign, 38.7150502886091, -42.72378431047712, -2.828247070312499, 0.5397316217422485,48.30868390692346
000075.pid, car, 13.373483300209053, -27.684500575065623, -3.5370762795209885, 0.3236182928085327,124.05999028674721
000075.pid, stop_sign, 38.572810490926116, -43.18224652608236, -2.4707733194033294, 0.5002998113632202,12.931452903246942
000078.pid, person, 13.389941978454598, -27.602851486206063, -3.5338858286539714, 0.31361013650894165,125.89975021309743
000079.pid, person, 13.375593185424812, -27.59105289683623, -3.6091057833503273, 0.3210252821445465,130.05580946101378
000080.pid, person, 13.334171983930807, -27.57021586100261, -3.6245974037382345, 0.3945712149143219,126.81481468553994
000080.pid, stop_sign, 38.66820220947265, -43.16696319580078, -2.090365886688231, 0.5518345832824707,6.237887710583037
000081.pid, person, 13.34761035442353, -27.54762554168702, -3.5890453159809113, 0.403457373380661,121.6352721223893
000082.pid, person, 13.3219132172434, -27.5138447410182, -3.5839141293575896, 0.356534868478775,149.250029955325
000083.pid, person, 13.326955848270003, -27.484338760375987, -3.5841996802224054, 0.4094293415546417,136.8672381071094
000083.pid, stop_sign, 38.32780202229818, -42.720664978027344, -2.838012814521788, 0.6482305526733398,62.226185678297405
000085.pid, stop_sign, 38.74560260772705, -43.136006355285645, -2.024352759122847, 0.49608132243156433,11.3925640302625
000086.pid, stop_sign, 38.26878547668457, -42.876878102620445, -3.1777650515238425, 0.523147463798523,72.00754690158381
000088.pid, stop_sign, 38.38299608230591, -42.65786123275757, -2.6236180067062365, 0.3968215584754944,153.4573283087372
000090.pid, stop_sign, 38.56453541346959, -42.76290839059012, -2.5326904569353355, 0.4150339365005493,-137.61346350915855
000092.pid, stop_sign, 38.345735277448384, -42.753879002162385, -3.0568356854575005, 0.42364755272865295,61.080892737755825
000094.pid, bicycle, 13.206070772806811, -27.132586415608728, -3.598413372039795, 0.3153660297393799,152.92309347557054
000097.pid, stop_sign, 38.41788339614868, -42.64304447174072, -2.5824396312236764, 0.5051972270011902,153.86914321108898
000099.pid, stop_sign, 37.908023071289065, -43.46534957885742, -2.954196166992186, 0.5055407285690308,-116.01610259791215
000103.pid, stop_sign, 38.50657348632812, -42.79720001220703, -2.6420893192291244, 0.5055339336395264,154.36917574871603
000104.pid, stop_sign, 38.75277614593506, -43.143009185791016, -2.024469316005706, 0.4800407886505127,8.002901093796968
000105.pid, stop_sign, 38.89884948730469, -43.13377634684244, -1.8023974895477286, 0.538528561592102,-170.43132941013548
000108.pid, person, 13.171445655822762, -26.776657104492195, -3.587532663345337, 0.31657567620277405,152.543564752479
000109.pid, person, 13.147465254131122, -26.756532769454157, -3.6013019210413884, 0.3735497295856476,164.03564621346058
000110.pid, person, 13.149160839262468, -26.724796658470524, -3.5923694428943453, 0.3139472007751465,164.71284386153488
000111.pid, stop_sign, 38.66331577301026, -42.90439796447754, -2.100741654634474, 0.38822031021118164,72.7164258331063
000112.pid, stop_sign, 38.104817708333336, -42.97447077433268, -3.0074636141459137, 0.4577799141407013,159.51904724622335
000114.pid, stop_sign, 38.44255510965983, -43.142678578694664, -2.462281187375385, 0.3900655508041382,175.17131634592593
000119.pid, person, 11.424077351888025, -2.696628491083787, -3.2859439849853516, 0.3820762634277344,-91.53103283780504
000119.pid, stop_sign, 38.51416460673015, -42.763750712076835, -2.960405588150023, 0.6410602331161499,65.93386879579161
000122.pid, stop_sign, 38.5838934580485, -43.193806966145836, -2.471141974131264, 0.690132200717926,11.444473775606836
000123.pid, person, 13.19452629089356, -26.265510253906253, -3.5732430362701417, 0.34766003489494324,-169.10587689427084
000124.pid, bicycle, 13.204056739807132, -26.25957085536077, -3.546093353858361, 0.3579898774623871,176.8385925093465
000125.pid, bicycle, 11.414718437194827, -2.6284549713134835, -3.541546869277954, 0.4526784121990204,75.78446677759717
000125.pid, bicycle, 13.22675468808129, -26.22309793744769, -3.523429109936669, 0.36245080828666687,176.9674328162756
000125.pid, stop_sign, 38.46088155110677, -42.9296900431315, -2.457543114821115, 0.39590370655059814,-159.3290798547301
000126.pid, person, 13.256631056467697, -26.224945942560836, -3.562788893779119, 0.3438881039619446,176.1356430504753
000127.pid, person, 13.276084596460521, -26.195995244112886, -3.507222739132968, 0.3520010709762573,167.64473478655427
000128.pid, person, 13.28828247070313, -26.19515258789063, -3.519641075134278, 0.36359935998916626,177.121510785061
000129.pid, bicycle, 13.266837215423589, -26.168963146209723, -3.4870408296585085, 0.30027368664741516,-15.53295734600649
000130.pid, person, 13.270155559886591, -26.160853732715964, -3.5137628533623437, 0.3703520894050598,167.2072996430898
000131.pid, person, 13.26748355229696, -26.134330670038864, -3.536619504292806, 0.34172242879867554,164.19626730469358
000133.pid, person, 13.246309776306157, -26.087472763061527, -3.558945779800415, 0.31179285049438477,153.76370675031905
000133.pid, stop_sign, 38.72050552368164, -42.93578338623047, -2.085589742660521, 0.42430052161216736,49.322780700437974
000134.pid, person, 13.240927903548537, -26.05264224176822, -3.5940064450968867, 0.32899895310401917,147.60748424378355
000135.pid, person, 13.219965934753423, -26.026384021924894, -3.523980783379596, 0.34688839316368103,3.212924537857782
000135.pid, person, 12.395776112874355, -14.728349214508423, -3.571581431797571, 0.3185557425022125,94.66394540247269
000135.pid, stop_sign, 38.75171852111817, -43.12517547607422, -2.0242015421390516, 0.372831255197525,11.178056328064438
000136.pid, person, 13.227508635748006, -25.995695386614123, -3.5269076597122924, 0.33487531542778015,169.67688546181063
000137.pid, stop_sign, 38.09879557291668, -42.995808919270836, -3.0081535975138323, 0.5743077993392944,159.52879197359044
000138.pid, person, 13.243985798047941, -25.949974972268816, -3.560944837072621, 0.30832403898239136,-171.313273988611
000139.pid, car, 13.240269184112554, -25.910036484400436, -3.577745308478674, 0.30227896571159363,178.76638903470015
000140.pid, person, 13.23646043476306, -25.860060340479805, -3.6029251123729504, 0.3239743709564209,-11.605061980613375
000143.pid, stop_sign, 38.522809982299805, -42.998886585235596, -2.352167561650275, 0.44277921319007874,34.484209600489265
000144.pid, stop_sign, 38.36420249938965, -42.82630014419556, -3.012433439493178, 0.4937332570552826,58.64415879098884
000146.pid, stop_sign, 38.45348358154297, -42.82105975680881, -2.5297035906049934, 0.5706819295883179,-155.42099202709397
000147.pid, person, 12.364149820236936, -14.536331290290471, -3.6228332860129213, 0.30052921175956726,94.60264304465183
000148.pid, stop_sign, 38.63735885620118, -42.976219177246094, -2.287202620506284, 0.41571342945098877,48.12968115630439
000150.pid, stop_sign, 38.112664540608726, -42.98888142903646, -3.0080142815907784, 0.5415686964988708,158.93069436995606
000151.pid, person, 12.32971181869507, -13.883205008506774, -3.6734907031059256, 0.3047837018966675,94.53929613585034
000152.pid, person, 12.0982254635204, -11.762734358960932, -3.623350479386069, 0.31743860244750977,-79.21019984258587
000152.pid, stop_sign, 38.10473251342774, -42.60172144571941, -3.4388111432393367, 0.5137566328048706,55.84509784750912
000153.pid, person, 12.145175570533393, -12.19923484325409, -3.647576877049036, 0.31378117203712463,-79.06215281311938
000155.pid, stop_sign, 38.47630637032646, -43.00956017630441, -2.4915634053094036, 0.5896665453910828,176.97909553765908
000158.pid, stop_sign, 38.28647994995118, -42.80174407958985, -3.276022720336911, 0.3428061008453369,59.249408282694105
000160.pid, person, 9.944390614827478, 29.57436243693033, -4.552793184916177, 0.4758409559726715,142.678358973696
000160.pid, person, 13.20581714312236, -25.220402717590336, -3.4816235105196633, 0.4453216791152954,176.9236432336598
000161.pid, person, 13.22020088542592, -25.190427086570057, -3.493673552166332, 0.4069262742996216,-169.84326544677631
000161.pid, stop_sign, 38.629037475585946, -43.20179824829101, -2.225179195404051, 0.5204020738601685,13.868053463590195
000162.pid, bicycle, 13.232744299847152, -25.153552179751195, -3.541241096413654, 0.41399332880973816,-158.57040662469785
000163.pid, person, 13.257470434362244, -25.136655027216136, -3.5848273147236216, 0.49004867672920227,-148.4737079766048
000163.pid, car, 10.687468814849858, 27.67181657155355, -3.7636383930842077, 0.3861469328403473,104.76497437396584
000164.pid, person, 13.230508844057724, -25.113175312678024, -3.547692467768987, 0.4560367465019226,-154.3663358901397
000165.pid, person, 13.255671252375066, -25.08285862466564, -3.5431948952052905, 0.3634617328643799,-126.99278838162289
000165.pid, car, 12.051179824336886, 0.544404622047175, -3.585157771264352, 0.36320602893829346,92.44007169224176
000166.pid, person, 13.258789221445724, -25.029155969619755, -3.541149894396464, 0.35467520356178284,-127.8137188875177
000166.pid, train, 11.221886316935224, 20.701125803447905, -3.5595350833166206, 0.35775646567344666,-82.82921029165914
000167.pid, person, 13.280870715777084, -24.997021834055587, -3.5075310568014775, 0.31870296597480774,115.56667950213705
000167.pid, train, 11.71984836790297, 13.990677244133419, -3.65521298514472, 0.35500597953796387,-81.73049631044952
000168.pid, person, 13.29484683588932, -24.955951791060603, -3.436702991786756, 0.35818347334861755,141.0131762313553
000168.pid, train, 11.665660944851965, 17.838371269630663, -3.30989857153459, 0.32310551404953003,-82.18298219892932
000169.pid, person, 13.284968376159675, -24.919717152913414, -3.439639170964559, 0.36955711245536804,-70.8747469195171
000170.pid, person, 13.293075214732783, -24.856695088473238, -3.4740959622643213, 0.5058044195175171,133.37081407998252
000171.pid, person, 13.284710710698914, -24.850212617353964, -3.4920569549907343, 0.4683290123939514,126.44383575094736
000171.pid, person, 38.60255813598633, -42.92495632171631, -2.5162346512079226, 0.39209428429603577,79.41508186884973
000171.pid, car, 11.957996101379397, 21.270397720336913, -3.810346889495849, 0.35269951820373535,105.59616436604237
000172.pid, person, 11.23151531219483, -3.0305506706237866, -3.280600309371949, 0.4333733320236206,55.01705057239342
000172.pid, person, 13.286062240600591, -24.804543868355132, -3.515998021416043, 0.38688886165618896,133.16950748232392
000173.pid, person, 11.150247891743986, -3.180336872736619, -3.3060986200968423, 0.4296514689922333,-95.57871038894737
000173.pid, person, 13.279218723899445, -24.76050868787264, -3.4622026744641756, 0.42330318689346313,154.40400407891147
000173.pid, car, 12.282669318349742, 19.06645212675396, -3.6609823829249324, 0.3567827641963959,122.81203681861975
000173.pid, car, 12.69595606573697, -3.1717716660992874, -3.4473737026083056, 0.3120107650756836,90.73696530083308
000174.pid, person, 13.292730201374406, -24.71633182872426, -3.484202514995228, 0.4524006247520447,172.57402810552952
000175.pid, person, 13.293444135914683, -24.698521821395214, -3.4851330777873164, 0.4982876479625702,-173.26160579630266
000176.pid, person, 13.300229362819511, -24.67409075861392, -3.4825751366822617, 0.3813035786151886,-158.40606419004118
000176.pid, person, 10.752382914225265, -3.8050102392832508, -3.7601186434427896, 0.3299328684806824,-113.15817640061434
000177.pid, person, 13.311577406796546, -24.62094133550471, -3.4589243043552753, 0.41891780495643616,-132.83520253610922
000178.pid, person, 13.338182131449386, -24.582639421735497, -3.4662585712614513, 0.38978731632232666,-129.25097105739863
000179.pid, person, 13.391830329895024, -24.553120574951176, -3.472937726974487, 0.3238018751144409,-151.6478279031464
000179.pid, person, 10.56090100606283, -3.929330825805671, -4.073192119598389, 0.3001227080821991,61.1643613327512
000180.pid, person, 13.389761400222785, -24.493143939971926, -3.4036352157592775, 0.3830074071884155,141.14465661753067
000180.pid, car, 13.046078562736513, 3.318225165208176, -3.3856002067526174, 0.30453839898109436,-81.400059572825
000181.pid, person, 13.390975701181517, -24.476100118536703, -3.4097171206223336, 0.36995193362236023,-20.94858256584056
000181.pid, bus, 13.145370208610924, 4.387673539630438, -3.2250035172801903, 0.33984896540641785,-84.43201890635856
000182.pid, person, 13.397800082252145, -24.42707579476493, -3.319775660832723, 0.401716023683548,-172.09420723673247
000182.pid, person, 9.973820495605475, -5.108163356781012, -3.891342210769654, 0.3054282069206238,-122.38767529377006
000183.pid, person, 13.41272813623602, -24.43227525190874, -3.427819186990911, 0.35300105810165405,149.67150516532828
000184.pid, person, 13.353709638118751, -24.364838957786564, -3.344471260905266, 0.33860766887664795,-171.85712582435943
000185.pid, person, 13.371246393989122, -24.30770874023438, -3.3542669520658603, 0.35567083954811096,59.50983151365509
000186.pid, person, 13.32786655426026, -24.244817988077802, -3.3036365350087484, 0.460395872592926,-127.57080718458042
000187.pid, person, 13.318365216255195, -24.241064310073856, -3.304054409265518, 0.466094046831131,11.45723733485308
000188.pid, person, 13.347699165344245, -24.21344600004309, -3.310802291421329, 0.5707942247390747,-133.93093904590833
000189.pid, person, 13.375274022420252, -24.162678718566898, -3.3324447472890224, 0.5131790041923523,-128.0332746721523
000190.pid, person, 13.377998576444744, -24.111728331621958, -3.31699434448691, 0.5450479388237,-119.75808859944584
000191.pid, person, 13.408674812316901, -24.0888469696045, -3.3139483451843263, 0.5227164626121521,71.18754917162646
000192.pid, person, 13.416135787963874, -24.046545028686527, -3.2989198320052204, 0.49253374338150024,-134.23650972161403
000193.pid, person, 13.48357206980388, -24.013651275634775, -3.3186286608378093, 0.5592990517616272,88.45856309616443
000194.pid, person, 13.464807962116447, -24.0160833659925, -3.2777549844039116, 0.4552213251590729,-160.54804086709308
000195.pid, person, 13.466688324423403, -23.974937214570893, -3.278917691286873, 0.5424399971961975,56.584060328978694
000196.pid, person, 13.420004971822111, -23.994569269816086, -3.3384779930114745, 0.5262527465820312,49.371294275162654
000197.pid, person, 13.44590663909913, -23.95092923300607, -3.32310380254473, 0.43300968408584595,129.47619747354454
000198.pid, person, 13.419105410575874, -23.907324075698856, -3.269717425107956, 0.49076294898986816,81.82549404752778
000199.pid, person, 13.41529814402263, -23.87935892740886, -3.344798505306244, 0.5523650050163269,71.27063036193418
000200.pid, person, 7.503770134665756, -9.471516262401245, -3.6432241526517, 0.5098955631256104,56.13513770684048
000200.pid, person, 13.361556231975563, -23.840460896492008, -3.2542054355144505, 0.48318612575531006,-154.6167852801813
000201.pid, person, 13.334363810221362, -23.82761408487956, -3.2664954980214436, 0.483336478471756,-155.7156811717417
000201.pid, bus, 13.788003996798869, -7.604727243122301, -3.336803674697875, 0.33401936292648315,-68.91809642400366
000202.pid, person, 13.323893410818926, -23.840165683201384, -3.2955691984721596, 0.3984340727329254,-142.07477708179758
000202.pid, bus, 14.398687501748405, -9.627640890578428, -3.2512893353899313, 0.33959007263183594,-70.9308389491186
000203.pid, person, 13.321173259190159, -23.78502982003349, -3.3778862101691116, 0.5171297788619995,-122.58232906404183
000203.pid, person, 7.1454620361328205, -10.068881511688241, -4.019368290901185, 0.33273324370384216,-116.9276144793123
000204.pid, person, 13.358180795397086, -23.77808707101005, -3.3648165294102266, 0.44999220967292786,-155.9470557785517
000205.pid, person, 13.36717993872507, -23.70413657597134, -3.3260581152779713, 0.31689539551734924,-112.00527626104764
000210.pid, car, 15.217546145121258, -2.5614913781484034, -3.5648734092712404, 0.6060232520103455,70.30260912620679
000211.pid, car, 15.316041851043703, -2.6458092570304936, -3.54345623254776, 0.6979947090148926,83.50639417119771
000211.pid, bus, 13.531387339035673, -5.93395155053198, -3.607272197802861, 0.3084208071231842,-93.65630125000686
000212.pid, car, 15.234374046325687, -2.8146035075187754, -3.5250757813453673, 0.7375566959381104,91.26591612118497
000212.pid, car, 15.272233687506784, -1.5153695881780673, -3.6082114749484586, 0.3746933937072754,92.72734933006866
000213.pid, car, 15.29439715544383, -2.757969180742906, -3.492699603239695, 0.7651242613792419,100.45506464839549
000214.pid, car, 15.366138741776753, -2.9416895879281575, -3.5442780352927543, 0.7954197525978088,77.92549603877133
000215.pid, car, 15.463716288975311, -3.002744119507932, -3.529042455128261, 0.8113693594932556,85.42478514249942
000215.pid, car, 15.19108923470102, -2.0738279406980786, -3.531063236841341, 0.3319341838359833,94.92336501766782
000216.pid, car, 15.320035032323892, -3.0102803948763306, -3.517415323772947, 0.8247665166854858,94.25233362053167
000217.pid, person, 13.269425664629262, -23.335113525390632, -3.5849468367440367, 0.4483746886253357,-21.209292044125252
000217.pid, car, 15.323061646355525, -3.2041904158062438, -3.5286889288160537, 0.7604362964630127,92.54157249136769
000217.pid, bus, 12.257320034092874, -8.988063999419584, -3.491416881824361, 0.32504552602767944,-88.97591241751428
000218.pid, person, 13.23211461305619, -23.310551881790165, -3.4251221120357513, 0.4416872262954712,171.01652017832367
000218.pid, car, 15.281501723498836, -3.167173083235583, -3.497492220343613, 0.7192763090133667,93.49742793065
000218.pid, bus, 13.462907561716046, -7.848602549647388, -3.55150368528546, 0.32640793919563293,-92.40757423571733
000219.pid, person, 13.222192128499357, -23.26828371683757, -3.5332584222157797, 0.366371750831604,-52.55612565720222
000219.pid, car, 15.329292119935504, -3.4201778256615967, -3.548773244369862, 0.7685397267341614,89.02458995686898
000219.pid, car, 15.442522747176037, -2.918115000639644, -3.5933036931923454, 0.36135807633399963,84.26909637949056
000220.pid, car, 15.321083133870907, -3.545595193451106, -3.509701582518491, 0.6611812114715576,88.13743918821707
000220.pid, car, 15.448900482871318, -2.8114941347729085, -3.5512561798095703, 0.36629658937454224,-91.39264936687891
000220.pid, car, 13.207631921768193, -23.2496527671814, -3.427262616157532, 0.30888378620147705,166.77858010945113
000221.pid, person, 13.233271853129077, -23.242859776814786, -3.54620312054952, 0.3010771870613098,97.69068094089731
000221.pid, car, 15.318939481462754, -3.3588349734033907, -3.4358179171880088, 0.7530058026313782,88.226270232703
000221.pid, car, 15.453409212606926, -2.8158268796073087, -3.4917595739717835, 0.40474972128868103,-90.67320446348785
000222.pid, car, 15.247938318455475, -3.53919895912739, -3.498196221412497, 0.6698217391967773,83.11268199640172
000222.pid, car, 15.359544576224636, -3.1400238467475137, -3.5311825962389927, 0.34084033966064453,-91.9987076118882
000223.pid, car, 15.369099794432177, -3.6508408258127645, -3.5333794882131175, 0.7705180048942566,88.7712115871845
000224.pid, car, 15.184286582164278, -3.6350898956641218, -3.451898593168992, 0.8184275031089783,83.28950640088586
000225.pid, car, 15.242691863666881, -3.783709274096927, -3.497376875443892, 0.7979125380516052,83.38013391626632
000225.pid, bus, 12.66251916885376, -7.2930889765421565, -3.6221682687600447, 0.3324306011199951,-79.97787685848843
000226.pid, car, 15.138442754745485, -3.9132135386268327, -3.4392293045918145, 0.8030074238777161,86.8042854328435
000227.pid, car, 15.160419400533042, -4.170969475640195, -3.4801128493414986, 0.819084882736206,82.06457801996726
000228.pid, car, 15.186047725677492, -4.124510834217075, -3.466558871269226, 0.8243330717086792,83.13186522161034
000229.pid, car, 15.085627158482872, -4.357185090581579, -3.4012283980846405, 0.7979065179824829,85.43612035261889
000230.pid, car, 15.051427354203897, -4.491388762250863, -3.424083486516425, 0.7357116937637329,83.14634780215601
000231.pid, car, 15.108549694220228, -4.588590234518054, -3.4484931429227195, 0.645846962928772,82.9475756332538
000232.pid, car, 14.97921571926195, -4.975518396922523, -3.5066311894630906, 0.7250617742538452,80.85938423059058
000233.pid, car, 15.061337182688161, -5.215447714162431, -3.5457343334375424, 0.7152409553527832,79.14610422934396
000233.pid, bus, 11.712692916393282, -10.933475527498459, -3.4555752012464733, 0.3002691864967346,-92.70009411456542
000234.pid, car, 14.829105661270468, -5.301770068229517, -3.6023564135774655, 0.7573164701461792,81.97508773774027
000235.pid, car, 14.971665834125721, -5.33693669553389, -3.577337624733908, 0.7853589057922363,75.83407617902543
000236.pid, car, 14.912079285602182, -5.32996807779585, -3.5482745365220674, 0.8316645622253418,-102.67845171928892
000237.pid, car, 14.872627987581144, -5.388169620551318, -3.617990727518119, 0.7729618549346924,-101.33278536688226
000237.pid, car, 3.3997536182403616, -12.012915019989016, -3.566048898696899, 0.33568891882896423,93.03612415372723
000238.pid, car, 14.634327133496605, -5.493129655718807, -3.6398437470197678, 0.8128023743629456,-104.75756766115472
000239.pid, car, 14.583164283207488, -5.471461398260937, -3.548386602174668, 0.8212841749191284,-104.14895145013006
000240.pid, car, 14.390389594164764, -6.018183480609551, -3.600183806636117, 0.8168661594390869,-106.92985091188297
000241.pid, car, 14.178242171682966, -6.414261248053577, -3.521414774220165, 0.8021998405456543,-106.48993883689334
000242.pid, car, 13.855600070953372, -6.557452821731571, -3.4860044717788696, 0.8373894095420837,-113.51601851644955
000243.pid, car, 13.763353098006478, -6.673060587474282, -3.545894497916812, 0.7466739416122437,-114.96544081235706
000244.pid, car, 13.40641870952788, -7.120454708735152, -3.544503064382644, 0.6863602995872498,60.36601917257808
000245.pid, car, 13.284681807173062, -7.29004799051488, -3.5950112292107117, 0.7725816369056702,-122.21575624406424
000245.pid, car, 13.655804261928655, -6.878574068953353, -3.55048005173846, 0.33253443241119385,-109.12862075757451
000246.pid, car, 13.15289488705722, -7.33511275594885, -3.5342454205859792, 0.8072648048400879,-122.44684167121483
000246.pid, car, 13.19971908667149, -10.762577497042145, -3.538011911587837, 0.32519927620887756,-85.00138712468666
000247.pid, car, 13.224626610918746, -7.489092280225059, -3.6050114224596723, 0.749130368232727,-122.58890306619108
000248.pid, person, 12.954544792175298, -22.15748123168946, -3.5282536125183106, 0.3151865303516388,-112.64786600785945
000248.pid, car, 12.985384193626611, -7.7730829651291335, -3.543913564166507, 0.7024105191230774,-123.68837213779358
000249.pid, person, 12.93888413906098, -22.130012671152755, -3.5391439398129787, 0.31691962480545044,90.4376473488856
000249.pid, car, 13.036562465486075, -7.681523675010322, -3.6474936576116654, 0.7236430644989014,-123.21342949706516
000249.pid, car, 13.034775609555455, -11.964820073998492, -3.62674693957619, 0.30827462673187256,-84.46584987382471
000250.pid, person, 12.937136014302574, -22.088156620661422, -3.50691556930542, 0.3616110384464264,87.66887800967268
000250.pid, car, 12.675138963235394, -8.042482530748526, -3.601085804604195, 0.6589550971984863,-122.67990060362527
000251.pid, person, 12.901678860187538, -22.06573712825776, -3.6008749306201935, 0.3224495053291321,37.5755183497968
000251.pid, car, 12.469869788487754, -8.465742031733196, -3.3908889214197795, 0.6935164928436279,-124.89484520097147
000252.pid, car, 12.175507934726017, -8.766802476376906, -3.365930649698997, 0.6843856573104858,-127.70281271762926
000252.pid, car, 12.52709358079093, -15.138343061719624, -3.5439526694161545, 0.4698414206504822,93.2701259403583
000253.pid, car, 11.905353770536538, -8.73078158322503, -3.4069318701239193, 0.7925233244895935,-130.10204036095743
000253.pid, car, 12.304019246782577, -13.869500991276334, -3.481625243595668, 0.4541805386543274,-79.36025116797245
000254.pid, person, 3.6124790906906186, -12.28136188333685, -3.552540584044023, 0.3151739239692688,90.53322868285542
000254.pid, car, 11.614192273881704, -8.83178129461077, -3.654258383644952, 0.8020216226577759,-136.76713101367727
000254.pid, car, 12.517181031844197, -14.062724071390491, -3.705983589677249, 0.30217093229293823,-80.50754998299138
000255.pid, person, 3.673283262252815, -11.641138362884522, -3.4947376632690426, 0.4344981908798218,-84.01058793528233
000255.pid, car, 11.175299294789635, -8.99391078948975, -3.6183698177337646, 0.7808488607406616,-130.21535280774708
000255.pid, car, 11.101187782287603, -13.632448215484622, -3.6358454895019525, 0.3050585389137268,-72.45923791188989
000256.pid, person, 3.6912794208526685, -11.241625995635989, -3.4866109657287594, 0.4086199998855591,-84.27186069711857
000256.pid, car, 10.667958683437776, -9.0752422368085, -3.547738137068572, 0.848034679889679,-124.37315172612256
000256.pid, car, 7.745860338211063, -8.541724185148878, -3.867633759975433, 0.3863241970539093,96.56404952052773
000256.pid, car, 10.44199964274531, -10.668705670729928, -3.4717359024545416, 0.36387795209884644,-73.44981596677763
000257.pid, person, 3.738261875898946, -12.073181691377062, -3.502219283062478, 0.5718664526939392,89.00023815184147
000257.pid, car, 10.370535695875017, -9.508592863340638, -3.7746015239406274, 0.8528672456741333,-126.71716486639085
000257.pid, car, 7.335650825500495, -5.5113353093465225, -4.227033138275146, 0.3776257336139679,96.78380906546334
000257.pid, car, 10.718292122795471, -11.437512920016335, -3.752762141681852, 0.3374934196472168,-72.62455971746104
000258.pid, car, 10.352040206684789, -9.476711048799405, -3.8103811881121477, 0.8169561624526978,-111.75183096792298
000258.pid, car, 12.687098715040424, -20.49030982123481, -3.6368803448147227, 0.3810487389564514,98.35382425187623
000259.pid, person, 3.820447701674247, -11.104960276530338, -3.5347690582275386, 0.3657066524028778,-85.72346004683786
000259.pid, person, 12.862688498063527, -21.77123026414351, -3.5606895901940088, 0.3495844900608063,-44.255063945208164
000259.pid, car, 9.752950653433803, -9.673318505287174, -3.8944694101810455, 0.8191680908203125,-137.71542057467403
000259.pid, car, 7.034315999348963, -6.608739058176679, -4.131106297175089, 0.3076821565628052,94.74453629086324
000260.pid, person, 12.84484407636855, -21.754574351840553, -3.5701161887910637, 0.4863714575767517,115.94689614160481
000260.pid, car, 9.242505348645727, -9.789757691896883, -3.8864159125548148, 0.8057003617286682,-132.93162996100708
000260.pid, car, 6.986244678497321, -6.3002657095591275, -4.142160296440124, 0.36364126205444336,94.38322398434194
000261.pid, person, 12.801859905845246, -21.70127828497636, -3.4910677734174227, 0.5565364360809326,-32.56977642438148
000261.pid, person, 3.7236079076925983, -11.822103440761568, -3.491472790638605, 0.3028482496738434,-84.78453008084026
000261.pid, car, 8.22354886266921, -10.310106701321079, -3.6348423030641346, 0.7261017560958862,33.80878495461691
000261.pid, car, 7.099692908200356, -7.7627473527734985, -3.962004889141429, 0.34384825825691223,94.56925047558703
000262.pid, person, 12.826441383361821, -21.659862327575688, -3.5763288140296936, 0.4041041135787964,134.6293670780491
000262.pid, person, 3.757073195084288, -11.618914852971619, -3.5029844615770416, 0.3663536608219147,88.80422425683876
000262.pid, car, 8.06652785885719, -10.520378666539349, -3.757412995061567, 0.8334246873855591,-141.72095178019583
000262.pid, car, 6.662975609302527, -6.646491914987569, -4.0676229894161215, 0.339491605758667,93.08725730371391
000263.pid, person, 12.812442129308533, -21.617010116577152, -3.5955366763201626, 0.40824300050735474,-103.73664316999015
000263.pid, car, 8.043705976926372, -10.270482796889091, -3.735455586360051, 0.6711965203285217,-133.05252900349817
000263.pid, car, 6.679295747176465, -6.949801735256032, -3.909583423448645, 0.3192472755908966,92.88083637902504
000264.pid, person, 12.765192372458328, -21.556276457650323, -3.5911973544529507, 0.4917009472846985,27.59919879973265
000264.pid, car, 7.4248110126046605, -10.251025424284094, -3.786610953948077, 0.8908141255378723,-116.3964551017742
000264.pid, car, 6.451336947354405, -8.90008607344194, -3.5405645587227563, 0.4277535080909729,91.40823407736475
000265.pid, person, 12.803734355502668, -21.544709311591262, -3.5644728210237293, 0.4576933979988098,-111.7137967323439
000265.pid, car, 7.315067699977338, -10.321068445841478, -3.9347401005881175, 0.8687375783920288,77.72610188438018
000265.pid, car, 6.276941659715444, -8.169305923249986, -3.5223297913869214, 0.3849633038043976,91.11140079240717
000266.pid, person, 12.79027342796326, -21.47753477096558, -3.521523094177246, 0.4355091452598572,-108.83932442690573
000266.pid, car, 6.751101970672614, -10.350162722847683, -4.083433443849737, 0.8634164333343506,-109.65640452901243
000266.pid, car, 6.216287815209595, -8.164509498711789, -3.6755180864623096, 0.4110736846923828,91.04946710401403
000267.pid, person, 12.777368433335255, -21.431922463809748, -3.5912290741415585, 0.35554826259613037,66.60376301091071
000267.pid, car, 4.621503382921223, -10.966268390417099, -3.7613056401411686, 0.36157694458961487,-90.46739428323059
000268.pid, car, 4.222925179713487, -10.440968642363678, -3.6142556860640243, 0.4216468334197998,-89.14715152187554
000269.pid, car, 4.101408189342875, -11.339472293853762, -3.5850947133956406, 0.36429286003112793,-89.36384398050834
000271.pid, car, 3.4884731500379553, -11.637747287750246, -3.8079191638577368, 0.34291720390319824,-85.87472330841169
000273.pid, person, 12.640169843037931, -21.13354568481446, -3.5399827957153325, 0.3842434585094452,-26.280603251591835
000274.pid, person, 12.655779587595092, -21.075190092387956, -3.5237709723020854, 0.366026908159256,-171.2861545358329
000274.pid, car, 4.847484505176547, -6.58830455541611, -3.880444419384002, 0.39117467403411865,-2.378012321164766
000275.pid, person, 12.638401884781693, -21.04183839496814, -3.6398503152947685, 0.3342594504356384,-114.66750716318901
000276.pid, person, 12.601788520812994, -20.943064190092546, -3.5341064362298873, 0.5091374516487122,-89.15974129875218
000277.pid, person, 12.609639043393349, -20.907094789587937, -3.555289351421854, 0.6279237866401672,-89.02301641854302
000278.pid, person, 12.583119465754589, -20.912655903742866, -3.691431375650259, 0.564424991607666,67.11335021437584
000279.pid, person, 12.580226353236613, -20.80308028629849, -3.5872508287429814, 0.7407131195068359,-130.8992667364853
000280.pid, person, 12.561990601675857, -20.708816937037884, -3.5219458682196483, 0.5722416639328003,-0.7744490069010563
000281.pid, person, 12.556277188387787, -20.682264154607605, -3.562665332447399, 0.46317026019096375,167.3887833916083
000282.pid, person, 12.535659207238098, -20.645162794325092, -3.5032910505930586, 0.49831709265708923,171.3882239635223
000283.pid, person, 12.518286959330247, -20.623550669352216, -3.458256928126018, 0.38613924384117126,147.84004020328493
000285.pid, person, 12.400653157915395, -20.536621502467572, -3.595931274550302, 0.5912511944770813,156.35356162096994
000286.pid, person, 12.333563168843595, -20.4867727915446, -3.497411823272705, 0.38175952434539795,165.44654155677054
000287.pid, person, 12.309467434883125, -20.468645811080936, -3.5229437500238423, 0.4449272155761719,168.86162365193906
000288.pid, person, 12.272923405965177, -20.43006718953451, -3.4459357420603434, 0.44940146803855896,166.0951074876494
000289.pid, person, 12.212105530958919, -20.341798488910392, -3.4394263304196877, 0.4133545756340027,154.6926758444403
000290.pid, person, 12.235389777592259, -20.28821073259627, -3.4850790500640874, 0.5712995529174805,161.83463405985066
000292.pid, person, 12.17310013089862, -20.19315392630441, -3.462523783956255, 0.3197978436946869,155.47327252066125
000293.pid, person, 12.156462097167973, -20.146270624796557, -3.4731400489807127, 0.33421701192855835,172.6999257628585
000294.pid, person, 12.125693766276049, -20.118880462646487, -3.4298365910847983, 0.4589158892631531,156.96502361498682
000297.pid, car, 5.716225296258933, -3.7915942668914817, -4.389217674732207, 0.31134915351867676,88.18387042935925
000298.pid, person, 11.93511229753495, -19.995955586433418, -3.4746259897947316, 0.6490439176559448,153.13930298849766
000299.pid, person, 11.918929100036628, -19.95234005267804, -3.504808095785288, 0.671001136302948,172.91889357647543
000300.pid, person, 11.8377400080363, -19.903085199991867, -3.512589359283447, 0.6929160952568054,166.97883866425872
000301.pid, person, 11.843907628740592, -19.8952351978847, -3.466781258583069, 0.37940019369125366,176.27740826310122
000310.pid, person, 11.48272734421951, -19.541730734018184, -3.5321746972891, 0.5451403260231018,104.33096684846736
000311.pid, person, 11.408090759726138, -19.412309310015516, -3.563981897690717, 0.4348771572113037,108.22506417812188
000312.pid, person, 11.380728022257495, -19.38749440511069, -3.563710673650106, 0.4837426245212555,124.25082679784677
000312.pid, car, 5.664391851425178, -4.3296569585800215, -4.281910288333892, 0.30066293478012085,87.59572791693954
000313.pid, person, 11.388042926788339, -19.336502393086757, -3.5887889663378396, 0.31198787689208984,115.62534586976855
000313.pid, car, 5.693784922361381, -4.509388655424121, -4.283391132950782, 0.35367363691329956,88.38502089811786
000314.pid, car, 5.69050398468972, -4.582033365964889, -4.287168651819228, 0.3126699924468994,88.06941169741475
000315.pid, car, 5.681605619542746, -3.8901414871215856, -4.315977433148551, 0.32753607630729675,88.18145805093944
000316.pid, car, 5.672352658377758, -4.736773941251971, -4.248912745051913, 0.311883807182312,87.50859271995797
000318.pid, person, 11.208279976477996, -19.057772856492267, -3.5634100070366492, 0.3216117024421692,112.65738359117661
000319.pid, person, 11.122635602951059, -18.985345363616947, -3.5676688849926, 0.39181995391845703,127.90158632414037
000320.pid, person, 11.10692860529974, -18.975713729858402, -3.561592413828923, 0.31771034002304077,149.8150593870402
000327.pid, person, 10.958037503560389, -18.631313832600917, -3.540637906392415, 0.3078741431236267,-14.850549219341861
000328.pid, person, 10.962169329325365, -18.59102452596029, -3.557076009114583, 0.3217174708843231,-22.593958812328964
000330.pid, person, 10.956653799329493, -18.551179340907513, -3.502414873668126, 0.41092684864997864,147.27599859936015
000331.pid, person, 10.997896138359524, -18.452496360330024, -3.5049921204062073, 0.33879831433296204,149.39418047394855
000332.pid, person, 10.979120953877775, -18.42916107177735, -3.5265382289886475, 0.5533034205436707,137.88786445879495
000332.pid, car, 5.7254660924275775, -4.1642480426364505, -4.35061220328013, 0.3036312758922577,88.46800510472877
000333.pid, person, 10.964146834153402, -18.399830011221084, -3.495782888852633, 0.608784556388855,155.1530311266813
000334.pid, person, 11.00168909345355, -18.346053804670067, -3.502585700580052, 0.3343038260936737,150.07714558523017
000334.pid, car, 5.796753466129308, -3.979472845792772, -4.435663461685181, 0.3850863575935364,88.72897729058667
000335.pid, person, 11.020877031179584, -18.343382028433, -3.544758466573862, 0.517545759677887,141.61341495983788
000335.pid, car, 5.878033685684213, -2.1921203136444105, -4.544129133224486, 0.3275526463985443,88.40459912761402
000336.pid, person, 11.035783547621516, -18.302215429452755, -3.5113362715794496, 0.47097715735435486,144.26427630094958
000336.pid, car, 5.869782044337354, -3.448069389049828, -4.513868735386774, 0.3530435264110565,88.44681567305977
000337.pid, person, 11.044005320622377, -18.23765681340145, -3.4787383996523342, 0.5857998132705688,155.91398180375103
000337.pid, car, 5.956658363342291, -3.245364983876549, -4.5453147888183585, 0.3526550233364105,88.7126005475593
000338.pid, person, 11.123171746730812, -18.174362540245063, -3.479686915874481, 0.6520301699638367,149.09057524058778
000338.pid, car, 5.868607418877743, -3.6078822272164506, -4.44551386151995, 0.32517799735069275,89.4852351136565
000339.pid, person, 11.131241607666023, -18.139849853515628, -3.48310136795044, 0.6549347043037415,153.3564287198212
000340.pid, person, 11.149274126688645, -18.09407717386882, -3.4752463340759276, 0.6926628351211548,151.08722843556487
000341.pid, person, 11.139770030975347, -18.03250420093537, -3.4822406470775604, 0.7043654322624207,-121.21561102539627
000342.pid, person, 11.17084587944879, -17.961597866482208, -3.4843263626098633, 0.726140558719635,-113.66438013266253
000342.pid, car, 5.9317380587259985, -3.3639340400695823, -4.578818281491596, 0.3050827383995056,88.78343642671196
000343.pid, person, 11.136619377136238, -17.952268600463874, -3.4645686467488606, 0.6805276870727539,167.24765476356586
000344.pid, person, 11.201444962445432, -17.816390766816987, -3.463017323437859, 0.6033507585525513,64.60008464466522
000345.pid, person, 11.166569762759742, -17.76933606465658, -3.448629299799601, 0.6640551686286926,35.077798774497104
000346.pid, person, 11.17192250490189, -17.71956527233124, -3.4471132308244705, 0.7229847311973572,-147.09404820439153
000347.pid, person, 11.165932454560936, -17.674139725534545, -3.447655200958252, 0.7169324159622192,-142.57487361629813
000347.pid, car, 5.9294407765070645, -3.380496819814049, -4.55930459499359, 0.30607637763023376,89.69096775005207
000348.pid, person, 11.191195487976081, -17.61895516339471, -3.4439771736369416, 0.7815543413162231,32.71524954805883
000348.pid, car, 6.019995927810676, -3.443988482157394, -4.555038491884866, 0.3564557135105133,89.28824676772676
000349.pid, person, 11.181917720370826, -17.551018079121913, -3.4468250672022505, 0.7792432308197021,-136.51415359971824
000349.pid, car, 5.944699157368057, -4.111353050578725, -4.516705426302822, 0.3435889184474945,89.97066759359384
000350.pid, person, 11.229671309976023, -17.45224436591654, -3.4249400391298184, 0.714077353477478,-133.71488687800272
000350.pid, car, 5.980994481306815, -3.743899455437297, -4.546019187340369, 0.3686734735965729,90.0610930308284
000351.pid, person, 11.24414017995199, -17.407047017415373, -3.419416999816895, 0.5102640390396118,32.91930235426539
000352.pid, person, 11.263763248920448, -17.29141294956208, -3.372368916869164, 0.5498952269554138,-160.39697270505062
000353.pid, person, 11.261926054954534, -17.249705314636238, -3.4150919318199158, 0.5658290982246399,-117.07892654987751
000354.pid, person, 11.236924098088197, -17.177150139441867, -3.418826414988591, 0.546359658241272,35.79442952394232
000356.pid, person, 11.254690647125251, -16.983830332756046, -3.496916890144348, 0.4230838119983673,64.30588493610004
000357.pid, person, 11.248769078935904, -16.953305925641747, -3.5205250126974925, 0.6113466024398804,71.08376770835926
000358.pid, person, 11.221301225515521, -16.93404021629921, -3.477969884872437, 0.690315842628479,68.05366873581362
000359.pid, person, 11.224636895315994, -16.862620217459547, -3.4494965927941466, 0.6778499484062195,58.96233569775827
000360.pid, person, 11.212778772626612, -16.757781846182695, -3.563568506922041, 0.6919874548912048,-121.7303827157942
000361.pid, person, 11.217482439676928, -16.6648058573405, -3.48003724416097, 0.7007737755775452,-115.5729309986454
000362.pid, person, 11.22118218739828, -16.619785054524744, -3.5394082705179857, 0.6933535933494568,-98.89841809724007
000363.pid, person, 11.226431113023033, -16.538951286902805, -3.538827877778274, 0.6979410648345947,-59.448111975461025
000363.pid, bicycle, 6.128213087717701, -9.241917292277028, -4.221631844838461, 0.30359938740730286,-134.53138169761047
000364.pid, person, 11.214048092181875, -16.48663021967962, -3.560344072488638, 0.7583289742469788,-106.70431602605387
000365.pid, person, 6.158787727355964, -9.170064290364591, -4.206270535786947, 0.8148126006126404,41.87517821933022
000365.pid, person, 11.186821256365103, -16.44782311575754, -3.522939528737749, 0.7297767996788025,122.90189835471061
000366.pid, person, 6.12156216303508, -9.265742301940923, -4.225733280181885, 0.7589057087898254,-123.71129679719002
000366.pid, person, 11.169761021931976, -16.38464533487956, -3.5112794717152918, 0.7460716962814331,113.37461310921525
000367.pid, person, 11.127156130472827, -16.323513031005866, -3.593468364079793, 0.731052577495575,139.94495626982726
000367.pid, person, 6.153820196787521, -9.36992009480795, -4.226772785186768, 0.4265631437301636,-107.0928968723459
000368.pid, person, 11.084448754787452, -16.2600349187851, -3.553662464022637, 0.7990550994873047,-39.25998907489225
000368.pid, person, 6.2014929056167665, -9.451674938201911, -4.221450209617615, 0.4942483901977539,-83.96447246344255
000369.pid, person, 11.071488043841198, -16.175156986012183, -3.5906363795785343, 0.7773928642272949,-26.2647178614813
000369.pid, person, 6.163347721099862, -9.517442512512217, -4.238271808624269, 0.3621208071708679,-93.75411542225663
000370.pid, person, 11.04556860242572, -16.096023150852755, -3.6083078384399414, 0.8126814961433411,-153.38120320978777
000371.pid, person, 11.086247622966772, -16.039436161518104, -3.608795776963234, 0.8010871410369873,-160.06454948602305
000371.pid, person, 6.242177009582527, -9.582272529602061, -4.222704887390137, 0.6630340218544006,-84.02893439752563
000372.pid, person, 11.081833712259936, -16.00792032877605, -3.5900293350219727, 0.8067626357078552,-122.21640919508829
000373.pid, person, 11.029306352138525, -15.92427724599839, -3.6246062815189366, 0.7847124934196472,-145.5528458512515
000373.pid, person, 6.185131390889495, -9.821350415547696, -4.261132399241131, 0.7594015002250671,101.30894571664878
000374.pid, person, 11.033249686746043, -15.875050825231222, -3.6112276806550874, 0.8044859766960144,-134.48166276789667
000375.pid, person, 11.04724299907685, -15.755526602268226, -3.5494760423898697, 0.8117937445640564,177.0174774653443
000376.pid, person, 11.012636884053558, -15.71505031585694, -3.6096463203430176, 0.8295801877975464,137.57968235334465
000377.pid, person, 11.022023986367625, -15.673913675196037, -3.5860851792728203, 0.8395041227340698,128.67731456998365
000377.pid, person, 6.115398248036709, -10.039460500081391, -4.300881862640381, 0.7220003008842468,-71.00713479898934
000378.pid, person, 10.99173893648036, -15.602529189165907, -3.6608777607188507, 0.7400416731834412,138.54526200753745
000379.pid, person, 10.966009889330191, -15.537088871002206, -3.6671849148614073, 0.7934728264808655,-29.726231399942023
000380.pid, person, 10.980035708500797, -15.478838773874145, -3.700242354319646, 0.7343116998672485,132.1532033508991
000381.pid, person, 10.93261666731402, -15.347451643510306, -3.633841731331565, 0.8411051034927368,-166.450527736254
000381.pid, person, 6.062135696411143, -10.23909600575766, -4.334074815114339, 0.7702705264091492,83.37715751385944
000382.pid, person, 10.921606472560345, -15.308312756674638, -3.5877734082085744, 0.8244739770889282,-116.20251347928001
000382.pid, person, 6.179685831069953, -10.359349489212045, -4.313017845153809, 0.8113833069801331,113.23827960045557
000383.pid, person, 10.914993422372008, -15.22589131764004, -3.558056507791792, 0.8589928150177002,-113.76097828662998
000383.pid, person, 6.115589046478279, -10.431315040588387, -4.337228298187256, 0.7969056367874146,74.36914006398042
000384.pid, person, 10.896996634347104, -15.17706571306502, -3.600748130253383, 0.8449335098266602,-126.32391721279333
000384.pid, person, 6.1424504518509, -10.475599050521861, -4.3339544534683245, 0.7886042594909668,62.12434476787781
000385.pid, person, 10.880003316061844, -15.101750510079528, -3.5501817635127475, 0.8354827165603638,56.26760164958017
000385.pid, person, 6.110612256186357, -10.567419597080784, -4.35111141204834, 0.7728763818740845,83.52777337191647
000386.pid, person, 10.849905747633724, -15.019640922546396, -3.56596932044396, 0.8137492537498474,30.44178037518232
000386.pid, person, 6.1377493858337475, -10.620479202270516, -4.34858455657959, 0.6307950615882874,83.62089990440704
000387.pid, person, 10.857701388272382, -14.964869499206554, -3.541784156452526, 0.7908788323402405,69.63394654112278
000387.pid, person, 6.193807874407095, -10.622193745204388, -4.333385126931327, 0.7041069865226746,-107.69614521784388
000388.pid, person, 10.859116727655593, -14.889388951388282, -3.5281950560483066, 0.7999688982963562,62.1471569264113
000388.pid, person, 6.211763245718827, -10.688328334263405, -4.33454840523856, 0.49098876118659973,-92.17915585516133
000389.pid, person, 10.830955652090228, -14.823868017930257, -3.5931564661172724, 0.7739182710647583,80.21497483535535
000389.pid, person, 6.233705929347456, -10.747234480721618, -4.333950860159738, 0.6081608533859253,-107.81620929821165
000389.pid, car, 6.082890484068135, -6.798492590586347, -3.9894545210732346, 0.326088547706604,90.41529515578046
000390.pid, person, 10.820994290438573, -14.701321255077026, -3.513917272741145, 0.7768786549568176,77.95077153694865
000390.pid, person, 6.229321777820595, -10.856511712074292, -4.345112204551697, 0.36244654655456543,-100.34604315819868
000390.pid, car, 6.091079403372376, -6.634800153620106, -3.911754173391005, 0.33713725209236145,89.85817359958345
000391.pid, person, 10.74148359298707, -14.657541179656993, -3.5204943418502808, 0.7726138830184937,66.74495576974846
000391.pid, person, 6.285004207066133, -10.780873434884215, -4.323007856096541, 0.432870477437973,70.02635665148424
000392.pid, person, 10.725392580032358, -14.572657267252614, -3.509525696436565, 0.669091522693634,-126.24805901508574
000392.pid, person, 6.302314826420383, -10.851449693952295, -4.324735505240304, 0.4341152012348175,76.2604646961154
000393.pid, person, 10.681837876637786, -14.518935362497972, -3.5046345790227256, 0.7980429530143738,60.17070210083795
000393.pid, person, 6.292112636566169, -10.874513435363781, -4.32965259552002, 0.6317788362503052,97.6608171304133
000394.pid, person, 10.644004454979536, -14.469830219562246, -3.4972079900594863, 0.8327676653862,26.414087895792616
000394.pid, person, 6.305505116780605, -10.970568656921396, -4.3348008791605634, 0.7007354497909546,-84.41733359475754
000395.pid, person, 10.676393508911142, -14.372025394439708, -3.57785325050354, 0.8022614121437073,-146.72428816555248
000396.pid, person, 10.621691703796396, -14.298862218856817, -3.488959670066834, 0.7841234803199768,5.672387178450219
000397.pid, person, 10.62225564320883, -14.22899802525839, -3.4874667127927146, 0.7742120623588562,-132.39916788472672
000397.pid, person, 6.171264012654627, -11.316406885782888, -3.6083559989929213, 0.7451465725898743,1.4971011125096272
000398.pid, person, 10.586670981513139, -14.142209582858627, -3.476940208011203, 0.78561931848526,-144.1167547614178
000398.pid, person, 6.174283742904669, -11.381218433380138, -3.6247103214263916, 0.6847460865974426,0.18168060683191398
000399.pid, person, 10.581058242104278, -14.11803236874668, -3.46535400910811, 0.7884566783905029,179.3416329138544
000399.pid, person, 6.1141280174255455, -11.45158348083497, -3.6340915679931642, 0.7147071361541748,7.800217678519083
000400.pid, person, 10.49514190967267, -14.02852593935454, -3.4675815839033866, 0.8169525861740112,-150.70501994029658
000400.pid, person, 6.094239155451464, -11.504826068878186, -3.644658923149109, 0.7915135025978088,-162.63626769046112
000401.pid, person, 6.161989007677358, -11.574463980538516, -3.873500789914812, 0.7735486626625061,-4.861941743519678
000401.pid, person, 10.492044969038535, -13.986689394170599, -3.4586916620081127, 0.7668583989143372,-159.2121741536402
000401.pid, car, 6.089812335968024, -8.43405055999756, -3.844629688262939, 0.30184224247932434,89.9572048472688
000402.pid, person, 6.157704734802254, -11.633069229125988, -3.818114757537842, 0.7240976691246033,-4.824969353252957
000402.pid, person, 10.42153297771108, -13.930611263621948, -3.453420552340421, 0.6693512201309204,-161.70902771481016
000403.pid, person, 6.159829807281502, -11.674005317687998, -3.9574595928192147, 0.7476813793182373,2.513315345580419
000403.pid, person, 10.3667929172516, -13.894954601923635, -3.4536359906196594, 0.7078739404678345,15.707283791121133
000404.pid, person, 6.14789843559266, -11.706515669822704, -3.9449514448642735, 0.7296992540359497,-7.650121896595955
000404.pid, person, 10.418640136718759, -13.812229009775022, -3.4441105219034047, 0.7232577204704285,-143.81043357746466
000404.pid, car, 6.060487875571623, -7.990932354560267, -3.91706986610706, 0.31270831823349,90.12605200814757
000405.pid, person, 10.356854375203456, -13.762866910298673, -3.5124313831329346, 0.6767812967300415,-147.17656700947137
000405.pid, person, 6.194097995758065, -11.735663652420056, -4.036467909812928, 0.6420713663101196,172.2874050102208
000405.pid, car, 6.074529705047612, -8.54123790740967, -3.8767783260345454, 0.30322813987731934,90.29975692313876
000406.pid, person, 10.338803631918779, -13.697788306644993, -3.430402789797102, 0.7693133354187012,-173.3498839211433
000406.pid, person, 6.379348158836371, -11.808434486389169, -4.389839053153992, 0.5862562656402588,83.26116784381504
000406.pid, car, 6.071274452209476, -8.611476688385013, -3.8803295516967764, 0.3624161183834076,89.93203223341618
000407.pid, person, 10.351287988516008, -13.63723351405218, -3.4273732625521154, 0.703709602355957,-152.23369855260137
000407.pid, person, 6.334657669067391, -11.845775032043466, -4.253655958175659, 0.4366477131843567,161.62762418663488
000408.pid, person, 10.353499846024956, -13.585839705033747, -3.427705027840354, 0.6910154819488525,-154.13808793609826
000408.pid, person, 6.155941804250089, -11.827472686767587, -4.021939012739394, 0.5234587788581848,51.94482580272948
000409.pid, person, 10.33638660724347, -13.497262074397169, -3.4144486097189097, 0.7522112727165222,-141.97553212384085
000409.pid, person, 6.164700508117684, -11.860825114780013, -4.027647177378337, 0.6592555046081543,60.093236190560425
000409.pid, car, 6.112424318607041, -8.909627098303575, -3.942789637125455, 0.3733910620212555,89.81037867827095
000410.pid, person, 10.320893033345548, -13.441101773579923, -3.402117411295573, 0.7424303293228149,-155.9777619489184
000410.pid, person, 6.206570744514473, -11.770400126775115, -4.059990882873535, 0.6467203497886658,68.53577331434629
000410.pid, car, 6.065088653564459, -8.808666515350343, -3.9754485225677483, 0.3397872745990753,90.24831289882246
000411.pid, person, 10.300644874572761, -13.355287969112403, -3.3824668675661087, 0.8085490465164185,-165.21680753446574
000411.pid, person, 6.096663747515005, -12.070055689130523, -3.951181411743164, 0.7549052238464355,7.342510924307212
000412.pid, person, 10.288282775878912, -13.277025222778327, -3.3751354694366453, 0.6942958831787109,-166.29926634999904
000412.pid, person, 4.906659245491036, -14.281389236450206, -3.973290771245957, 0.6277477741241455,-111.36132049899899
000413.pid, person, 10.244350569588804, -13.238739762987418, -3.3805116585322788, 0.5849915742874146,-162.88893495781986
000413.pid, person, 4.864099979400642, -14.34566879272462, -3.8132373988628387, 0.5773937702178955,-110.87642768786608
000414.pid, person, 10.19368787912223, -13.203188749460082, -3.386762068821834, 0.7572073936462402,179.72795635436202
000414.pid, person, 5.018137761524754, -14.076048442295631, -3.8185557637895866, 0.3810035288333893,-110.95686535165538
000415.pid, person, 10.205105917794368, -13.119044916970397, -3.3749949080603465, 0.7892004251480103,-152.62276945052878
000415.pid, person, 5.006197452545174, -14.139166014535101, -3.8330097879682263, 0.45313385128974915,-111.35743041729364
000416.pid, person, 10.15113487243653, -13.120398807525643, -3.3877376556396483, 0.718328058719635,174.989347777044
000416.pid, person, 4.270706295967111, -15.492588520050056, -3.840907663106919, 0.419212281703949,61.578635797521045
000417.pid, person, 10.181845426559457, -13.013995091120409, -3.3674833973248806, 0.7370939254760742,-161.36791376384664
000417.pid, person, 4.703176157815124, -14.740787506103525, -3.935394525527954, 0.5449017882347107,61.6694019366915
000418.pid, person, 10.206344763437913, -12.93304689725241, -3.3678712248802185, 0.7509738802909851,24.113079297456967
000418.pid, person, 4.516417066256214, -15.119455814361586, -4.054839650789897, 0.714566171169281,60.663081296234054
000419.pid, person, 4.578026145696649, -14.99165678024293, -3.84472280740738, 0.6218077540397644,61.201654764946426
000419.pid, person, 10.24201464653016, -12.854529698689788, -3.3465859889984135, 0.6108934283256531,178.56848768168373
000420.pid, person, 4.658532449177342, -14.882952690124524, -3.8689905575343544, 0.6408758759498596,60.79834860565878
000420.pid, person, 10.186183636005115, -12.782730029179508, -3.327455667349009, 0.49716463685035706,-163.29049197622456
000421.pid, person, 10.181769609451301, -12.710418860117604, -3.3250845273335776, 0.7074562907218933,177.6281351046762
000422.pid, person, 10.161257880074645, -12.674460411071786, -3.3305294684001376, 0.7127824425697327,8.695010874396612
000422.pid, person, 4.97368319829306, -14.452361530727822, -3.8989364306132006, 0.5485841035842896,-114.38794989699085
000423.pid, person, 10.176721832968981, -12.58663914420389, -3.3249218030409384, 0.7146403789520264,158.9625800601356
000423.pid, person, 5.002364669527334, -14.501421792166584, -3.923964023590088, 0.6496661901473999,-115.04320484220096
000424.pid, person, 10.11497592926026, -12.507798767089854, -3.3254330158233643, 0.7113407254219055,159.9465621464695
000424.pid, person, 4.517940044403084, -15.308537642161063, -3.8746751149495444, 0.6456524729728699,58.881516714108294
000425.pid, person, 10.069596290588386, -12.44639387997715, -3.3350468548861416, 0.3463621735572815,2.644873527614405
000425.pid, person, 5.166923427581797, -14.282903289794934, -3.9051520347595208, 0.3377138376235962,-115.06521658171434
000426.pid, person, 10.05956901203503, -12.396746375344025, -3.3311336907473486, 0.5406336784362793,26.730371816566397
000426.pid, person, 3.860292752583829, -16.393950144449878, -3.797559976577759, 0.3014015853404999,83.8312843154834
000427.pid, person, 10.04237547787754, -12.309513438831685, -3.3213225711475727, 0.6499899625778198,132.57936520929024
000427.pid, person, 3.6889558633168615, -16.663451512654632, -3.8548222382863364, 0.3243847191333771,-118.62884143648972
000428.pid, person, 10.016818740151153, -12.248306447809403, -3.317733504555443, 0.7665568590164185,2.6216927911674732
000429.pid, person, 10.070946407318123, -12.180933475494395, -3.3031760692596444, 0.751735270023346,85.24709334269863
000430.pid, person, 10.097760547291154, -12.120835564353255, -3.3082148378545595, 0.6391815543174744,-117.5477750956463
000431.pid, person, 10.054581737518317, -12.034080791473402, -3.31665198802948, 0.6348544955253601,-137.7364997818097
000432.pid, person, 10.055811119079596, -11.979964351654061, -3.3183457612991334, 0.7176864743232727,-131.99651732451878
000433.pid, person, 10.044912974039722, -11.949739668104392, -3.343561198976305, 0.713397204875946,-144.89134247331538
000434.pid, person, 10.000905036926278, -11.813371539115916, -3.52473196387291, 0.6529269218444824,-121.50947683907043
000435.pid, person, 10.01200532913209, -11.773464838663749, -3.3903317848841343, 0.6342531442642212,-128.7193289113487
000436.pid, person, 9.937276840209966, -11.697604588099901, -3.5495993069240024, 0.7042827606201172,-127.12650315976313
000437.pid, person, 9.926794242858893, -11.64007396697999, -3.6046721458435065, 0.6619648337364197,-133.62503719971903
000438.pid, person, 9.942957687377938, -11.623600959777843, -3.3948835849761965, 0.7384636402130127,-132.32764675787638
000439.pid, person, 9.939428170522062, -11.487055778503427, -3.553691029548645, 0.6768045425415039,-114.52938919920447
000439.pid, person, 6.1512286398145966, -13.714047643873437, -3.560355716281467, 0.37687617540359497,-106.51192798661131
000440.pid, person, 9.925324916839608, -11.453672885894788, -3.3830851713816337, 0.5544239282608032,-135.7495801757839
000440.pid, person, 6.0566993554433255, -14.012757778167733, -3.8828893899917603, 0.5276660323143005,63.72796439645578
000441.pid, person, 6.110717296600349, -13.951722553798145, -3.7582118851797923, 0.6909587383270264,64.40696387852722
000441.pid, person, 9.937561353047696, -11.359799861907968, -3.5418808857599893, 0.6677122712135315,-127.26639314106728
000442.pid, person, 9.92741661071778, -11.301104545593272, -3.367455768585206, 0.7807427644729614,-131.14891859808085
000442.pid, person, 6.083360777960893, -14.074881129794662, -3.89754139052497, 0.6805891990661621,65.12171121547973
000443.pid, person, 9.927445729573575, -11.208449681599944, -3.5299366712570195, 0.8080440759658813,-123.87977071882679
000443.pid, person, 6.045151789983123, -14.13463878631593, -3.9081006050109863, 0.5531454682350159,65.54820785099437
000444.pid, person, 9.900386969248462, -11.155066172281911, -3.3604875405629477, 0.5906657576560974,-129.87438010188117
000444.pid, person, 6.006356103079668, -14.184217589242127, -3.973385913031442, 0.5412400364875793,64.83379415345732
000444.pid, person, 6.109181563059498, -13.50751272837322, -3.00965682665507, 0.3577980101108551,-161.8351119292549
000445.pid, person, 9.840124766031908, -11.125042597452811, -3.546747605005901, 0.6875876784324646,44.17336428187353
000445.pid, person, 5.989352975572866, -14.164173943655843, -3.9673916612352644, 0.5944966673851013,60.97309862172736
000445.pid, person, 6.189671230316169, -13.556033706665051, -2.980512189865113, 0.36798095703125,-144.31918888784875
000446.pid, person, 5.863845825195321, -14.502368927001964, -4.379251837730408, 0.6475118398666382,65.58418144413105
000446.pid, person, 9.774928092956552, -11.042660168239058, -3.384319748197283, 0.6071606874465942,-141.76309658809868
000447.pid, person, 5.852399826049812, -14.503624098641543, -4.378365925380163, 0.6791489124298096,-111.83887556259953
000447.pid, person, 6.142026185989388, -13.688270727793387, -3.0130846897761026, 0.48531630635261536,-76.47896611653715
000447.pid, person, 9.790131568908697, -10.959134896596282, -3.3717685937881474, 0.3345144987106323,-131.60080369781898
000448.pid, person, 5.826646149158485, -14.554289340972915, -4.388821601867677, 0.6035390496253967,-113.60131940041819
000448.pid, person, 9.724182946341386, -10.918055261884428, -3.3860781192779545, 0.4879665672779083,-139.6923544437872
000448.pid, person, 6.121749798456835, -13.73906453450522, -3.022711237271627, 0.4093949794769287,66.11506035123433
000449.pid, person, 9.688488165537523, -10.882929007212331, -3.3925679127375292, 0.6871603727340698,-141.93138889904105
000449.pid, person, 5.813230574131019, -14.617710232734693, -4.403917849063873, 0.6418638825416565,-113.96324281804121
000450.pid, person, 9.624706677028117, -10.829620770045697, -3.405055284500122, 0.6888121366500854,-147.53760462463472
000450.pid, person, 5.910580158233651, -14.581341107686372, -4.404501914978028, 0.4566204845905304,169.06429372150092
000451.pid, person, 9.664482934134355, -10.724748611450204, -3.5341131687164307, 0.6133860945701599,-134.73132328350096
000451.pid, person, 6.5000136375427315, -13.954707527160656, -4.242352008819582, 0.4567250609397888,47.58350864534152
000452.pid, person, 9.648305075509215, -10.637489591326041, -3.5302094732012064, 0.6152417063713074,-136.29630660343489
000452.pid, person, 6.640691041946422, -13.738830327987683, -4.191606640815735, 0.4817855954170227,48.04150717953796
000452.pid, person, 6.1283318655831565, -14.011191231863851, -3.0668064185551236, 0.3139854371547699,-149.6126887937744
000453.pid, person, 9.59893158503942, -10.587850161961159, -3.3880481379372727, 0.6318615674972534,-141.89392882493982
000453.pid, person, 5.74213111400605, -14.749058961868297, -4.430740594863892, 0.5601207613945007,-6.541502894141695
000453.pid, person, 6.136643290519725, -14.073667287826549, -3.0742595791816716, 0.3079075813293457,-171.0750562785892
000454.pid, person, 6.923575719197597, -13.42173989613852, -4.119515895843506, 0.5875820517539978,49.29304050217862
000454.pid, person, 9.654730796813972, -10.486352920532235, -3.362200975418091, 0.5819854736328125,-127.32341718526129
000454.pid, person, 6.105599800745654, -14.149353981018075, -3.2881891330083213, 0.3591495752334595,168.44319394586032
000455.pid, person, 6.717735714382603, -13.527307722303611, -3.746395084593031, 0.5669973492622375,48.90250862741585
000455.pid, person, 9.644988632202155, -10.435687255859381, -3.5720385551452645, 0.5042197704315186,-126.46003330735974
000455.pid, person, 6.010105450948088, -14.218823750813812, -3.4978168010711688, 0.34612587094306946,-162.81261177006004
000456.pid, person, 7.772865772247323, -12.402399301528941, -3.2801100015640263, 0.6237320303916931,50.32729575156567
000456.pid, person, 9.639749908447273, -10.340860557556159, -3.351696729660034, 0.5312503576278687,54.01656238994952
000456.pid, person, 6.016076469421392, -14.276743125915539, -3.5947078704833992, 0.3430197238922119,-146.21479810201436
000457.pid, person, 7.432746410369881, -12.749018260410866, -3.6151915958949496, 0.6027396321296692,49.553039336804765
000457.pid, person, 9.658000946044929, -10.208480834960945, -3.3331205844879155, 0.39928221702575684,62.92147906122737
000458.pid, person, 5.962059089115695, -14.533883639744362, -3.8600215230669304, 0.7185677886009216,-134.57367088692527
000458.pid, person, 9.524470170338956, -10.228902339935315, -3.372694253921509, 0.581354022026062,-133.4721352555958
000458.pid, person, 6.0648717880249094, -14.350438435872407, -3.1159114837646484, 0.3540426790714264,-139.84565452394077
000459.pid, person, 5.955794143676767, -14.519861221313487, -3.8908928394317632, 0.5463554859161377,26.8569560536326
000459.pid, person, 9.50764226913453, -10.130143483479829, -3.3673861424128213, 0.5275564789772034,49.666840241195395
000460.pid, person, 6.05009365081788, -14.48414821624757, -3.139447069168091, 0.44776225090026855,157.06672171495393
000460.pid, person, 9.485801124572763, -10.08396129608155, -3.368842220306397, 0.41502442955970764,51.72932242152155
000460.pid, person, 5.873188495635997, -14.535068273544324, -4.388686895370483, 0.3691820204257965,55.27951491092058
000461.pid, person, 5.97850966453553, -14.546933412551892, -3.7715297639369973, 0.7420450448989868,-149.59364104377514
000461.pid, person, 5.9291170438130765, -14.497502326965341, -3.1326468785603847, 0.5082557797431946,-119.11324583942354
000461.pid, person, 9.471394062042243, -9.972749551137296, -3.434640566507976, 0.4807516038417816,-114.94525677179976
000462.pid, person, 9.416402626037605, -9.969790649414069, -3.376722812652588, 0.622538149356842,-130.47808777037096
000462.pid, person, 5.9972502163478385, -14.56002984728133, -3.1488492488861084, 0.49588775634765625,-26.91649519371866
000462.pid, person, 5.837089856465664, -14.621973037719735, -4.407377401987712, 0.4073765277862549,2.2820565697717665
000463.pid, person, 9.408279418945321, -9.840169634137842, -3.423458031245641, 0.5376105308532715,-121.033308098818
000463.pid, person, 5.983527728489475, -14.629458836146776, -3.6984368732997353, 0.3927253484725952,171.51985293264624
000463.pid, person, 5.89460754394532, -14.55770993232728, -3.1412106752395634, 0.3778950273990631,-145.73343804673084
000464.pid, person, 5.975281238555916, -14.656144823346827, -3.70577267238072, 0.5736575126647949,177.0585512069036
000464.pid, person, 9.42799549102784, -9.769573783874522, -3.3529625415802, 0.47217991948127747,49.56258636199179
000464.pid, person, 5.877359008789069, -14.599924659729016, -3.147760915756227, 0.4673421382904053,16.41286302208945
000465.pid, person, 5.95266431570054, -14.688833117485059, -3.1684108674526215, 0.3809005618095398,-27.885753359518645
000465.pid, person, 9.412661743164069, -9.657929229736336, -3.5642691612243653, 0.3441615104675293,-111.2170966909512
000466.pid, person, 6.115100860595711, -14.828770319620778, -3.191269795099895, 0.3836720883846283,-95.68765794669775
000467.pid, person, 9.389470863342291, -9.553943252563487, -3.5602603435516356, 0.5477558374404907,57.650811848900325
000467.pid, person, 6.078732728958139, -14.87582826614381, -3.2010704874992375, 0.4986342787742615,-109.05161409942662
000468.pid, person, 9.327435016632085, -9.545291264851896, -3.5405185619990043, 0.6143069863319397,-125.6466985754835
000468.pid, person, 5.920183944702156, -14.84989995956422, -3.1913499832153325, 0.4496898353099823,166.25841243958467
000469.pid, person, 9.300723870595304, -9.50052785873414, -3.5434167782465624, 0.5315383672714233,-127.74675191594346
000469.pid, person, 6.070788264274604, -15.025727033615123, -3.2192447185516366, 0.39537879824638367,65.65885954629056
000469.pid, bicycle, 5.795213381449391, -14.715921401977553, -4.427505811055502, 0.3069157302379608,-129.78841950004843
000470.pid, person, 9.284298658370979, -9.404759645462047, -3.3559308052062993, 0.5151597261428833,55.02649843221523
000470.pid, person, 6.064352416992195, -15.057502937316903, -3.227139329910279, 0.4270709455013275,-101.07598095459181
000470.pid, bicycle, 5.787351131439217, -14.898464626736123, -3.4792521529727516, 0.3376816511154175,10.971869366508917
000471.pid, person, 9.254102325439458, -9.386320686340339, -3.362539529800416, 0.478216290473938,50.498431498000414
000471.pid, person, 5.916571270335812, -15.021483334628028, -3.2189373753287582, 0.37333622574806213,157.09016218537658
000472.pid, person, 5.882626914978037, -15.056418609619149, -3.2265328407287597, 0.43968474864959717,-3.2969678752584937
000472.pid, person, 9.211982345581061, -9.388240623474129, -3.3746358871459963, 0.3594932556152344,-133.10776567932191
000473.pid, person, 5.844749093055732, -15.113084157307952, -3.2414844632148743, 0.5174834132194519,177.2011288800384
000473.pid, person, 9.24264017740886, -9.301227410634366, -3.5409562985102334, 0.4918783903121948,-123.55933120840461
000474.pid, person, 9.210362275441495, -9.276246070861825, -3.548207004865011, 0.5910715460777283,-121.9690153844756
000474.pid, person, 6.013749790191659, -15.247547340393078, -3.2538104534149177, 0.5437358617782593,-112.21983333709201
000475.pid, person, 9.220056125095919, -9.206826618739544, -3.550398758479527, 0.6973618268966675,-117.42338776801327
000475.pid, person, 5.997647166252145, -15.29457998275758, -3.2634430527687073, 0.4599103331565857,61.919933729332925
000476.pid, person, 9.1985673904419, -9.146488870893213, -3.4295534746987477, 0.7449830770492554,-131.0407287177521
000476.pid, person, 5.930852413177497, -15.379098415374767, -3.2780900597572327, 0.5096114873886108,-118.0497956921219
000477.pid, person, 9.177848100662235, -9.099561214447029, -3.440990000963211, 0.8102228045463562,-107.76400716351117
000477.pid, person, 5.9046309789021905, -15.431728363037124, -3.288773139317831, 0.596045732498169,-120.47577163454207
000478.pid, person, 9.23077239990235, -9.063337326049812, -3.607327604293823, 0.8200037479400635,-120.83432708739142
000478.pid, person, 5.877584457397468, -15.419280290603648, -3.2955065965652466, 0.6243669390678406,-112.16260801685223
000479.pid, person, 9.205267906188974, -9.057596070425861, -3.5336562224796846, 0.7703585624694824,-119.82126006110249
000479.pid, person, 5.793565511703501, -15.551929235458385, -3.3236254453659066, 0.6704097986221313,-126.97596380397829
000480.pid, person, 5.804901599884041, -15.525821113586437, -3.31789813041687, 0.6872705221176147,62.62530979409898
000480.pid, person, 9.230726718902595, -8.990202744801847, -3.3736904064814257, 0.5284242033958435,-120.54403178522497
000481.pid, person, 5.581066975226776, -15.521672102121215, -3.3098623018998365, 0.45842981338500977,7.884695965371146
000481.pid, person, 9.18618281682333, -8.971483230590827, -3.3798405726750693, 0.41409561038017273,-124.32781212501081
000482.pid, person, 5.762491703033454, -15.612618605295829, -3.333568572998047, 0.6983389854431152,-111.32538551347164
000482.pid, person, 9.178823709487922, -8.958999872207649, -3.339435338973999, 0.3506322205066681,-130.2312653552262
000483.pid, person, 9.18624114990235, -8.857877159118662, -3.3757386207580566, 0.6877914667129517,-117.85921266715476
000483.pid, person, 5.720552580697206, -15.670291083199649, -3.343278271811349, 0.6856355667114258,-108.92355011919693
000484.pid, person, 5.703668594360359, -15.731822848320018, -3.354997009038925, 0.6453348994255066,-118.0382777452987
000484.pid, person, 9.170563697814949, -8.804716825485237, -3.3838346004486084, 0.418208509683609,-114.07357226674523
000485.pid, person, 5.792708601270411, -15.865685054234104, -3.37892154284886, 0.6840322613716125,-50.13057368204048
000485.pid, person, 5.486458778381356, -15.700534608629024, -3.3332850933074956, 0.38342368602752686,-117.76878949163319
000486.pid, person, 5.698391172620994, -15.800574514600978, -3.362311310238308, 0.6557062864303589,-114.01450186255488
000486.pid, bicycle, 5.458609240395689, -15.730215208871035, -3.330183676310948, 0.4186665117740631,-124.33203572376385
000487.pid, person, 5.730352163314826, -15.808425545692455, -3.357454210519791, 0.7175987958908081,-101.47851133875247
000487.pid, person, 9.146441459655769, -8.69121964772543, -3.32056212425232, 0.5562663674354553,-130.0794956833254
000487.pid, bicycle, 5.450759410858162, -15.790445736476366, -3.3410541330065047, 0.35962608456611633,-119.87847911933298
000488.pid, person, 5.700630505879726, -15.849985758463552, -3.3661627504560685, 0.772930920124054,-104.89906926505654
000488.pid, person, 9.194891293843595, -8.575827916463224, -3.2946232954661046, 0.6851255297660828,53.683476144926836
000488.pid, bicycle, 5.450815813882018, -15.856210708618173, -3.3534936564309255, 0.4251312017440796,-115.78869798438285
000489.pid, person, 5.636408329010019, -15.92132282257081, -3.3732687693375807, 0.7402528524398804,-113.35378524315036
000489.pid, person, 9.145653486251838, -8.569941520690925, -3.307995855808258, 0.5526424050331116,-127.36971992860987
000489.pid, bicycle, 5.459065079689033, -15.844927787780772, -3.351840674877167, 0.4627728760242462,-128.65224630815956
000490.pid, person, 9.164352893829353, -8.493948221206674, -3.3433498144149785, 0.7162103056907654,-101.7144438614896
000490.pid, person, 5.646818372938376, -16.051984045240623, -3.399013227886624, 0.6471579074859619,-103.04582087471303
000490.pid, bicycle, 5.4605703353881925, -15.959059596061719, -3.3736096322536473, 0.5325143933296204,-113.19559768550334
000491.pid, person, 5.6294390360514415, -16.13836171891955, -3.412990172704061, 0.5954264402389526,-103.42358327187983
000492.pid, person, 5.59843655994961, -16.21537808009557, -3.427141904830933, 0.6520143747329712,74.11161322949916
000493.pid, person, 5.598195075988778, -16.256740093231212, -3.4310013949871063, 0.6930490732192993,81.39684933268356
000494.pid, bicycle, 5.555447448383686, -16.27104343067517, -3.4255401221188637, 0.5072265267372131,-79.11246569729889
000495.pid, bicycle, 5.576978325843819, -16.245237191518154, -3.4210662245750427, 0.5530505776405334,-80.50854800521475
000496.pid, bicycle, 5.596926429054962, -16.306619470769718, -3.4262881062247543, 0.5590422749519348,-77.76472491653087
000497.pid, bicycle, 5.6394797563552945, -16.340969085693366, -3.425298422574997, 0.5329426527023315,-74.88140539726876
000498.pid, bicycle, 5.65659246444703, -16.330579948425303, -3.424473738670349, 0.4913094639778137,-75.02278910011879
000499.pid, bicycle, 5.699306726455696, -16.287447452545177, -3.422642678022385, 0.5725420117378235,-78.70836885666068
000500.pid, person, 5.683675765991218, -16.2436191558838, -3.430882215499879, 0.5574646592140198,-124.21259521293845
000500.pid, bicycle, 5.861655235290536, -16.55760803222657, -3.4049518585205085, 0.4054366648197174,-85.57770241029849
000501.pid, person, 5.731610655784614, -16.22651958465577, -3.425213813781739, 0.5481669306755066,-115.53776698898525
000501.pid, bicycle, 5.954377746582038, -16.57397460937501, -3.4444301605224616, 0.3735806345939636,100.96438825628495
000502.pid, person, 5.761993726094573, -16.249836921691905, -3.4229122002919516, 0.43680068850517273,-113.03338220892792
000502.pid, bicycle, 5.9969987869262775, -16.533884048461925, -3.438701663698469, 0.32343581318855286,109.07933563626965
000503.pid, person, 5.7757606506347745, -16.266142654418953, -3.4378817081451416, 0.41214224696159363,-105.67645028399747
000503.pid, person, 6.054887115955361, -16.51371479034425, -3.439849346876145, 0.3805406391620636,114.67043945223332
000504.pid, person, 5.798154711723335, -16.310104846954353, -3.462058544158935, 0.39468786120414734,-101.68748870718255
000504.pid, person, 6.095432281494149, -16.48185920715333, -3.4404492718832835, 0.3692724108695984,-55.998207478692194
000505.pid, person, 6.194931566715249, -16.556665182113655, -3.4335139393806458, 0.40219947695732117,120.24129589964929
000505.pid, bicycle, 5.862320899963386, -16.28756841023764, -3.4621239503224692, 0.45211300253868103,-101.92002323087286
000506.pid, person, 6.187914212544769, -16.50004556443957, -3.4297457800971145, 0.43160325288772583,139.0201620171055
000507.pid, person, 6.2157630920410245, -16.484915924072276, -3.429042911529541, 0.3762066066265106,139.08967213628642
000508.pid, bicycle, 6.323393397861064, -16.480504353841155, -3.4224769009484186, 0.37064775824546814,-48.07548916056193
000509.pid, person, 6.362667242685962, -16.443571514553504, -3.4144190947214765, 0.5411423444747925,135.69289122111869
000509.pid, car, 7.13062935405308, -8.681852420171104, -3.891087717480129, 0.3049577474594116,90.10164103814182
000510.pid, person, 6.403049993515021, -16.399022674560555, -3.4157372951507567, 0.591650128364563,124.39579346491702
000511.pid, person, 6.414704084396372, -16.321239662170417, -3.40160038471222, 0.48327386379241943,-40.756706540555534
000512.pid, person, 6.542884588241583, -16.328289349873874, -3.378650585810344, 0.42010483145713806,96.45896536821577
