000032.pid, person, 21.788348356882736, -7.28147939840953, -3.1940905253092446, 0.8565815687179565,110.29878566082877
000032.pid, car, 21.96966846172626, -7.2285807132720965, -3.1346560258131757, 0.8684259057044983,17.512240177102214
000033.pid, person, 21.764812257554798, -7.239141464233405, -3.1426772276560464, 0.8622504472732544,65.31417767502941
000033.pid, car, 21.966490449576547, -7.1985496981390575, -3.0455347916175572, 0.8689156174659729,12.106800898309505
000034.pid, person, 21.782127141952518, -7.191392689943318, -3.180375382304192, 0.8913859128952026,-92.62665182196184
000034.pid, car, 21.961484416838616, -7.141895094225483, -3.136042541073214, 0.8549957871437073,11.781285449925711
000035.pid, person, 21.74469990200467, -7.161737918853766, -3.1625507672627773, 0.7319487929344177,84.53225080204308
000035.pid, car, 21.96016830444336, -7.0964906120300295, -3.1149841117858874, 0.8119851350784302,19.57958772034119
000036.pid, person, 21.753675460815433, -7.103475689888007, -3.1872522433598838, 0.8476682305335999,85.22657552476926
000036.pid, car, 21.94852358500163, -7.059913428624473, -3.067747855186462, 0.8309924602508545,-161.1382583908888
000037.pid, person, 21.766698428562712, -7.057540927614492, -3.1657038927078247, 0.8408583998680115,-155.85685440125945
000037.pid, car, 21.91122970581055, -7.022976684570317, -3.128124618530273, 0.8403106927871704,17.422059764284008
000038.pid, person, 21.750030790056506, -6.99615757805961, -3.1613272598811557, 0.8674065470695496,-151.23688611379416
000038.pid, car, 21.919035099170827, -6.963059266408284, -3.12873155982406, 0.5545487999916077,-165.66922496591667
000039.pid, person, 21.71251542227609, -6.929471867425106, -3.174366440091815, 0.7835166454315186,-160.94714041309288
000039.pid, car, 21.87759052004133, -6.891219581876484, -3.121005696909768, 0.8480944037437439,13.38579965768595
000040.pid, person, 21.655039567213798, -6.866942552419814, -3.1254757551046524, 0.8686994314193726,169.62371069853927
000040.pid, car, 21.863270623343332, -6.832416074616568, -3.1569601893424983, 0.8395336270332336,-162.23050982232073
000041.pid, person, 21.545968055725105, -6.760615468025214, -3.019760608673096, 0.8301909565925598,132.26326226202542
000041.pid, car, 21.81694617638221, -6.79131918687087, -3.075658559799194, 0.8562356233596802,-172.27146046516725
000042.pid, person, 21.5911373562283, -6.760742876264791, -3.1624953216976595, 0.6579983830451965,122.30216504903186
000042.pid, car, 21.79017020716812, -6.733976797624067, -3.1387013377565323, 0.8371461629867554,8.297977740248555
000043.pid, person, 21.590257991443984, -6.7174617593938715, -3.150615757161921, 0.7597899436950684,-35.30201176183741
000043.pid, car, 21.541514192308703, -5.824519241561319, -3.271956937653677, 0.8534245491027832,105.21939823972002
000044.pid, person, 21.611780762672428, -6.672871321439748, -3.177214235067368, 0.8648849129676819,-25.61283958328635
000044.pid, car, 21.74332837705259, -6.643124668686478, -3.131635913142451, 0.8598580956459045,9.17943002196778
000045.pid, person, 21.565130074818935, -6.626053015391039, -3.1509192983309435, 0.8389726281166077,-23.553074898874307
000045.pid, car, 21.73359251022339, -6.593379000822708, -3.1455733875433594, 0.7565317749977112,10.656123729200614
000046.pid, person, 21.537278705173073, -6.557452095879456, -3.130164305369059, 0.8582513332366943,164.83267322100338
000046.pid, car, 21.75201247288631, -6.5239396828871525, -3.139607108556307, 0.847321629524231,13.657318695568856
000047.pid, person, 21.559241808377784, -6.506175151238079, -3.2604317298302283, 0.8826359510421753,152.85126473120988
000047.pid, car, 21.73415107727051, -6.451657342910769, -3.1826152324676507, 0.8691926598548889,-159.63187251450512
000048.pid, person, 21.51043558120728, -6.445350348949439, -3.2218660414218907, 0.8948723673820496,177.29878321965163
000048.pid, car, 21.71868606567383, -6.39288793563843, -3.152186317443847, 0.8723648190498352,-159.57723294020607
000049.pid, person, 21.513528823852543, -6.387715935707099, -3.331812679767609, 0.890010416507721,-99.86118347301638
000049.pid, car, 21.681353449821476, -6.13055953383446, -3.3343298435211177, 0.8607472777366638,101.25733128255648
000050.pid, person, 21.498692921229775, -6.325744765145444, -3.317255292619978, 0.8583119511604309,-146.4474609716153
000050.pid, car, 21.714016313906072, -6.262108184673168, -3.148783374715734, 0.8632218837738037,-158.24119976189726
000051.pid, person, 21.47884962293837, -6.28114541371664, -3.216632525126139, 0.7471780180931091,-92.08087975956806
000051.pid, car, 21.64331615672392, -6.022889782400692, -3.259970314362469, 0.8657238483428955,100.0375998536668
000052.pid, person, 21.45385142735073, -6.230864388602128, -3.2649807248796736, 0.7732295393943787,-106.37627022332052
000052.pid, car, 21.666386231132176, -6.155019138170328, -3.1677808035974913, 0.8712299466133118,19.915408182502592
000053.pid, person, 21.423190010918514, -6.181991577148444, -3.1941204335954456, 0.889234721660614,128.97338322210007
000053.pid, car, 21.611194510208936, -5.94355357320685, -3.2745456068139323, 0.8541564345359802,100.01210581508967
000054.pid, person, 21.423983573913578, -6.1311289072036805, -3.19749665260315, 0.8779311180114746,-104.97207885437265
000054.pid, car, 21.647713899612427, -6.03267502784729, -3.2198255658149715, 0.8417550921440125,-152.95666477621296
000055.pid, person, 21.404698445246773, -6.0196447739234396, -3.19170198073754, 0.8726784586906433,170.08170725326843
000055.pid, car, 21.575797748565677, -5.930418276786806, -3.106696140766143, 0.836094856262207,-170.09238412419325
000056.pid, person, 21.384494781494144, -5.951975488662726, -3.14840955734253, 0.8775309324264526,-172.5760236671834
000056.pid, car, 21.565212083899457, -5.879777825396997, -3.1656100128007965, 0.8437308073043823,-170.82061452754942
000057.pid, person, 21.3688586308406, -5.857710434840281, -3.1088764484112086, 0.8846435546875,134.46208939597682
000057.pid, car, 21.519819471571182, -5.786952151192562, -3.1288781298531414, 0.6459230780601501,165.66114704315595
000058.pid, person, 21.312709808349613, -5.81429805755616, -3.1775334596633913, 0.7812541127204895,163.91429474708139
000058.pid, car, 21.508487939834595, -5.771587689717613, -3.11014249920845, 0.8502218723297119,179.14194479255968
000059.pid, person, 21.263433456420902, -5.74372471703424, -3.176237291759915, 0.6059361696243286,144.38129115200604
000059.pid, car, 21.307802359263103, -4.9719175093341645, -3.2973173459370924, 0.7978245615959167,104.40574438506498
000060.pid, person, 21.239407730102542, -5.690035247802741, -3.2059062480926515, 0.7613638043403625,-33.707204903374866
000060.pid, car, 21.488096691313245, -5.649131207239063, -3.142782665434338, 0.8021088242530823,177.35794669092076
000061.pid, person, 21.194843292236335, -5.604641723632818, -3.1278262615203865, 0.5343684554100037,-49.04492277485118
000061.pid, car, 21.50449598403204, -5.578868911379861, -3.1219862188611707, 0.8523115515708923,178.15666379293512
000062.pid, person, 21.21379216512045, -5.557064533233649, -3.1979776223500576, 0.6768083572387695,-50.447504030087416
000062.pid, car, 21.494433553595293, -5.493008789263274, -3.137441120649638, 0.8480103015899658,179.54309707114115
000063.pid, person, 21.246678161621098, -5.544979286193854, -3.2764839649200446, 0.6902242302894592,140.25762337915634
000063.pid, car, 21.485424223400297, -5.455696832566037, -3.1763602779025115, 0.857342004776001,-161.33302226186333
000064.pid, person, 21.255166769027714, -5.4624951481819215, -3.195786774158478, 0.8116202354431152,-152.7405720777367
000064.pid, car, 21.490869970882642, -5.404638262356034, -3.1452873734866866, 0.8625239729881287,-162.88352332661336
000065.pid, person, 21.28176922268338, -5.415565967559821, -3.263633886973063, 0.8084267377853394,-138.28429947364737
000065.pid, car, 21.49809345446135, -5.3316180831507625, -3.087871852673982, 0.8669777512550354,-165.64394098529718
000066.pid, person, 21.263482502528603, -5.321536677224302, -3.3054085459027975, 0.8713300228118896,79.25398693370079
000066.pid, car, 21.496520927974156, -5.286904317992074, -3.1578985112054, 0.8382053375244141,-168.41577395918563
000067.pid, person, 21.223622083663944, -5.268658161163336, -3.160031467676163, 0.826805830001831,140.50477031773275
000067.pid, car, 21.47506753603618, -5.228876928488416, -3.125750909248987, 0.8433170318603516,175.27085103454658
000068.pid, person, 21.253550211588546, -5.252743721008308, -3.2289072275161743, 0.8284267783164978,98.1658177761454
000068.pid, car, 21.486208542533543, -5.186075604480249, -3.1636432357456368, 0.8306924104690552,179.7425160489402
000069.pid, person, 21.273680278233122, -5.2104697908674025, -3.230384996959142, 0.8432956337928772,-81.02803997309488
000069.pid, car, 21.468610763549805, -5.164572556813558, -3.082830101251601, 0.8374540209770203,4.817768712247176
000070.pid, person, 21.225752353668216, -5.125019609928137, -3.2145686745643616, 0.869560718536377,147.19612283807234
000070.pid, car, 21.438708263894785, -5.0871444163115145, -3.109934889751931, 0.8301597833633423,164.97684897159272
000071.pid, person, 21.217158998761864, -5.016372748783662, -3.2019817488534117, 0.8635976314544678,103.80535699933321
000071.pid, car, 21.400057848762064, -5.004824217628031, -3.119762616999008, 0.85399329662323,-6.010303178609192
000072.pid, person, 21.19711351394654, -4.986840367317206, -3.182474255561829, 0.7401220202445984,160.21679882656383
000072.pid, car, 21.404579015878532, -4.964795075930083, -3.09004862491901, 0.8710206151008606,4.147121088815968
000073.pid, person, 21.211207707722988, -4.962843577067062, -3.3318609396616625, 0.6876806616783142,107.63032012316171
000073.pid, car, 21.425167083740238, -4.897954781850181, -3.122963839107089, 0.858636200428009,168.22655968722285
000074.pid, person, 21.196657562255865, -4.913408946990973, -3.265940284729004, 0.3663698732852936,140.26063698668491
000074.pid, car, 21.387326965332033, -4.8624570083618215, -3.1029041862487787, 0.841522216796875,178.10810277975224
000075.pid, person, 21.115362167358402, -4.769797643025721, -3.18192211786906, 0.782267153263092,122.39437935228456
000075.pid, car, 21.212982397813064, -4.3368720412254325, -3.196598942463214, 0.8459240794181824,108.80840935529784
000076.pid, person, 21.198449611663825, -4.830843329429632, -3.4507954120635986, 0.8463735580444336,107.37793358068093
000076.pid, car, 21.368788219633558, -4.7196715899876205, -3.2313923268091105, 0.8676414489746094,162.07479007310462
000077.pid, person, 21.073844273885097, -4.613980929056808, -3.1482133070627856, 0.7635752558708191,116.62718885156947
000077.pid, car, 21.378360384986518, -4.642905553181966, -3.211976630347115, 0.8696778416633606,143.9022466003732
000078.pid, person, 21.190795898437507, -4.72761456171672, -3.4076565106709804, 0.4721578359603882,-66.53650136313448
000078.pid, car, 21.371644832469798, -4.611275425663702, -3.200765106413099, 0.855272114276886,-3.8797978544488636
000079.pid, car, 21.361768016108766, -4.529734929402669, -3.232160400461267, 0.5465764999389648,-15.618791143940609
000080.pid, car, 21.309544849395756, -4.269181130826477, -3.123973166942596, 0.7852628231048584,115.38409631318913
000081.pid, car, 21.156959806169784, -3.8446966757377004, -3.341005438850039, 0.694501519203186,113.61222910822794
000082.pid, car, 21.123858951386953, -3.7262342962480752, -3.2517192817869636, 0.6259745359420776,113.246381329358
000083.pid, car, 21.115603100169793, -3.596865355968478, -3.287277243354103, 0.8014549612998962,114.08861404565747
000084.pid, car, 21.03135410944621, -3.4603730707118925, -3.344181795914967, 0.7147219777107239,112.84507883973642
000085.pid, car, 21.029548199971522, -3.421919418374699, -3.382043107350667, 0.8582053780555725,112.62422177298596
000086.pid, car, 21.05643153190613, -3.4348206371068977, -3.2896073460578914, 0.8614805936813354,113.08051858373481
000087.pid, car, 20.86038523453933, -2.932187627141294, -3.5002932456823492, 0.8590337634086609,113.06752834501745
000088.pid, person, 21.097702662150073, -4.007323821385707, -3.341009855270387, 0.8349514007568359,-78.1006625343013
000088.pid, car, 20.91183892885844, -3.025539033114914, -3.4446685413519536, 0.8602238297462463,113.29670305551036
000089.pid, person, 21.025605519612636, -3.8311073780059863, -3.276524464289347, 0.8064705729484558,116.38419400173603
000089.pid, car, 21.017309824625652, -3.2110027939909056, -3.4167642196019488, 0.8316880464553833,113.09542017307537
000089.pid, stop_sign, 37.75063705444337, -44.951768239339195, -2.2762139638264984, 0.4357476830482483,0.9336601252331691
000090.pid, person, 21.081948757171638, -3.8667947053909355, -3.348169565200806, 0.7031112313270569,-72.80372382380708
000090.pid, car, 20.948824031932933, -3.0134497619158522, -3.439864435711422, 0.6759413480758667,113.66254736703509
000091.pid, car, 20.97685168771183, -3.0104329053531695, -3.456461864359238, 0.8598383665084839,114.82219894607614
000092.pid, car, 20.856481194496155, -2.615156357409434, -3.4650067612528797, 0.8717246651649475,114.13862105520637
000093.pid, car, 20.987295786539715, -2.789517491435013, -3.3576746781667066, 0.8610084056854248,114.67289217476558
000094.pid, person, 21.673956871032715, -3.6312663555145264, -3.1121548414230324, 0.3535090982913971,156.8343454245723
000094.pid, car, 21.001976203918456, -2.8515182397017904, -3.392120750745137, 0.8641101121902466,116.34984082811687
000095.pid, car, 20.926314315795903, -2.6739499136805556, -3.5437319660186763, 0.8532863855361938,114.8423899479147
000096.pid, car, 20.931109619140624, -2.647303133209549, -3.55253259340922, 0.821980357170105,116.83701576135165
000097.pid, person, 21.676730346679694, -3.4713160037994415, -3.1235888004302956, 0.4515654146671295,0.6605012235300115
000097.pid, car, 20.918737180305254, -2.533404599310778, -3.553292729637839, 0.8148191571235657,116.13035186317067
000098.pid, person, 21.67799840654646, -3.4122800486428417, -3.133467912673949, 0.3333166837692261,4.9926454288005235
000098.pid, car, 20.89874505996704, -2.4431638854245374, -3.574695885181426, 0.8090776801109314,116.18282538046877
000099.pid, car, 21.07191812992096, -2.7828990841517234, -3.4460180997848506, 0.7729782462120056,117.40161407791634
000100.pid, car, 20.898155403137206, -2.4105311713491866, -3.5074627796808873, 0.8194667100906372,115.74252804200331
000101.pid, car, 20.67519474029541, -1.9672296660190318, -3.704837950793179, 0.6947189569473267,114.2258651604259
000102.pid, car, 20.980924333844865, -2.533607080578805, -3.476971455982753, 0.8138411045074463,117.88188673381627
000102.pid, stop_sign, 39.33709780375164, -44.383008321126304, -2.4153521458307883, 0.470562219619751,-164.95244907372813
000103.pid, car, 20.870948545394405, -2.2871318329726527, -3.5741991150763717, 0.7748358249664307,117.32475618348188
000104.pid, person, 21.546078364054363, -3.031005183855695, -3.220975836118061, 0.42905306816101074,-144.29731526110356
000104.pid, car, 20.879580688476562, -2.2760252567629036, -3.5450849135716753, 0.7350506782531738,117.70314863603319
000105.pid, person, 21.5313232421875, -2.986659526824951, -3.1976605415344226, 0.44406935572624207,165.93794789921805
000105.pid, car, 20.905578284428042, -2.323329206170711, -3.501624674632631, 0.6999077200889587,117.2119493570271
000106.pid, person, 21.52764654159546, -2.9358056783676147, -3.1547077894210798, 0.4254681468009949,10.87816306282391
000106.pid, car, 20.795669801773563, -2.093778786159332, -3.6150195675511507, 0.873248815536499,118.55802859216192
000107.pid, person, 21.497894499037002, -2.8637203905317534, -3.263256417380437, 0.37188082933425903,49.24738760397039
000107.pid, car, 20.748523371560232, -1.9677965305745613, -3.614525207451411, 0.8505619168281555,117.90750774917086
000108.pid, car, 20.637348447527206, -1.831175255633538, -3.704910312380109, 0.8439658880233765,-58.78042031416822
000109.pid, person, 21.4594352722168, -2.722600436210638, -3.0493185281753528, 0.32437267899513245,162.7962619739919
000109.pid, car, 20.79196111361186, -2.019097696368894, -3.630904138088226, 0.8532000780105591,120.12686382989561
000110.pid, person, 21.423993037297176, -2.6770708560943595, -3.126806332514836, 0.4670800268650055,145.26099751922135
000110.pid, car, 20.64819383621216, -1.7633810011403936, -3.6428303292819426, 0.8285021781921387,119.09929339698073
000111.pid, person, 21.380455914665674, -2.6216798529905465, -3.1142434232375193, 0.4893457293510437,157.4456155824047
000111.pid, car, 20.56171408943508, -1.6638852458285285, -3.772564960562664, 0.8534917235374451,118.4665653823541
000112.pid, person, 21.368143208821618, -2.584240659077965, -3.08546282450358, 0.4303109049797058,139.7818807030867
000112.pid, car, 20.625834121704106, -1.6849613946676272, -3.684923181533813, 0.8654723167419434,117.05272856094228
000113.pid, person, 21.360198656717937, -2.5378722945849126, -3.0345073143641144, 0.3432305157184601,149.83683728855158
000113.pid, car, 20.787744249616352, -2.008348369172645, -3.50300425574893, 0.8510758876800537,120.46411620774836
000114.pid, person, 21.3760648727417, -2.504511523246768, -3.1663140535354595, 0.4036441147327423,40.32441064584524
000114.pid, car, 20.681973604055557, -1.8181092956891443, -3.6163620306895323, 0.8403638601303101,120.4176349595466
000115.pid, person, 21.391019821167, -2.4214732646942174, -3.146820545196532, 0.346343994140625,-101.49585412508739
000115.pid, car, 20.655975695009587, -1.7104406925263254, -3.648091598793312, 0.8726535439491272,120.43690045043013
000116.pid, car, 20.65352249145508, -1.690190224936516, -3.5931119991071294, 0.8557809591293335,119.44867019681105
000117.pid, car, 20.781643676757817, -1.8898179179855792, -3.4817165034157886, 0.8270898461341858,118.42226867352831
000118.pid, car, 20.688526246605853, -1.8062629581588092, -3.5573523626094903, 0.8625912070274353,119.04963014061104
000119.pid, person, 20.82300806045533, -2.4226360321044975, -3.329755187034608, 0.7102075815200806,179.88444740987487
000119.pid, car, 20.737945079803467, -1.8882474867360968, -3.4809583340372354, 0.859530508518219,120.1324921172098
000120.pid, person, 20.83247327804566, -2.4185252189636275, -3.21111810207367, 0.8164281845092773,110.22629949805672
000120.pid, car, 20.665543735027313, -1.7512364311842266, -3.531942635774612, 0.8580282330513,119.24966619375913
000121.pid, person, 20.758218383789067, -2.3239779949188284, -3.174555253982544, 0.8430530428886414,-43.332722023638425
000121.pid, car, 20.67459290822347, -1.7773834039767589, -3.491779629389445, 0.8506243228912354,119.99782071819716
000122.pid, car, 20.604175209999084, -1.636605910025538, -3.625047549605369, 0.8654797673225403,119.2096795215278
000123.pid, person, 21.18968296051026, -2.091933310031891, -3.157436072826384, 0.31354469060897827,87.89151124452235
000123.pid, car, 20.670588053189796, -1.7683512012545912, -3.5483221457554732, 0.8140835762023926,120.3156732499178
000124.pid, car, 20.522182984785605, -1.4708338488972834, -3.693382140361901, 0.7896093130111694,118.70796984113761
000125.pid, car, 20.471824645996097, -1.3800810876374094, -3.7597672939300533, 0.8124939799308777,119.54627997580465
000126.pid, car, 20.628253542143728, -1.5624823431516546, -3.5915656171996013, 0.7942746877670288,122.83249948258984
000127.pid, car, 20.485976832253595, -1.306131042872691, -3.710047900676727, 0.8163058757781982,120.33045815728181
000128.pid, car, 20.603647397912066, -1.5079885552758756, -3.5865019819010855, 0.8535134196281433,122.77254987407004
000129.pid, car, 20.553122456868493, -1.3905380507310245, -3.649412870407104, 0.8337793946266174,122.27966277052893
000130.pid, car, 20.44185881181197, -1.1758978082375124, -3.7426193627444175, 0.8522332906723022,122.89532044135822
000131.pid, car, 20.552130762736002, -1.3734299051264927, -3.570582238833109, 0.7512365579605103,119.62803555036066
000132.pid, car, 20.546889305114746, -1.3952913087393597, -3.5506567955017085, 0.8498692512512207,124.14574989194223
000133.pid, car, 20.449650093361182, -1.2307253002568543, -3.6694412584658016, 0.8074002265930176,119.85946123992802
000134.pid, car, 20.561199481670677, -1.350082376542004, -3.4699648618698116, 0.8163819909095764,121.76547414319448
000135.pid, car, 20.37275791168213, -1.0735656852484716, -3.6546311676502223, 0.8537757396697998,119.29530272114577
000136.pid, car, 20.447525863647463, -1.2104954153299388, -3.6048708915710446, 0.858575165271759,122.3072727122278
000137.pid, car, 20.478934288024906, -1.1612524775167348, -3.6547245780626922, 0.8416781425476074,124.19321732625563
000137.pid, stop_sign, 40.18432006835938, -44.58612747192383, -2.3036445379257193, 0.49768510460853577,136.21119735913607
000138.pid, car, 20.39994701586272, -1.0373187045517742, -3.7387694936049605, 0.6679070591926575,120.64638946676072
000139.pid, car, 20.35739372253418, -1.0315810823440574, -3.815664548873901, 0.7110159397125244,120.00816380720349
000140.pid, car, 20.355852560563523, -0.9157299355349803, -3.823401602831753, 0.7738452553749084,121.64269599245974
000141.pid, car, 20.37745523452759, -0.9148526802659027, -3.7514050126075738, 0.5896444320678711,120.72872835625687
000142.pid, car, 20.39205206357516, -1.0035371304704637, -3.799398532280555, 0.8044100403785706,122.58334642346541
000143.pid, car, 20.423099317048727, -0.9520369950485864, -3.7121497078945755, 0.6711685061454773,129.957523521698
000144.pid, car, 20.358469088872276, -0.9226020239293599, -3.84514166911443, 0.4805311858654022,123.96370767786216
000145.pid, car, 20.46209326244536, -1.0236487090587656, -3.6717166332971476, 0.6420344710350037,126.41933451910371
000146.pid, car, 20.358691624232705, -0.8261120369037033, -3.8499697162991477, 0.7739905118942261,119.94162688350238
000147.pid, car, 20.497342014312746, -0.9979831427335796, -3.608615791797637, 0.6716002225875854,129.94852256744187
000148.pid, car, 20.39278962877062, -0.9185694273975176, -3.8098112344741812, 0.6602088809013367,126.63127111827674
000149.pid, car, 20.337276186261857, -0.8560371210887339, -3.878777821858723, 0.8216578364372253,118.36279329566156
000150.pid, car, 20.325353908538823, -0.7590489414520583, -3.8007900357246394, 0.46344947814941406,117.31972410143031
000151.pid, car, 20.327104267321136, -0.7637239596561449, -3.855962063136854, 0.7197798490524292,119.742255064182
000152.pid, car, 20.265711738949733, -0.7155128087671058, -3.9456845919291164, 0.7977020740509033,116.57831612289733
000153.pid, car, 20.26587194554946, -0.7584273631081887, -3.8634819984436026, 0.7655795216560364,114.11186772281403
000154.pid, car, 20.27585822657535, -0.6318829036072688, -3.8778425392351643, 0.8015276193618774,113.33743337946962
000155.pid, car, 20.27845344543457, -0.7161255791783354, -3.9034122228622428, 0.7348223924636841,113.2059103865258
000156.pid, car, 20.28671309527229, -0.6473008115186967, -3.8796027968911555, 0.7037746906280518,-68.44840322069399
000157.pid, car, 20.305656539069286, -0.683217533346681, -3.874502009815638, 0.8233557939529419,110.95141643962367
000158.pid, car, 20.335764104669746, -0.5990000327371757, -3.8599987897005943, 0.809776782989502,-64.82914753702778
000159.pid, car, 20.268923950195315, -0.5340399168431794, -3.879722297191619, 0.8154481649398804,-59.49941684382275
000160.pid, car, 20.25907887910542, -0.5080156385114364, -3.8247719438452457, 0.7744487524032593,-57.14982538703994
000161.pid, car, 20.298716545104984, -0.6845079164952083, -3.9538974046707147, 0.683948278427124,99.07196076747402
000162.pid, car, 20.324745284186474, -0.6090552119745181, -3.915280686484442, 0.4843880534172058,-70.29982201998345
000163.pid, car, 20.22054901123047, -0.5867999984572368, -3.9831946849822986, 0.5165433883666992,-64.75305951647547
000164.pid, person, 20.83738795193759, -0.316946240988646, -3.209675333716652, 0.41569069027900696,19.847592358917275
000164.pid, car, 20.221999274359813, -0.5481493834199185, -3.9698013464609776, 0.750504732131958,-71.21489127101552
000165.pid, person, 20.858130863734658, -0.2539201698132944, -3.224627665110995, 0.3282451331615448,12.367018935762884
000165.pid, car, 20.238331794738773, -0.5227131144040169, -4.029638210932413, 0.7214227914810181,-69.6370888924323
000166.pid, car, 20.29944674173991, -0.44957664445974227, -3.850578884283701, 0.7368375658988953,-74.35751654407568
000167.pid, person, 20.786047617594402, -0.17052631545812127, -3.2796740929285675, 0.3948107957839966,4.778006731546693
000167.pid, person, 9.677147388458257, 26.78555742899577, -4.493729829788206, 0.32773682475090027,-96.30104655876085
000167.pid, car, 20.2162299156189, -0.5176598420366698, -3.8912167698144904, 0.7370647192001343,-74.0311314128702
000168.pid, person, 20.71785319935192, -0.1428435722535294, -3.2143838622353287, 0.44461411237716675,166.33997635580738
000168.pid, car, 20.20534952949075, -0.48089062915567593, -3.902929418227251, 0.7983672618865967,-73.99433333303452
000169.pid, person, 20.761672210693362, -0.08365164604038285, -3.291476082801818, 0.3365504741668701,-171.3430096180711
000169.pid, person, 9.878962135314945, 26.38340606689453, -4.383322954177856, 0.3226501941680908,103.36515153730892
000169.pid, car, 20.269577026367188, -0.48452781885862445, -3.769420941670735, 0.6716403961181641,-78.63094840587837
000170.pid, car, 20.368689727783206, -0.22532534673810384, -3.638312641779581, 0.7211390733718872,-115.6094095734313
000171.pid, person, 10.159966826438911, 24.67726492881775, -4.152024626731872, 0.4068623483181,104.02007736044627
000171.pid, car, 20.236032485961914, -0.3179826072993753, -3.8775260902586433, 0.6549726724624634,-77.51900982873119
000172.pid, person, 10.352125962575284, 23.59879207611084, -4.009211977322895, 0.33679336309432983,102.39472498734735
000172.pid, car, 20.37710707528251, -0.21089899473425078, -3.6244555711746207, 0.7328867316246033,-117.70955248709666
000173.pid, car, 20.19236432589018, -0.3207950385717289, -3.8407406073350163, 0.6596255898475647,-69.69755514806562
000174.pid, car, 20.309910365513396, -0.4948177781854121, -3.822403856686183, 0.635001003742218,-86.51395758940865
000175.pid, car, 20.278958108690052, -0.41801650739378715, -3.879653851191202, 0.6913018226623535,-84.30692046230331
000176.pid, person, 12.018299102783208, 17.08326473236084, -4.339767742156981, 0.3735564649105072,-64.34917423763477
000176.pid, person, 11.476715769086567, 17.862452461605976, -4.249058564503987, 0.3450630307197571,-70.02443454587066
000176.pid, car, 20.172286840585564, -0.4179443086569137, -3.895544125483585, 0.6371166706085205,-80.23236144780878
000177.pid, person, 11.523257382710778, 17.38186111450195, -4.1715977668762205, 0.3233698606491089,106.83442914391848
000177.pid, person, 10.777141050858935, -3.043741182847458, -3.2288536808707486, 0.3189787268638611,-10.477379013356504
000177.pid, car, 20.220298639933272, -0.3983407989144382, -3.8345579624176014, 0.7197130918502808,-82.27489704046044
000178.pid, person, 11.770554860432945, 16.215832583109535, -4.046299505233764, 0.3715744912624359,-68.65332651086581
000178.pid, car, 20.32075917720795, -0.41681928467005847, -3.816389545798301, 0.768663763999939,-90.46550366751165
000179.pid, person, 12.101337346163666, 14.831285043196242, -3.96518832987005, 0.333562433719635,-71.94374915723961
000179.pid, car, 20.1803594827652, -0.3321335804648706, -3.9761442691087714, 0.7837915420532227,-81.69777894582279
000181.pid, person, 20.756343078613284, 0.3730121413866679, -3.2708392302195226, 0.3577260971069336,130.24181111271614
000181.pid, car, 20.121205279701638, -0.4003427765871379, -4.0853881961420955, 0.8210182785987854,-77.86285436455319
000181.pid, car, 13.179772952817522, 11.220932510663879, -3.630177457377595, 0.3675343692302704,111.91246931329019
000182.pid, person, 20.740859627723697, 0.3907166980206931, -3.2551986426115023, 0.32980838418006897,-0.3900916521372082
000184.pid, person, 20.699296726899988, 0.4996289155062457, -3.2118495913112857, 0.4241689145565033,-10.25128018740702
000184.pid, car, 14.006055831909181, 6.828765619884837, -3.6783382946794676, 0.3460606336593628,92.03418394394359
000185.pid, person, 20.71694631576538, 0.5438924983143807, -3.2503924489021294, 0.4074186086654663,-12.78545930110224
000185.pid, car, 20.11613397037282, -0.18927180328789794, -3.9258133944343108, 0.7337942719459534,-80.98919731267205
000185.pid, car, 14.198574320475265, 5.34912781715393, -3.8310228904088333, 0.37052974104881287,87.63014979183401
000186.pid, person, 20.76022815704346, 0.5922959581017494, -3.2003812789916983, 0.323898047208786,168.31115436799357
000186.pid, car, 14.2291015702851, 4.796717074452613, -3.5424383416467777, 0.40932974219322205,100.66667776907909
000187.pid, car, 14.417433139605404, 3.7361242251518445, -3.4785694036728287, 0.4125209152698517,97.61472378652255
000188.pid, car, 20.36542028539321, 0.32745712776394287, -3.5741470982046675, 0.7879132032394409,-102.34594146936533
000188.pid, car, 14.651351542086218, 1.9354827621498616, -3.7427108867748364, 0.36107784509658813,-106.00860789179802
000189.pid, person, 20.956049601236984, 0.7608511447906494, -3.348581552505492, 0.3664212226867676,94.01272096586756
000189.pid, car, 20.351312955220543, 0.023687492642132213, -3.748507830831739, 0.7394081950187683,-96.66977028555951
000189.pid, car, 14.861588911576707, 0.8562939519231928, -3.6676394809376105, 0.4995628893375397,98.61324438268296
000190.pid, car, 20.319896425519676, 0.2580458548452122, -3.5752986839839385, 0.7196444869041443,-100.37764747063943
000190.pid, car, 14.716923583637588, -0.07203173266978104, -3.5546557794917706, 0.4454082250595093,105.83781825230629
000191.pid, person, 20.791142191205704, 0.765755078622271, -3.247363141604832, 0.42257270216941833,27.012470044136997
000191.pid, car, 20.166936056954523, -0.2986406455082563, -3.9946595770972104, 0.7899109721183777,-86.63923533094518
000191.pid, car, 14.971690991345575, -1.3139243248528278, -3.632323019644793, 0.5180827379226685,101.61213210470963
000192.pid, person, 20.874578264024525, 0.8822474016083564, -3.345728847715588, 0.4781776964664459,72.24817434693402
000192.pid, car, 20.33390998840332, 0.12695284501502238, -3.702786897358141, 0.7294296026229858,-93.69405322536329
000192.pid, car, 15.206545224265449, -2.7233532902503788, -3.617136035646711, 0.6022416949272156,97.03758441922588
000193.pid, person, 20.717604810541328, 0.8794086981903423, -3.188503362915732, 0.42337173223495483,-8.097295993971496
000193.pid, car, 15.265211871692115, -3.6923858698989673, -3.586673302309854, 0.600254237651825,105.68126662486893
000194.pid, car, 15.427090658081905, -4.924369643131893, -3.6339454452196756, 0.46212297677993774,100.86825381452225
000194.pid, car, 20.780718994140628, 0.93849449455738, -3.1785076856613155, 0.30924931168556213,175.39590640051546
000195.pid, person, 20.7506975091022, 0.9576044341792231, -3.142224311828613, 0.3656311631202698,-171.97418804498514
000195.pid, car, 15.560376561206322, -6.248437440913658, -3.44845674348914, 0.556618869304657,94.94598319761896
000196.pid, person, 20.769541819890343, 1.0010461633404073, -3.1634072462717686, 0.3652389943599701,148.55997230829954
000196.pid, person, 15.420167487008234, -8.101859515053887, -3.4110361576080312, 0.31029829382896423,98.49574404037611
000197.pid, person, 10.794721523920702, -3.0498025417327903, -3.218503673871357, 0.5447163581848145,-16.502313344548586
000197.pid, person, 20.817605177561443, 1.0288306574026738, -3.183573146661122, 0.404874712228775,171.24702482301905
000197.pid, car, 15.15604236390856, -9.261227846145633, -3.426018251313103, 0.376193106174469,98.41786968274748
000197.pid, car, 16.101863230689098, -8.864830033253815, -3.5452938322293557, 0.3404766023159027,96.11442443340106
000198.pid, person, 20.795859584101922, 1.0535071227285586, -3.171670798902158, 0.35367971658706665,-172.7858748900873
000198.pid, car, 16.010473397043018, -10.209976434707642, -3.551011790831884, 0.3473711311817169,92.57287564194081
000199.pid, person, 20.737847068093043, 1.0941753468730213, -3.1948922005566676, 0.38549667596817017,0.9970148879634565
000199.pid, car, 16.049805578432586, -11.358130643242283, -3.570952537812684, 0.3101595342159271,96.838507987093
000200.pid, person, 20.794318008422852, 1.1101139163970912, -3.192739105224609, 0.35538268089294434,0.19900313866007835
000200.pid, car, 14.42732409773202, -11.019156020263146, -3.3811471051183237, 0.4367961883544922,113.66520107373061
000200.pid, car, 16.386196653721697, -12.200122736268124, -3.5750830820051287, 0.3650935888290405,96.31488617930877
000201.pid, car, 16.085677018036712, -13.578176317988214, -3.5297093810261897, 0.36587995290756226,99.61292166555944
000201.pid, car, 20.805683384770933, 1.144037920495737, -3.2281600392383076, 0.33307674527168274,-2.147510547033832
000202.pid, person, 16.19112269083659, -15.148814771367215, -3.541003462912022, 0.3252500891685486,97.61968866188148
000203.pid, person, 20.91122325261434, 1.190066874027251, -3.199001769224802, 0.30455994606018066,28.06220182122192
000203.pid, car, 16.22811367932488, -16.27274587575127, -3.4580269455909725, 0.3162728548049927,94.60850135273337
000204.pid, car, 13.635829584939147, -32.248154061181204, -3.292492849486213, 0.37616589665412903,-77.9956019512581
000205.pid, person, 20.75574709021527, 1.275228225666542, -3.1860621804776392, 0.3211687207221985,4.588071660172805
000206.pid, car, 15.367561987468177, -28.330778666904994, -3.3223797168050484, 0.30196133255958557,-78.76348070878907
000206.pid, stop_sign, 20.75893429347447, 1.3590698866617064, -3.2210190750303718, 0.30117660760879517,172.64459129258503
000207.pid, person, 20.86769059988169, 1.4052038284448456, -3.2610743229205785, 0.507835328578949,84.76758430158412
000207.pid, car, 20.354767712679777, 0.7092617384412047, -3.5769979520277535, 0.6668270826339722,-98.48824165665283
000207.pid, car, 16.26339345738508, -20.79191735861958, -3.3595522141111065, 0.32595789432525635,-74.55719513079595
000208.pid, person, 20.775254535675053, 1.3758631408214554, -3.14552229642868, 0.3846054673194885,18.212287341176893
000208.pid, car, 16.46837016863701, -22.192501997336365, -3.3982533919505578, 0.36536625027656555,-79.91300974513152
000209.pid, person, 20.737422441181387, 1.4345498273247137, -3.156608995638395, 0.39067503809928894,12.1981899622775
000209.pid, person, 16.419900678819225, -23.582113358282275, -3.3529510228864603, 0.3825658857822418,93.65295446293668
000210.pid, person, 16.57452824241237, -25.255205957513105, -3.2985660820676563, 0.3255515396595001,96.38731692116197
000210.pid, person, 16.273818668566253, -32.34136882581209, -3.3351100745954008, 0.3078625798225403,-78.38689239783332
000210.pid, car, 16.179924704811796, -23.373981996016074, -3.40236136046323, 0.8214585185050964,-103.4943674762828
000211.pid, person, 20.80280923843384, 1.5061754385630255, -3.173061966896056, 0.3775130808353424,45.643383007711414
000211.pid, car, 16.692549843719043, -25.489084326702617, -3.530647530071977, 0.849305272102356,-94.9247308489609
000211.pid, stop_sign, 16.81774629486932, -31.164500925276016, -3.3827180663744603, 0.3022366464138031,-79.667902568937
000212.pid, person, 20.759338378906254, 1.5523143485188484, -3.1772376894950853, 0.4047655463218689,2.634942885083446
000212.pid, car, 16.682404881900123, -27.334240372647947, -3.4902192735180413, 0.7287697196006775,-82.7074991923817
000212.pid, car, 17.471004373887023, -53.701183094697846, -2.8983614725225113, 0.34724119305610657,83.23793824135232
000213.pid, person, 10.508327802022306, -4.021002054214485, -3.8615517616271973, 0.7535958290100098,-89.93744068043046
000213.pid, person, 20.833708445231125, 1.6261943260828635, -3.189887237548828, 0.3629780113697052,49.62584679376929
000213.pid, car, 16.600679570056023, -28.80293233343896, -3.4837717223674693, 0.7295743823051453,-82.96180177243886
000213.pid, car, 17.582461198171, -52.35088062286378, -2.9007020592689514, 0.4651925563812256,76.67718021316881
000214.pid, car, 16.3230613561777, -30.59922281901042, -3.3572735603039083, 0.7430707812309265,-76.2207238943169
000214.pid, car, 18.240633613184894, -50.33820423326995, -3.023728144796271, 0.43216508626937866,-102.01421818380615
000215.pid, person, 20.694685345604306, 1.7215434256054098, -3.1435652573903394, 0.3878629803657532,-166.9224333708756
000215.pid, car, 16.279129123687753, -31.963779195149744, -3.256018042564392, 0.5493698120117188,-83.64573902547906
000215.pid, car, 18.586463247026725, -49.126314980643144, -3.197885743209294, 0.3966067433357239,-92.79960202806652
000216.pid, car, 16.08329238891602, -33.058401053292414, -3.3990793636866976, 0.564631998538971,-77.14147456279963
000216.pid, car, 18.548305200976, -48.35916944991712, -3.2374224829119305, 0.35909029841423035,-92.68034578139736
000216.pid, car, 20.683373601813067, 1.7468911848570148, -3.2105989958110603, 0.3007766604423523,-168.79863612340426
000217.pid, person, 20.78548304239909, 1.7961735427379597, -3.1641908089319846, 0.3429657220840454,92.50980368239577
000217.pid, car, 16.18299956943678, -34.88919363160065, -3.419177656588347, 0.6766340136528015,96.24356650107983
000218.pid, car, 16.097971992492678, -36.065947011311856, -3.3689175256093344, 0.6517180800437927,97.79266152599357
000218.pid, car, 18.670382520887593, -45.90143619113499, -3.1998537646399603, 0.3223278522491455,-93.33906560314159
000219.pid, person, 20.744086583455402, 1.8952782608213872, -3.176205884842645, 0.30104076862335205,-162.44886888963322
000219.pid, car, 15.986866125419965, -37.18398535429542, -3.399049534726499, 0.7208641171455383,97.20782089918438
000219.pid, car, 18.84374975546813, -44.99640479454628, -3.221388871853168, 0.3670147657394409,-91.41790168619733
000220.pid, car, 15.946978267870454, -39.23865965793007, -2.9814474833639033, 0.5913549065589905,101.21558995043695
000220.pid, car, 15.832468590369595, -38.29233891413763, -3.324056001809927, 0.5510178208351135,-74.69594263412696
000220.pid, car, 18.909198583558553, -43.726755097854976, -3.128376251043275, 0.4677784740924835,-82.51311778830376
000220.pid, car, 18.77953163782756, -44.678403324551056, -3.0441907578044463, 0.31453707814216614,77.61163450342659
000221.pid, car, 15.27563602784101, -38.68682838888729, -3.256653063437517, 0.5205662250518799,-77.05599206348373
000221.pid, car, 18.79596328735352, -42.443855934954705, -3.2359818346956937, 0.41132524609565735,-77.88645774206597
000221.pid, car, 18.83608211170544, -43.14445588082979, -3.075286056056167, 0.40925318002700806,99.30621454041558
000222.pid, person, 16.05153155326844, -41.64735012054444, -3.404205846786499, 0.34090524911880493,88.7717602312245
000222.pid, car, 15.811807445451327, -41.054656832825906, -3.3230366052365765, 0.626035749912262,-75.2337837962476
000222.pid, car, 18.463846065379954, -41.46304674501772, -3.1320023183469408, 0.5613147616386414,-80.627378734736
000222.pid, car, 19.016133020090507, -41.318179906800744, -3.200108345164809, 0.4790330231189728,-82.6472240545229
000222.pid, car, 15.224991977214827, -39.2046995162964, -3.0947687178850174, 0.42488008737564087,-84.80216411939395
000223.pid, person, 20.65720720291138, 2.1019392848014817, -3.1925567507743833, 0.3759140074253082,7.480858015574726
000223.pid, car, 18.99818815836093, -40.70370399661181, -3.12022691819726, 0.6023561954498291,-80.44797809981353
000223.pid, car, 15.263672510782879, -41.17210235595703, -3.0878004233042398, 0.5467817187309265,-78.67969649311516
000223.pid, car, 14.95354665409436, -40.814806331287734, -3.0665803497487847, 0.46846768260002136,-90.45323690828874
000223.pid, car, 18.39875837472769, -40.14493120633639, -3.14506108027238, 0.38916435837745667,-84.3350541932935
000223.pid, car, 15.941770553588881, -41.74043110438756, -3.229628494807652, 0.3278016149997711,-86.25177234391177
000224.pid, person, 20.68961229324341, 2.1829709649085984, -3.162666678428649, 0.4344453513622284,123.73143318031525
000224.pid, car, 19.15127094932225, -39.737025551174, -3.2120856098506763, 0.5310453772544861,-84.21899005891393
000224.pid, car, 15.221960495258209, -42.412631067736406, -3.0055886301501045, 0.4475215971469879,-77.72386331571977
000225.pid, car, 19.213581528774533, -39.1449001223542, -3.1516615124635923, 0.44958364963531494,95.88952584820294
000225.pid, car, 15.478277921676643, -44.84862232208253, -3.2215823639522907, 0.3660483658313751,-74.94157951130953
000226.pid, car, 19.277884256272092, -37.95074281238375, -3.15724892275674, 0.47179242968559265,-87.49686944813823
000226.pid, car, 15.296594702679185, -46.483822946963116, -3.2928569524184517, 0.45451387763023376,-77.66536596989098
000228.pid, car, 19.412914037704475, -35.540858078002934, -3.1157474458217616, 0.3219913840293884,-81.80131377975525
000229.pid, car, 19.45406420334526, -34.56045150756837, -3.1204921991928765, 0.3655964732170105,-78.98502852900643
000230.pid, car, 20.613576412200928, 2.460016220808029, -3.1203184574842444, 0.4006214737892151,-3.579527253508589
000231.pid, car, 19.291973834567607, -32.35535426669651, -3.0506753444671637, 0.3260307312011719,-74.13038812950941
000234.pid, truck, 13.946481303164852, -55.9349977593673, -2.80363571016412, 0.3032687306404114,-84.76344470085624
000236.pid, person, 20.596391004674576, 2.7810677500332117, -3.0699481683618877, 0.38228872418403625,-1.8502802827671552
000236.pid, person, 19.712331539247096, -27.683643248023063, -3.1287473643698345, 0.30388057231903076,-75.93825166965266
000236.pid, car, 10.728134807787448, -31.903455583672773, -3.05433198025352, 0.3699634075164795,-77.62731624958357
000237.pid, person, 20.62445490700858, 2.805781670979087, -3.0664696012224466, 0.35464513301849365,6.175222750855678
000237.pid, truck, 19.636272969453234, -27.1203377765158, -3.0514397880305415, 0.33926817774772644,-75.01617943520657
000238.pid, person, 20.613613605499268, 2.8520331382751465, -2.9160634875297538, 0.30579841136932373,177.6023837219694
000238.pid, car, 19.590361668513374, -26.636685298039367, -2.9816689307873068, 0.3551575839519501,97.2689172880145
000239.pid, person, 20.609960828508655, 2.9127654348100895, -2.9009663377489345, 0.3870602548122406,-163.49034616010496
000239.pid, car, 19.61965032418569, -25.67457815011343, -2.914966727296511, 0.39482682943344116,-80.20016419943025
000240.pid, person, 20.54176235198975, 2.9563080867131553, -2.9370311498641954, 0.3618353307247162,170.57657236197434
000241.pid, person, 20.569738547007244, 3.0133949915568046, -3.0095387299855543, 0.44826140999794006,-164.95745753661882
000242.pid, person, 20.512494405110676, 3.080448495017157, -3.0386110146840406, 0.4611175060272217,1.528926170247316
000242.pid, car, 19.40475498261999, -22.98868398197362, -2.9907637619581378, 0.3791109025478363,95.60704288929352
000243.pid, car, 19.264632674883, -22.052260092969213, -2.9800406402012087, 0.40842318534851074,-76.33859342739132
000244.pid, car, 18.970211505889896, -21.047503312428795, -3.0538081973791127, 0.42339617013931274,-77.69162453582987
000245.pid, car, 18.900427276012948, -20.414151584400855, -3.116409175536212, 0.4438108801841736,101.06890995561619
000246.pid, car, 18.602117849856008, -19.658336366925923, -3.153103784639008, 0.6011766791343689,97.91791803100398
000247.pid, person, 7.176126797993987, -9.886175791422536, -3.9936690330505384, 0.42925870418548584,89.87990427938294
000247.pid, car, 18.50572480653462, -18.97229822058427, -3.215176086676748, 0.6313880085945129,94.02448740908655
000248.pid, car, 18.29557950156076, -18.25962166559129, -3.170120330083938, 0.5163032412528992,100.53364557319583
000248.pid, bus, 17.150664729041022, -11.439299125929137, -3.2329930550343278, 0.3279838562011719,85.40862681662841
000249.pid, car, 17.685492817948507, -17.42568176548656, -3.227748585910332, 0.6241965293884277,109.65198367241784
000249.pid, bus, 16.58440414071083, -10.702786192297935, -3.3279034420847884, 0.3718293309211731,82.02743098266853
000250.pid, car, 17.53532218933106, -17.048130324908666, -3.1281467931611195, 0.6516255140304565,109.65031828552533
000250.pid, bus, 20.514460961023968, -10.719922881573439, -3.164406100908914, 0.3673870861530304,-63.17138499361
000251.pid, car, 17.066221169063027, -16.33191962469192, -3.2972102562586465, 0.7123907804489136,105.94410016318075
000252.pid, car, 16.75867080688477, -15.850964637029742, -3.318583193279448, 0.7411791086196899,113.82732627565142
000253.pid, car, 16.49074591123141, -15.329689368223535, -3.3494641597454367, 0.6922319531440735,97.48910746862192
000254.pid, person, 6.402609666188567, -11.162380854288747, -4.325543085734049, 0.33899733424186707,41.946409772545856
000254.pid, car, 16.195957760478176, -14.967640167058903, -3.3735133991685022, 0.7747868299484253,104.57857041589435
000254.pid, car, 15.124151653713653, -13.710956944359676, -3.7663153542412644, 0.32504063844680786,-43.798380724973846
000255.pid, car, 15.88961889527061, -14.55457121675665, -3.45917978069999, 0.7363784909248352,114.61343147978016
000255.pid, stop_sign, 6.134415369767415, -11.113218967731182, -3.6747423685514002, 0.35541191697120667,-94.91444730934202
000256.pid, person, 6.351765632629402, -11.36026191711427, -4.357244650522869, 0.715141236782074,-130.856301863054
000256.pid, car, 15.450832104682926, -14.173153877258304, -3.4077684044837953, 0.7367082238197327,148.30995891806006
000256.pid, stop_sign, 6.078558057546621, -11.276728689670566, -3.8266957700252524, 0.5616320967674255,16.718533945863832
000257.pid, car, 15.026163447986953, -13.94895628726844, -3.4014471155224424, 0.8143216967582703,164.60621958483964
000257.pid, stop_sign, 6.006090641021733, -11.48752899169922, -3.778323841094969, 0.6169368624687195,-13.207741310269654
000258.pid, car, 14.607777046434808, -13.467036276152642, -3.4308227120023784, 0.6577848196029663,130.12266754976653
000258.pid, stop_sign, 5.911649274826057, -11.651150417327885, -3.571971464157103, 0.5472636818885803,-106.22876666417582
000259.pid, car, 14.082681918144228, -13.061109375953677, -3.473626750707627, 0.6227158904075623,147.00226162183714
000259.pid, stop_sign, 5.805508295694992, -11.78386211395264, -3.771866771909924, 0.6066404581069946,-127.2591916622867
000260.pid, car, 13.893629650736967, -13.042967574540961, -3.6220560683760534, 0.5014835596084595,138.5862435176671
000260.pid, car, 20.46368217468262, 4.00008303642273, -3.2189617252349847, 0.3594120144844055,-145.2588789357968
000260.pid, stop_sign, 5.638908181871691, -11.966426168169294, -3.6023636204855762, 0.47334110736846924,7.049971098968209
000261.pid, car, 13.380112680895579, -12.817418229990995, -3.3166289740595323, 0.5145068764686584,160.38383856184348
000261.pid, stop_sign, 5.595938026905063, -12.152202606201175, -3.7453452944755545, 0.4751156270503998,-169.63540070831368
000261.pid, stop_sign, 20.454789914582904, 4.029767212114835, -3.232515686436703, 0.30247336626052856,-155.6382836439037
000262.pid, car, 13.388569251350736, -12.811101561007295, -3.529593265574911, 0.5491876602172852,154.41158550138996
000262.pid, car, 20.444584528605148, 4.061603307723997, -3.2265293730629807, 0.35219094157218933,57.69212279470868
000262.pid, car, 12.920171655927387, -12.504367719377791, -3.530471345356532, 0.3443925678730011,139.1432606533313
000262.pid, stop_sign, 5.609282851219186, -12.3354778289795, -3.793464481830595, 0.319156676530838,-14.370299232716267
000263.pid, car, 13.153322832924982, -12.576862181935992, -3.347917807953698, 0.39243268966674805,160.6323545607988
000264.pid, car, 13.087756201278335, -12.524464385454047, -3.455110694086829, 0.4693821370601654,156.39821627043585
000264.pid, car, 12.865884090991733, -12.314821608523106, -3.5071934943503518, 0.38851335644721985,141.79197827077607
000265.pid, car, 20.187094643002467, 1.6188115101485019, -3.8202174050467343, 0.6867498159408569,-86.6382370240928
000265.pid, car, 12.49817786897932, -12.1549361319769, -3.6571233613150453, 0.4674796462059021,149.0154308244374
000266.pid, car, 12.212354302406313, -11.942397564649582, -3.6478495150804515, 0.4589245319366455,141.69351064103714
000266.pid, truck, 12.412750414439614, -12.191109248570038, -3.611135763781412, 0.3488745093345642,158.8899135197445
000266.pid, stop_sign, 5.32014083862305, -13.1137547492981, -3.961679577827452, 0.37685099244117737,14.75542158301155
000267.pid, car, 20.132629013061525, 1.8354552540928109, -3.8236197948455803, 0.5959582924842834,-86.51304293698914
000267.pid, car, 12.329191175000423, -12.010319084956729, -3.5454033161031786, 0.4465930759906769,158.68537911078886
000268.pid, car, 12.126703754548107, -11.894434313620295, -3.5108667727439635, 0.41153672337532043,165.95055293285662
000268.pid, car, 10.09245210886002, -11.078751742839817, -3.586914390325546, 0.3287126421928406,-36.48240870186942
000269.pid, truck, 12.049083003291381, -11.86933549245199, -3.5423861432958534, 0.4587705135345459,170.91942665505832
000270.pid, truck, 11.940224528312688, -11.846791028976446, -3.510127156972885, 0.47355690598487854,163.73019372014323
000271.pid, car, 20.439810130907144, 4.464724374854045, -3.2416310932325274, 0.3696886897087097,11.16525048598376
000271.pid, car, 11.752634672018202, -11.688805396740253, -3.4823246185596166, 0.33415791392326355,149.90354159392302
000271.pid, truck, 11.560543363744566, -11.727654066952795, -3.3544228076934814, 0.5180900692939758,162.1317950212377
000272.pid, car, 11.618962440490726, -11.606525764465337, -3.5642049503326416, 0.48895296454429626,162.54616528534171
000272.pid, stop_sign, 8.59440081460136, -10.827784946986613, -3.870023897715975, 0.3495551645755768,86.26851115873409
000273.pid, car, 11.647299174604749, -11.638202437039084, -3.505635064223717, 0.6043614149093628,157.5959563837154
000274.pid, car, 11.695702105760576, -11.984285145998003, -3.494087927043438, 0.451607346534729,157.50104461335613
000274.pid, car, 20.389373415992377, 4.600518635341096, -3.232498134885514, 0.35310986638069153,25.648095181481132
000275.pid, car, 11.627205562591557, -11.647561009724939, -3.5313075304031374, 0.7892531156539917,166.23365297192186
000275.pid, stop_sign, 20.404595874604727, 4.61797300974528, -3.188478855859665, 0.34271693229675293,-163.59483476205003
000276.pid, person, 8.886090414864682, -10.371020862034397, -3.8270458493913924, 0.6500828266143799,-113.86103316246914
000276.pid, car, 11.532202902294344, -11.551542100452245, -3.458158322743007, 0.7436007857322693,154.08916048709253
000276.pid, car, 20.33153470357259, 4.645707825819652, -3.241289575894673, 0.33219143748283386,-3.7909969246496686
000277.pid, car, 11.58974898302997, -11.58425211023402, -3.6048081804204872, 0.7234253883361816,157.50686765709332
000277.pid, car, 20.325612449646, 4.695043158531187, -3.2197497129440302, 0.3269171416759491,3.9889246627458887
000277.pid, stop_sign, 8.549443364143375, -10.833754777908327, -3.863554060459136, 0.3465137183666229,90.3666994783587
000278.pid, person, 20.327323277791344, 4.7157656578790546, -3.2634764512379957, 0.35429060459136963,14.3171493941458
000278.pid, car, 11.430261039733889, -11.500746313730879, -3.631708304087321, 0.6845381259918213,152.89343666814386
000279.pid, car, 11.216549442660428, -11.38295185950495, -3.605668321732552, 0.799365758895874,156.558765121379
000279.pid, car, 20.332291179233128, 4.7443142731984445, -3.2543538279003563, 0.3310176432132721,15.475034714220998
000280.pid, car, 11.522261012684217, -11.561329494823113, -3.643081534992565, 0.7936680912971497,156.26902189356116
000281.pid, car, 11.081842124462131, -11.439486145973211, -3.5970312282443047, 0.769592821598053,159.16200473939116
000282.pid, car, 11.442577660083774, -11.487020164728168, -3.621236629784107, 0.7688877582550049,157.1403757925055
000282.pid, car, 20.041772333780923, 1.5275183994322996, -3.91509601275126, 0.592082142829895,-84.93317550482038
000283.pid, car, 11.396635975156515, -11.45417758396694, -3.5345225845064436, 0.8772477507591248,156.79626509132868
000283.pid, car, 20.089726297478926, 2.221931083421955, -3.8055823978624836, 0.5554527640342712,-84.68865666439098
000284.pid, car, 11.319922712114126, -11.462825483746002, -3.556331409348382, 0.8303760886192322,159.08069053130797
000284.pid, car, 10.774451891581222, -11.264623278663272, -3.469750767662411, 0.3733081817626953,127.90446787285866
000284.pid, car, 20.294439406622026, 5.0018621626354385, -3.2402372700827455, 0.31152042746543884,179.2390093836159
000285.pid, car, 11.301713252889702, -11.457179003748404, -3.6397977204158387, 0.8569008111953735,159.2081707837361
000285.pid, car, 20.043353557586673, 1.9972956723843966, -3.8640257418155666, 0.545146107673645,-84.91006154975372
000285.pid, car, 10.415626892676727, -11.08333382239709, -3.48321038026076, 0.3870513141155243,110.52646420320559
000286.pid, car, 11.199221874105524, -11.413488947111988, -3.5761289267704406, 0.8170540928840637,157.7706733253095
000286.pid, car, 11.48309347364638, -11.51045138747604, -3.5249298943413616, 0.46227332949638367,152.37263905070094
000286.pid, car, 20.24583583407932, 5.109112448162501, -3.3062836991416074, 0.4012846052646637,141.5124273365263
000287.pid, person, 20.260919647216795, 5.136307449340819, -3.3016822528839107, 0.40253010392189026,-9.148369605768487
000287.pid, car, 11.227730635440714, -11.435375271421494, -3.6287866794701777, 0.8547372221946716,157.8838944562923
000287.pid, car, 11.542237917582197, -11.52859999338786, -3.59301467736562, 0.35658130049705505,151.58435404355058
000288.pid, car, 11.042654404273403, -11.298419072077829, -3.510551984493549, 0.8608759641647339,156.5048134069531
000288.pid, car, 20.229918797810875, 5.182441340552434, -3.311651163631015, 0.36267322301864624,132.82689445743614
000289.pid, car, 11.275998942057296, -11.434385553995773, -3.6274023056030273, 0.8469738960266113,154.90781142930547
000289.pid, stop_sign, 8.5153912135533, -10.772222518920904, -3.8441446508680053, 0.4040854275226593,-84.72036187696963
000290.pid, person, 20.24524572160509, 5.257469786538015, -3.2857687340842348, 0.4057283103466034,161.04268896477038
000290.pid, car, 11.257429334852432, -11.550369792514381, -3.5784175749178284, 0.8216738700866699,158.14836456010295
000291.pid, car, 11.051456239488394, -11.499917807402438, -3.5808922891263615, 0.8442734479904175,159.13571359092234
000291.pid, car, 11.452762405077621, -11.572906255722051, -3.5600717167059575, 0.4844948649406433,150.05609803389322
000291.pid, car, 20.261488469441737, 5.317628510793048, -3.2561898390452058, 0.4596092700958252,175.53643444260865
000292.pid, person, 20.25214567638579, 5.357028257279167, -3.281158015841529, 0.4216881990432739,165.51344967789018
000292.pid, car, 11.308260345458987, -11.424336705889024, -3.5977638857705254, 0.8161195516586304,157.06534124466924
000293.pid, car, 11.072586550031392, -11.390428079877584, -3.6163141795567104, 0.7948198914527893,160.33960411214113
000293.pid, car, 20.29566011428833, 5.424637699127198, -3.29906051158905, 0.40294045209884644,174.454074736229
000293.pid, car, 10.551818646882712, -11.15996410972194, -3.446730450579994, 0.37523069977760315,127.91806048744664
000293.pid, car, 12.38452882766724, -11.813790655136108, -3.510584592819213, 0.3310016691684723,-98.86899090067686
000294.pid, car, 11.334162278608844, -11.44339194442287, -3.498400659272165, 0.69806307554245,160.3827407479244
000294.pid, car, 12.13969300009988, -11.687762000344016, -3.41524081880396, 0.36599403619766235,145.0627543247498
000294.pid, car, 20.27422504425049, 5.488324952125548, -3.278596878051757, 0.3297309875488281,165.2660041019663
000295.pid, car, 11.699505159931801, -11.924735776839722, -3.4450345423913773, 0.7339613437652588,162.11933355466329
000295.pid, car, 20.235546714381172, 5.528232725043044, -3.23149467769422, 0.4268512427806854,166.79676246205412
000295.pid, car, 10.39076021443243, -11.118830473526664, -3.4050366774849263, 0.3987334668636322,109.76057945038976
000295.pid, car, 12.203873784918537, -11.734845864145383, -3.4004669942353893, 0.3512327969074249,125.98838344366374
000296.pid, car, 11.30610697197192, -11.485041994037054, -3.5954945304177026, 0.8206168413162231,158.30817218502426
000296.pid, car, 20.29242515563965, 5.565052860661557, -3.2986976849405387, 0.3616248667240143,-173.35345380566028
000297.pid, car, 11.192738056182867, -11.486732602119451, -3.5783519645531974, 0.8260508179664612,160.64060328871642
000297.pid, car, 20.236738416883682, 5.606253809399074, -3.2475006977717076, 0.4510441720485687,159.75804900752254
000297.pid, car, 9.972868975471052, -11.089150597067443, -3.612614435308119, 0.4252240061759949,-19.509097222714942
000297.pid, car, 12.19125902652741, -11.804134428501133, -3.4004520624876013, 0.3702077269554138,114.0804782519113
000298.pid, car, 11.369468841552738, -11.399660644531254, -3.588569450378418, 0.8210834264755249,157.8942345376365
000298.pid, car, 10.350714921951297, -11.187324762344364, -3.523019462823867, 0.42495548725128174,-27.967015558878288
000298.pid, car, 20.314126841227214, 5.621285120646158, -3.227695322036743, 0.33127427101135254,174.9945736719017
000298.pid, stop_sign, 12.489789554050997, -11.781162806919642, -3.6452552420752378, 0.3250921964645386,-105.37928340573967
000299.pid, car, 11.017909049987798, -11.328233642578132, -3.5254127311706545, 0.8200880885124207,153.66391746416897
000299.pid, car, 11.332599258422857, -11.42641796112061, -3.482514896392822, 0.3206420838832855,145.24134025705672
000300.pid, person, 3.756633543968211, -15.916244983673106, -3.3600376844406137, 0.3095433712005615,-27.15475939972884
000300.pid, car, 11.098235244750981, -11.5174589920044, -3.5833875656127936, 0.842860996723175,152.44935794988592
000301.pid, car, 11.109155178070072, -11.477063996451246, -3.579937611307417, 0.8302307724952698,160.84952395856305
000301.pid, car, 11.433824806213384, -11.540569114685061, -3.5459036350250237, 0.4207340478897095,153.09381156471585
000301.pid, car, 20.25289916992188, 5.808918741014267, -3.2602564891179395, 0.33143770694732666,-5.344302275639144
000302.pid, car, 11.070331538165062, -11.485869337011273, -3.5336906203517207, 0.8408253788948059,164.1565656056889
000303.pid, car, 11.062393324715755, -11.539534432547438, -3.515075904982431, 0.796667218208313,160.73561079799995
000304.pid, person, 20.261922454833986, 5.908812967936196, -3.261547994613647, 0.4648914933204651,-19.75199595440333
000304.pid, person, 3.737399643117739, -15.956667639992464, -3.411778384988959, 0.32117795944213867,163.55195055576596
000304.pid, car, 11.172382278442385, -11.485419082641606, -3.5702552127838136, 0.7590417265892029,146.9566539396602
000304.pid, car, 10.443582659182345, -11.435335988583772, -3.522497975307961, 0.41004595160484314,150.46739668697106
000305.pid, person, 20.301912747896633, 5.949801738445576, -3.280476405070378, 0.5307207107543945,120.8613894185519
000305.pid, car, 11.244706295154717, -11.528442665382672, -3.4895803045343468, 0.5609030723571777,148.30700098436702
000306.pid, person, 20.28165864944458, 5.9697798490524265, -3.3122453888257337, 0.5411692261695862,-28.791358594475
000306.pid, car, 10.992703971862797, -11.614626770019534, -3.487405309677124, 0.7598196268081665,160.3250181722706
000306.pid, car, 10.410124079386398, -11.319254112243657, -3.423659737904865, 0.31189194321632385,119.16235153919284
000307.pid, person, 20.296278254191083, 6.018835449218748, -3.3107087930043533, 0.515734851360321,144.1422745046176
000307.pid, car, 10.935856274196086, -11.395021756490078, -3.474301326842535, 0.6610245704650879,140.26215620118407
000308.pid, person, 20.28614044189453, 6.026359293195936, -3.206173234515719, 0.4641161561012268,166.18227679222426
000308.pid, car, 10.89940542644925, -11.490395122104227, -3.223864025539822, 0.6780260801315308,161.41142335217845
000308.pid, car, 10.701504974365239, -11.171539039611817, -3.4598118400573723, 0.4342866539955139,140.16879724090515
000309.pid, person, 20.284074783325195, 6.094491885258601, -3.255838687603289, 0.47888821363449097,148.09036780382456
000309.pid, car, 10.718968261371964, -11.465810775756841, -3.4988120144063775, 0.8138681054115295,165.78472601043782
000310.pid, person, 20.277223413640804, 6.132425221529871, -3.204978162592106, 0.4768577516078949,-171.41759316682544
000310.pid, car, 10.616167215200575, -11.287215086130004, -3.0959328688108005, 0.688866138458252,23.531991028944105
000310.pid, car, 10.017958034168599, -11.0864489295266, -3.9800698323683306, 0.6497275233268738,165.24638076294542
000310.pid, car, 10.61790784200033, -11.171725227719264, -3.489191872732979, 0.45151910185813904,131.76914831376578
000311.pid, person, 20.248585040752705, 6.216652760138876, -3.2421808242797843, 0.6287292838096619,173.5746398988094
000311.pid, car, 10.5240338643392, -11.389779090881358, -3.12427478366428, 0.6593716740608215,30.11908444894325
000311.pid, car, 9.983596765078037, -11.36846586374137, -4.005298486122719, 0.5710826516151428,169.82808307871196
000311.pid, car, 7.923088723962963, -10.77735658125444, -3.737204009836369, 0.41522589325904846,111.07554614064267
000311.pid, car, 10.581091774834531, -11.288070307837597, -3.6972914934158307, 0.32093989849090576,123.17273963620954
000312.pid, person, 20.276453781127934, 6.260553884506223, -3.1459072828292833, 0.525562047958374,144.82144741677934
000312.pid, car, 10.459066527230405, -11.237888517833895, -3.5386839594159807, 0.5926700234413147,161.03058025013183
000312.pid, car, 7.8072735468546615, -10.559264553917778, -3.6965534687042227, 0.3864041864871979,-70.72297218135864
000313.pid, person, 20.228360262784093, 6.28560668771917, -3.1707862723957394, 0.41720667481422424,165.3823178712949
000313.pid, car, 10.232098158015765, -11.225627012031026, -3.313392866489499, 0.8325005173683167,-164.4236745189908
000313.pid, car, 9.909171093341918, -11.079881047093592, -3.3061383214107773, 0.4601801931858063,-11.096481665229561
000314.pid, car, 9.969153814845619, -11.193176613913646, -3.3900260660383434, 0.7717510461807251,170.88259179851585
000315.pid, car, 10.024241805076604, -11.163656314214073, -3.626444386111366, 0.7753518223762512,-163.22547050872495
000316.pid, person, 20.231207105848526, 6.440142525566948, -3.218557013405693, 0.4072588086128235,151.46484760062611
000316.pid, car, 9.505426692962653, -10.7568916797638, -3.8906919956207275, 0.7537355422973633,-155.44378910019915
000316.pid, car, 7.026373555583343, -10.572534038174538, -3.675423560603972, 0.3731285631656647,-129.92681422605102
000317.pid, car, 8.839246823237499, -10.688204325162456, -3.8505753920628476, 0.802038311958313,-157.9990119967357
000317.pid, car, 6.826511347735372, -10.62231328752306, -3.695073419147067, 0.36696118116378784,48.15539988659596
000318.pid, person, 20.188375155131027, 6.530638058980304, -3.2364372809727975, 0.39438602328300476,169.05555922033275
000318.pid, car, 8.624550764377307, -11.000068591191226, -3.672500353593093, 0.589532196521759,-127.07924812117349
000318.pid, car, 8.870019061224806, -10.615223067147392, -3.6544307640620635, 0.42913758754730225,-153.46017235228035
000318.pid, car, 6.786185852686567, -10.635941282908123, -3.7251002947489416, 0.3713052272796631,-157.9065868410218
000319.pid, person, 20.192944335937504, 6.573958778381346, -3.235025310516356, 0.3356020450592041,169.41731144997473
000319.pid, person, 3.727352009879226, -15.887444072299546, -3.2639147440592446, 0.33524468541145325,-14.719636487494974
000319.pid, car, 7.814857473740217, -11.396102941953224, -3.731801152229309, 0.831954836845398,-125.84047669944329
000319.pid, car, 7.207290967305507, -10.683948516845707, -3.7436825831731144, 0.37530067563056946,-8.522840307831492
000320.pid, car, 7.681513948874047, -10.968690872192388, -3.8119923960078848, 0.8710240721702576,-122.6172996082426
000320.pid, car, 7.425871524810796, -10.629762382507328, -3.7174803733825676, 0.4139104187488556,163.36964263743315
000321.pid, person, 20.314665158589687, 6.690061648686726, -3.258724252382913, 0.45124444365501404,-166.81392024812823
000321.pid, car, 7.536573529243479, -10.886404832204189, -3.8324569596184626, 0.8866757750511169,-118.25329496015871
000321.pid, car, 6.81314732598477, -10.109218972628234, -3.4635919899236955, 0.4219985008239746,-3.0748599534790273
000322.pid, car, 7.422848332312803, -10.266365543488538, -3.8278537642571235, 0.6151177287101746,-118.22489542447897
000322.pid, car, 6.507229648317612, -10.064751366206579, -3.485095770018441, 0.4818602502346039,2.5260651828285385
000323.pid, person, 20.298801694597522, 6.757043021065847, -3.2556443214416495, 0.5059953331947327,-167.77206678492337
000323.pid, person, 3.6869011521339496, -15.8691704273224, -3.2584887742996216, 0.31739476323127747,-15.045840281082405
000323.pid, car, 6.858632098544734, -10.539823011918507, -3.912156744436784, 0.7681743502616882,-112.23927763330977
000323.pid, car, 6.44438832146781, -9.888899031139555, -3.4534886905125206, 0.5102406740188599,170.4518718131797
000323.pid, car, 3.5695807500319106, -9.551230517300695, -4.399647539312189, 0.41647690534591675,-80.88164980853162
000324.pid, person, 20.358021926879882, 6.791102981567382, -3.171943235397337, 0.30627962946891785,-161.53708830967315
000324.pid, car, 6.371224641799935, -10.29355852420514, -4.015089071713961, 0.8901916742324829,-108.13885736698083
000324.pid, car, 6.163988326277055, -9.855284248079572, -3.5571631916931694, 0.4374887943267822,-165.76606679999415
000325.pid, person, 20.32511925697327, 6.840505421161651, -3.2387111783027644, 0.30613815784454346,9.316766068642371
000325.pid, car, 5.837729679910763, -9.776091324655635, -3.5143649578094474, 0.4350704848766327,31.516667785082483
000326.pid, person, 20.278948068618778, 6.9339901208877555, -3.338567584753035, 0.4197126030921936,-173.5237547179638
000326.pid, car, 3.376538959042786, -11.536238440151873, -3.6634864971555507, 0.40968993306159973,-76.15222789930192
000327.pid, person, 20.269693919590544, 6.962319850921632, -3.2389914648873455, 0.47707340121269226,6.675353446346331
000327.pid, car, 3.6906381586323675, -12.16351094453231, -3.5889146327972408, 0.31736665964126587,-81.40650789414073
000328.pid, person, 20.194861306084526, 7.057509687211777, -3.2626905706193705, 0.549527645111084,-1.7091896223034464
000329.pid, person, 20.27839016914368, 7.086457133293149, -3.2061498463153826, 0.5184739232063293,-158.65961884002562
000329.pid, person, 3.7160981655120935, -15.934826469421392, -3.3720094680786135, 0.34961220622062683,-3.924936505828761
000330.pid, person, 20.158840179443363, 7.136387109756468, -3.1993836462497702, 0.4462282955646515,168.73256391668002
000331.pid, person, 20.243993214198525, 7.169471059526715, -3.220494134085517, 0.41537711024284363,-156.00007507844413
000331.pid, person, 3.7544374995761536, -15.908408059014224, -3.3180340925852456, 0.3092384934425354,-24.266227152037153
000332.pid, person, 20.151184293958877, 7.194358083936901, -3.2813208368089457, 0.35434141755104065,11.05518724239167
000332.pid, person, 3.7577828060497014, -15.924446972933692, -3.3548465858806265, 0.3144393861293793,148.71409043526322
000332.pid, car, 1.3817107115800609, -8.598450293907758, -3.8029010112469, 0.310037225484848,-14.314697515526898
000333.pid, person, 20.14428520202637, 7.26574592590332, -3.1955795049667346, 0.45400696992874146,2.6988991738511903
000334.pid, person, 20.116130447387697, 7.325160837173461, -3.250310325622558, 0.3952687680721283,2.1262445677007884
000335.pid, person, 20.13510303497315, 7.399452781677246, -3.1888448476791367, 0.41314366459846497,177.76353956409383
000337.pid, person, 20.171409953724254, 7.522005991502241, -3.1244237422943097, 0.42717212438583374,-167.8271835308374
000338.pid, person, 20.059056888927117, 7.580554138530385, -3.219103054566816, 0.4379621148109436,166.99146820124258
000339.pid, person, 20.09637451171875, 7.634359571668834, -3.004299428727891, 0.5237468481063843,170.4206006874129
000339.pid, car, -2.8282443483670487, -7.721166332562764, -3.8402969290812803, 0.3180270493030548,-26.01522644452431
000340.pid, person, 20.046897194602273, 7.664681824770841, -3.153477148576215, 0.3367137908935547,-5.700681493976294
000340.pid, motorcycle, 39.78784637451173, -44.2405502319336, -2.422896194458006, 0.3005733788013458,-37.87853063967309
000341.pid, person, 20.036460304260256, 7.689759874343872, -3.260716533660888, 0.4322509765625,171.53701148358093
000342.pid, person, 20.07308578491211, 7.7513932651943644, -3.166753265592786, 0.4911409616470337,178.03521358165378
000343.pid, person, 19.96854639053345, 7.807983318964638, -3.235320885976155, 0.32267019152641296,175.58431204314695
000344.pid, person, 19.951919555664066, 7.837196548779803, -3.2214413086573277, 0.3626483678817749,-172.684282417873
000345.pid, person, 19.92536984957182, 7.874505263108474, -3.234883876947255, 0.33576610684394836,17.869492890849106
000346.pid, person, 19.89639218648275, 7.9026170836554614, -3.315664927164712, 0.4524189829826355,-159.62528433241064
000347.pid, person, 19.88691501617432, 7.94545392990112, -3.280644416809081, 0.47799256443977356,5.691482178575324
000348.pid, person, 19.873885521521938, 7.998571836031399, -3.289211639991173, 0.4465084969997406,-170.23827566774332
000349.pid, person, 19.85972513471331, 8.004491737910676, -3.316636460168019, 0.5049673318862915,4.048702895286347
000350.pid, person, 19.80616272820367, 8.06383842892117, -3.253601074218749, 0.39462703466415405,176.35988234265767
000351.pid, person, 19.810708999633793, 8.1282924413681, -3.289302557706831, 0.3972662687301636,166.55950599558815
000353.pid, person, 19.77796718052456, 8.267500604901993, -3.3507411479949942, 0.44852736592292786,162.54405709524147
000354.pid, person, 19.799659093221035, 8.290271282196043, -3.5555611451466853, 0.45554035902023315,120.88466103450729
000355.pid, person, 19.80305417378744, 8.331960678100584, -3.4056183497110992, 0.35234135389328003,168.91795154278506
000356.pid, person, 19.82969379425049, 8.365373452504473, -3.246313254038491, 0.4859197735786438,143.43871608552604
000357.pid, person, 19.70137468973796, 8.477533658345537, -3.3346414963404327, 0.5025549530982971,140.0484760030005
000358.pid, person, 26.247806549072273, -15.43243558066232, -3.4600634234292142, 0.5313444137573242,-68.58446607514583
000359.pid, person, 19.754323747422962, 8.552018907335066, -3.377057128482394, 0.5863932967185974,-5.203041786161805
000360.pid, person, 19.767812410990402, 8.565212567647297, -3.2340951760609933, 0.5782588720321655,128.14194112757374
000361.pid, person, 19.674775804792137, 8.655839375087192, -3.2014631543840673, 0.525275707244873,148.49016946768577
000362.pid, person, 19.666869878768924, 8.685236811637878, -3.349464386701583, 0.616119921207428,166.006224397851
000363.pid, person, 19.667116641998295, 8.71481192111969, -3.208472967147826, 0.6395330429077148,61.80591747163842
000364.pid, person, 19.600852693830223, 8.740370205470489, -3.4240758419036856, 0.5791350603103638,153.43806875217967
000365.pid, person, 19.66672733851842, 8.76830754961286, -3.398541450500486, 0.5184110403060913,1.6752752632866175
000366.pid, person, 19.660138660007057, 8.811377843221026, -3.390835735532972, 0.5316343307495117,173.5879802767601
000367.pid, person, 22.173963864644374, -0.4142985343933117, -3.3503529628117867, 0.4825747311115265,-68.23801685258772
000368.pid, bicycle, 19.616615056991577, 8.913344383239746, -3.3707665205001818, 0.5184422135353088,172.54480680065117
000369.pid, person, 19.563863330417213, 8.983474837409126, -3.3988275263044563, 0.538004994392395,165.01818306614578
000370.pid, person, 19.582549095153812, 9.044845581054688, -3.179359853267669, 0.584164559841156,9.341077589549586
000371.pid, person, 19.514225482940677, 9.107377290725704, -3.3240867257118216, 0.635482132434845,168.17044554175604
000371.pid, person, 3.703098123723819, -15.954614812677567, -3.4159987839785497, 0.3122207522392273,179.1135665961748
000371.pid, car, 19.911305147058826, -0.5564643457970223, -4.303714780246509, 0.8284441828727722,-66.95009004334156
000372.pid, person, 22.945461697048618, -3.3962316513061572, -3.3629230923122813, 0.5267652273178101,-68.37565668122411
000372.pid, person, 3.724676450093595, -15.90320099724665, -3.315520366032919, 0.30582454800605774,-25.052332438910515
000373.pid, person, 19.537390136718752, 9.143572521209716, -3.280732822418212, 0.48996201157569885,-1.040509086833711
000374.pid, person, 19.48207454681397, 9.161655616760253, -3.31132686138153, 0.6368820667266846,173.49462779458875
000375.pid, person, 19.481112639109295, 9.22714575131734, -3.3500180244445796, 0.5228989720344543,175.89971367064916
000376.pid, person, 23.923037937709267, -6.919673102242607, -3.463207381112234, 0.340788871049881,-68.35537019561869
000377.pid, person, 19.41220994429155, 9.292584419250488, -3.380835446444424, 0.4274953603744507,174.9384193482181
000378.pid, person, 22.827081680297855, -3.239975505405006, -3.4471770127614323, 0.3525579571723938,-68.26052821921911
000379.pid, person, 19.36788215637207, 9.379184436798093, -3.402793335914611, 0.5026364326477051,-168.25827193874125
000379.pid, stop_sign, 41.12805786132814, -53.35687103271484, -3.295338344573974, 0.43844670057296753,-167.1758542246252
000380.pid, person, 19.3553129196167, 9.39002809524536, -3.384764933586119, 0.5630322694778442,176.47905956652937
000381.pid, person, 19.342211636629973, 9.421343543312766, -3.4297340132973404, 0.5242013931274414,-172.89747754641317
000382.pid, person, 19.324205745350234, 9.46730448982932, -3.4161550781943575, 0.5900910496711731,172.9198623692128
000383.pid, person, 19.347117337313566, 9.524351380088113, -3.2394646948034107, 0.5723748803138733,172.5319840410003
000384.pid, person, 19.346554669466887, 9.528790127147325, -3.3655900738456026, 0.3214167058467865,165.78675645824367
000386.pid, person, 19.347217983669708, 9.624226676093205, -3.4175069067213264, 0.38104048371315,151.4928719606977
000387.pid, person, 21.54685129438128, 1.5326053074427983, -3.5244275501796167, 0.5236740708351135,-68.69556112976665
000388.pid, person, 19.360626459121708, 9.707216739654541, -3.44810965657234, 0.5817810297012329,151.00758970629676
000389.pid, person, 19.332178497314455, 9.755260372161862, -3.3726670503616325, 0.47327327728271484,156.66520625167934
000389.pid, stop_sign, 39.90821990966797, -44.312582397460936, -2.7055180072784415, 0.49396783113479614,-33.451352128545835
000390.pid, person, 19.347104753766747, 9.797397613525387, -3.3329835278647275, 0.484028160572052,148.8658137029737
000391.pid, person, 19.360149171617298, 9.81011708577474, -3.3875051869286423, 0.5806515216827393,150.69699394393587
000392.pid, person, 19.376322984695435, 9.8397741317749, -3.268091201782225, 0.6390232443809509,-21.922246557110768
000393.pid, person, 19.327732086181644, 9.904215070936411, -3.4262604978349462, 0.4811458885669708,153.92847337467074
000394.pid, person, 19.320959938897026, 9.94971720377604, -3.4553885724809428, 0.545666515827179,146.9732889151776
000394.pid, car, 19.917468190193176, -0.5938996784389037, -4.298964053392409, 0.7463518381118774,-68.63435249446104
000395.pid, person, 19.33793449401856, 9.957278598438608, -3.349462379108775, 0.5163284540176392,-5.497299476346315
000396.pid, person, 23.776436669485918, -6.38139547620501, -3.4952701841081875, 0.5132145285606384,-68.47182861453561
000397.pid, person, 19.305504904852977, 10.064126332600912, -3.3316759533352314, 0.4272448718547821,147.40852349580626
000398.pid, person, 23.206188678741462, -4.274616837501524, -3.506708413362502, 0.38204023241996765,-68.41599076818869
000399.pid, stop_sign, 37.39582951863607, -42.76488240559896, -2.5366406838099134, 0.4460360109806061,-148.9380630701915
000401.pid, person, 19.320512226649694, 10.188966342381066, -3.4116803918566005, 0.45970043540000916,-6.927089075162238
000401.pid, car, 19.914471626281742, -0.5375915429322085, -4.303240835666656, 0.8444027900695801,-66.98325615891142
000402.pid, person, 19.356943130493168, 10.254318101065499, -3.364186593464441, 0.4857577085494995,-4.785051349270379
000402.pid, stop_sign, 37.315753936767585, -43.290635108947754, -2.5802819728851296, 0.5401010513305664,-103.39686086719115
000403.pid, person, 19.280650138854984, 10.355115413665768, -3.3551302353541037, 0.4264703094959259,-26.851492515248253
000404.pid, person, 19.289936828613286, 10.386928749084472, -3.48517084121704, 0.4259684979915619,-85.22470878216251
000405.pid, stop_sign, 40.059960683186866, -44.37601216634116, -2.549215475718177, 0.38523033261299133,-50.06228204176418
000406.pid, person, 19.38623237609864, 10.42100954055786, -3.2343176007270795, 0.4160413146018982,146.18351456104904
000409.pid, person, 19.258600616455084, 10.50712776184082, -3.308215522766112, 0.3983718156814575,140.5219729300999
000410.pid, person, 19.22187757492066, 10.622153520584106, -3.4187180399894697, 0.3879563510417938,52.661543158490325
000411.pid, person, 19.22772941589356, 10.618844413757326, -3.2734075546264636, 0.4199337661266327,153.3480861929851
000412.pid, person, 19.226957003275555, 10.680539925893148, -3.417062799135843, 0.4699351191520691,134.75918011139282
000413.pid, car, 19.93912686241998, -0.5908307640088952, -4.299977329042222, 0.5491965413093567,-68.39058676779507
000414.pid, stop_sign, 39.62570724487305, -44.05817642211914, -2.6921445846557597, 0.3053891360759735,-119.73410383540761
000415.pid, person, 24.38261191050212, -8.5676539738973, -3.606347123781838, 0.42801323533058167,-68.51012468064198
000419.pid, person, 19.26858139038086, 11.029424476623536, -3.24211230278015, 0.48133420944213867,-26.797978745006233
000419.pid, person, 3.7231079339981124, -15.934891986846926, -3.373866391181944, 0.3155880570411682,172.05668922695767
000419.pid, car, 19.80146848238432, 0.3009972526476895, -4.231715587469247, 0.8237563371658325,99.79430411877505
000420.pid, person, 34.88375854492188, -47.32722600301107, -3.6529703934987374, 0.6104227304458618,47.33898204258619
000421.pid, person, 19.328800201416023, 11.117161560058591, -3.3172986984252915, 0.585781991481781,126.10802516220473
000421.pid, stop_sign, 41.161650848388675, -53.399539184570315, -3.297934722900389, 0.41225120425224304,-153.79617672466873
000422.pid, person, 19.246918678283695, 11.224247694015503, -3.023277282714843, 0.4868967533111572,58.42504510616052
000423.pid, person, 19.302415847778327, 11.222731113433836, -3.1747019290924063, 0.4630449116230011,-69.40817146588
000424.pid, person, 23.198688030242927, -3.3682034015655518, -3.251152902841567, 0.4909075200557709,-68.66357795606788
000425.pid, person, 19.256398064749586, 11.297963006155827, -3.1984025750841405, 0.4713861048221588,-18.674109592956373
000426.pid, person, 21.50977652413505, 2.992947987147738, -3.1809382098061683, 0.4601171314716339,-68.50380000686619
000426.pid, stop_sign, 40.11412334442139, -44.2092571258545, -2.691747248172759, 0.40803971886634827,-38.16894111189561
000427.pid, person, 19.247359911600753, 11.365290959676107, -3.257467786471048, 0.44273003935813904,-166.74676723172223
000428.pid, person, 21.82174396514893, 1.7132118542989094, -3.121246417363482, 0.4817828834056854,-68.50487384176029
000428.pid, stop_sign, 39.402258555094406, -44.157517751057945, -2.2964805761973035, 0.4888698160648346,-107.11859546253416
000429.pid, person, 19.15024212428502, 11.515088626316615, -3.1265386513301294, 0.4946155250072479,34.091953018008155
000430.pid, person, 19.226946830749515, 11.591922918955483, -3.2465746800104767, 0.4335738718509674,-14.98564824947109
000431.pid, person, 21.469954354422438, 3.2121524810791016, -3.194020611899238, 0.43277984857559204,-68.52479943421062
000432.pid, person, 19.17932014465332, 11.654556465148925, -3.0405886173248278, 0.3734108805656433,-26.68629003405249
000434.pid, car, 20.186079263687137, -1.3106896774843362, -4.298481911420821, 0.7949823141098022,-64.27201807766656
000434.pid, stop_sign, 38.06864992777508, -42.97581545511881, -2.2207143902778603, 0.4799644947052002,4.526736150036895
000436.pid, person, 19.207655715942387, 11.882119369506835, -3.1106700420379627, 0.4795987606048584,-135.444844712525
000437.pid, person, 19.279461724417555, 11.902018819536481, -3.1337570122310083, 0.6185158491134644,-65.2156105489189
000438.pid, person, 19.269103050231934, 11.931679248809813, -3.175185680389403, 0.6074674725532532,-63.20807460267091
000438.pid, car, 19.890817133585617, -0.4696428907414287, -4.304487609863281, 0.8366079926490784,-66.83047546164494
000439.pid, person, 19.28821182250977, 11.915815591812134, -3.1663675606250754, 0.6075295805931091,104.69123833957583
000440.pid, person, 19.258905410766605, 12.001287778218588, -3.0594804684321075, 0.4763347804546356,103.18987331994886
000441.pid, person, 19.26018651326498, 12.015200773874916, -3.1801238457361847, 0.7307236194610596,112.27864774732795
000442.pid, person, 22.768042882283535, -1.1673512988620358, -3.243598990970186, 0.7844845652580261,-68.85321233865176
000443.pid, person, 19.24069952964783, 12.074645876884459, -3.205764800310134, 0.7606462836265564,121.76449616645216
000444.pid, person, 19.172654724121095, 12.091040420532227, -3.2662774085998523, 0.7856618762016296,154.1064920087488
000445.pid, person, 19.159560012817384, 12.189043617248535, -3.2494687080383287, 0.7793089151382446,-55.654394088002
000446.pid, person, 21.40637942722866, 3.7718230656215104, -3.2870051860809317, 0.7120485901832581,-68.677927255392
000447.pid, person, 19.110336621602382, 12.268607775370276, -3.2205429474512726, 0.7626168131828308,160.75978550912123
000448.pid, person, 24.438930511474613, -7.548968156178792, -3.252962708473204, 0.7226183414459229,-68.83806565972509
000449.pid, person, 19.122569402058925, 12.347178777058916, -3.220562696456908, 0.5546705722808838,160.0297292054084
000449.pid, car, 20.20935325622559, -1.3284349183241517, -4.297826608022053, 0.8557147979736328,-63.9134782963778
000450.pid, person, 19.10308774312338, 12.48015753428141, -2.9045058091481515, 0.5086163282394409,-69.05504950519773
000451.pid, person, 19.161165618896494, 12.457598686218258, -3.069612360000609, 0.49719226360321045,-67.47801251313223
000451.pid, car, 19.814896656916694, 0.3161341192630583, -4.256974972211397, 0.8790108561515808,100.08153161906436
000452.pid, person, 24.48931884765626, -7.429176330566402, -3.444496949513752, 0.33811628818511963,-68.75255732869363
000452.pid, stop_sign, 39.67985280354818, -43.66858673095703, -2.5195589065551744, 0.35985347628593445,-146.5052604205785
000454.pid, stop_sign, 38.68409220377604, -43.86393610636393, -2.4959831237792955, 0.37588274478912354,-165.18760179148987
000455.pid, car, 19.915830275591684, -0.578062595772176, -4.3005623256458945, 0.8536983132362366,-67.91454348988492
000456.pid, person, 27.060027122497566, -17.4170515537262, -3.5450969338417035, 0.630944013595581,-68.98436372272937
000457.pid, person, 19.158856074015304, 12.741600831349688, -3.2376449505488067, 0.7174723744392395,82.77329806510281
000458.pid, person, 19.171581268310547, 12.740385532379149, -3.232741832733153, 0.6969101428985596,103.79204337163848
000459.pid, person, 19.174766302108768, 12.782361626625057, -3.2816036641597734, 0.6828471422195435,102.63969275090882
000460.pid, person, 19.118371963500977, 12.860364151000976, -3.30786724090576, 0.7596059441566467,93.07157063955069
000461.pid, person, 19.1354672908783, 12.865057229995724, -3.281994402408599, 0.8229145407676697,115.95587573556625
000461.pid, car, 19.858493123735705, -0.44651185215584377, -4.305680002485002, 0.7985235452651978,-67.81062573515803
000462.pid, person, 19.10261964797974, 12.886121749877926, -3.2947992384433737, 0.8005892038345337,115.77061464772768
000463.pid, person, 19.09285872323173, 12.92347254071917, -3.4103639466421933, 0.8193961381912231,-53.507206149800844
000463.pid, person, 3.7995181083679253, -15.940696928236227, -3.376958184772066, 0.30898115038871765,-34.58344989509802
000464.pid, person, 19.06827463422503, 13.023608071463448, -3.193488529750278, 0.8009914755821228,117.24050422018564
000465.pid, person, 19.05516576766968, 13.061184406280518, -3.328018635511398, 0.8178620934486389,107.94930008102286
000466.pid, person, 19.041405571831596, 13.072287241617838, -3.413108136918808, 0.8214645385742188,107.26979624343393
000467.pid, person, 19.04637479782105, 13.155749082565308, -3.4650964438915235, 0.7629673480987549,99.8381157845894
000467.pid, car, 19.93778284858255, -0.646795197444807, -4.298345846288344, 0.627598762512207,-68.1751026728071
000467.pid, stop_sign, 38.385469436645515, -42.888787587483726, -2.0642661650975533, 0.44822341203689575,10.882527388978444
000468.pid, person, 19.04439481099447, 13.17422368791368, -3.407959408230251, 0.764416515827179,115.7001455281785
000469.pid, person, 19.04536104202271, 13.214197278022764, -3.472209393978118, 0.7253600358963013,93.3188159280588
000470.pid, person, 20.807641347249348, 6.552710745069713, -3.4269745349884024, 0.5710567235946655,-68.77710710096042
000470.pid, stop_sign, 39.41444651285807, -44.162677764892585, -2.2970390319824197, 0.35052189230918884,-110.77602092541028
000471.pid, person, 18.995912006923135, 13.351966176714216, -3.4105632305145255, 0.5856781005859375,94.58516080610822
000472.pid, person, 18.99189491271973, 13.350175857543945, -3.4401382923126205, 0.6527518630027771,103.09704127784147
000473.pid, person, 18.992330006190713, 13.405510629926406, -3.26982055391584, 0.6518178582191467,100.14000622707968
000473.pid, car, 19.914796956380208, -0.48473557184140076, -4.305310249328612, 0.8740869164466858,-65.87900915772806
000474.pid, person, 20.969533443450928, 5.882030010223389, -3.3127643167972556, 0.7667739391326904,-68.79970133204233
000475.pid, person, 18.990502357482914, 13.476871776580811, -3.386299324035644, 0.756397008895874,102.4111254396586
000476.pid, person, 21.00718569755555, 5.921069860458374, -3.458721816539763, 0.7787100672721863,-68.79667243025105
000477.pid, person, 18.979544533623592, 13.513698895772299, -3.5122457875145785, 0.8321213126182556,129.19772773482478
000478.pid, person, 18.96375131607056, 13.545821547508236, -3.5187372863292676, 0.8132880926132202,112.64076801935369
000478.pid, stop_sign, 39.04009183247884, -43.06003189086915, -2.7693817416826865, 0.38773787021636963,169.3999618247092
000479.pid, person, 21.858766902576797, 2.566849535161796, -3.561939629641445, 0.80806565284729,-69.01113523233292
000480.pid, person, 18.889695167541507, 13.656891703605648, -3.4904619157314283, 0.8088012933731079,-46.92628892680548
000481.pid, person, 18.85568714141846, 13.709620380401612, -3.4739592313766474, 0.8231011033058167,-32.66961927151685
000482.pid, person, 20.840825557708744, 6.167565584182737, -3.4402164220809923, 0.8072192072868347,-68.70133709025737
000483.pid, person, 18.80593700408936, 13.810883808135987, -3.424067878723144, 0.8312367796897888,169.73927146947744
000484.pid, person, 18.785778893364803, 13.862092759874129, -3.584934923383923, 0.7192325592041016,-165.05084037307515
000485.pid, person, 21.08215713500977, 5.201958520071846, -3.2801684652056005, 0.7271696925163269,-68.73502180324684
000485.pid, stop_sign, 39.33307075500489, -43.98417218526205, -2.678751349449156, 0.3389366567134857,144.4070889618541
000486.pid, person, 18.744310140609745, 13.91965103149414, -3.229984074831007, 0.7300819754600525,127.77024735581942
000487.pid, person, 18.758637905120853, 13.982221484184262, -3.354795664548873, 0.44310590624809265,-170.6396542296462
000488.pid, person, 18.737536839076455, 14.010740416390556, -3.198653118950979, 0.5692766308784485,-168.23116067465944
000489.pid, person, 18.726845741271976, 14.082535107930502, -3.2250159581502262, 0.5434924960136414,-157.88895149860144
000489.pid, car, 19.889477284749354, -0.5045608008901316, -4.303253491719563, 0.839529812335968,-68.16942460416243
000490.pid, person, 18.751620483398444, 14.150146675109857, -3.189118909835815, 0.4776676297187805,124.00343628307606
000490.pid, stop_sign, 39.79362106323243, -44.25680389404297, -2.423482465744018, 0.44969692826271057,-41.86499460876114
000491.pid, person, 18.755316543579106, 14.214450454711914, -2.9786603927612294, 0.6850914359092712,-37.810822573891166
000492.pid, person, 18.729370594024665, 14.238542556762695, -3.02188330888748, 0.6131973266601562,114.21786854822517
000492.pid, stop_sign, 39.838842773437506, -44.296810150146484, -2.4258833408355693, 0.4709849953651428,-35.97752013937631
000493.pid, person, 18.729242706298834, 14.285687255859372, -3.1924430370330796, 0.4931008517742157,120.62644963434389
000494.pid, person, 18.69987487792969, 14.330763816833494, -3.0267799496650687, 0.4322371482849121,110.42897553886256
000495.pid, stop_sign, 18.63385925292969, 14.35328102111816, -3.2227415084838853, 0.31266579031944275,-143.66164709038745
000496.pid, person, 18.58178465706962, 14.416783877781455, -3.357141290392193, 0.4755455255508423,-140.79575508750966
000497.pid, person, 18.599410057067878, 14.447068214416499, -3.144123315811155, 0.5338110327720642,-167.60887572940922
000498.pid, person, 18.561322106255428, 14.513534863789877, -3.295363267262776, 0.6486070156097412,179.78678450250277
000499.pid, person, 21.312165260314945, 4.312596956888837, -3.2744925419489532, 0.6990582346916199,-68.71382148144471
000500.pid, person, 18.57317161560059, 14.596125284830729, -3.275477806727091, 0.7231937050819397,172.1431057694226
000501.pid, person, 18.583161490304132, 14.649381910051618, -3.2986951555524535, 0.6577042937278748,-25.87614474193822
000502.pid, person, 18.56289609273275, 14.696901109483504, -3.2805852360195575, 0.5795523524284363,164.0541598837557
000503.pid, person, 18.556249346051903, 14.74004677363804, -3.243362188339231, 0.40211221575737,170.06615304118228
000504.pid, person, 18.60503800710043, 14.777782917022705, -3.417150060335794, 0.686932384967804,104.96420222648139
000504.pid, stop_sign, 40.12668418884278, -44.29639148712159, -2.693090379238126, 0.4869142770767212,-42.04652382279182
000505.pid, person, 18.617368221282966, 14.804490327835081, -3.3965057730674735, 0.6947405934333801,5.593934261557579
000506.pid, person, 18.627242565155036, 14.811913728713986, -3.5181007981300345, 0.7646965384483337,-99.93179100064404
000507.pid, person, 25.139476394653325, -9.972041893005374, -3.467415904998778, 0.753425121307373,-69.06585533118039
000508.pid, person, 18.6053376197815, 14.97683358192444, -3.240330278873442, 0.7208918333053589,128.72105100201313
000509.pid, person, 18.61316776275635, 15.048222303390503, -3.4087883234024035, 0.6812615990638733,-65.93269186627631
000512.pid, person, 18.664578846522744, 15.150866508483885, -3.3749002729143407, 0.6068401336669922,-17.59992499202802
