000031.pid, person, 20.99698638916016, -3.9118349154790297, -3.1841232379277553, 0.4615519940853119,101.71126688383427
000032.pid, person, 21.002291917800907, -3.929304212331778, -3.2383434176445007, 0.5367347002029419,102.26786408283115
000032.pid, stop_sign, 38.27271804809571, -43.72395706176758, -1.9589040756225558, 0.5716248750686646,46.196584035607444
000033.pid, person, 20.96758079528809, -3.9434263441297808, -3.164098580678304, 0.5346835851669312,124.36471575334116
000034.pid, person, 20.945010715060768, -3.9186754756503697, -3.1622488233778214, 0.7673826217651367,-41.8788303771392
000035.pid, person, 20.939041137695316, -3.9012245110103123, -3.1529596873692105, 0.7261871099472046,101.83805547684521
000035.pid, stop_sign, 38.53266525268555, -43.520073481968474, -2.074367710522242, 0.5942168235778809,-127.39325299630383
000036.pid, person, 20.91299962997437, -3.8687064349651394, -3.1629389524459843, 0.671619176864624,119.60047356533849
000037.pid, person, 20.869447163173135, -3.8461043153490393, -3.131347758429391, 0.4676715135574341,131.42444144273475
000038.pid, person, 20.804840803146366, -3.7575085163116517, -3.177356868982315, 0.4012070596218109,-46.009424128129496
000039.pid, person, 20.78474871317546, -3.7335739930470844, -3.1897283792495728, 0.42250990867614746,134.58868641454063
000040.pid, person, 20.809971400669646, -3.676189729145601, -3.1869808265141084, 0.4317825734615326,121.52776367974508
000040.pid, stop_sign, 37.505250549316415, -44.43655853271484, -2.434277606010436, 0.48725414276123047,-51.76040454838734
000041.pid, person, 20.874851989746098, -3.7092266559600895, -3.2887734889984137, 0.323208749294281,-50.701419806656226
000042.pid, person, 20.82402483622234, -3.6101072629292865, -3.228996038436889, 0.46708616614341736,158.7420682416613
000042.pid, stop_sign, 38.31138801574707, -43.48673947652181, -2.0763270457585645, 0.5210588574409485,-108.42527473213585
000046.pid, person, 20.800179958343513, -3.3742144703865113, -3.1549278497695923, 0.3826737403869629,142.734419376068
000046.pid, stop_sign, 38.312249501546226, -43.47437731424967, -2.0761524637540165, 0.4616098701953888,-108.10220818600382
000048.pid, person, 20.80286343892416, -3.3334650993347226, -3.2181379000345878, 0.37862807512283325,155.19468187907347
000049.pid, person, 22.69243144989014, -11.703274522508895, -3.211549494947705, 0.3004225194454193,-73.22357581656422
000049.pid, stop_sign, 38.312238693237305, -43.48159917195638, -2.0765285491943355, 0.3711634576320648,-106.15909489939119
000050.pid, person, 20.828048070271816, -3.2718426783879653, -3.141759475072225, 0.6103360652923584,146.66806803806136
000050.pid, person, 23.353898713082977, -15.365801189884994, -3.2316937518842286, 0.3293578326702118,100.54602684105478
000051.pid, person, 20.835634549458828, -3.216220537821458, -3.314337968826294, 0.6955885887145996,-66.6946243362055
000052.pid, person, 20.77500953674317, -3.126798820495611, -3.27730712890625, 0.4774338901042938,136.874558446243
000053.pid, person, 20.781547546386722, -3.09607088565827, -3.240298946698507, 0.5866947770118713,99.14183500531104
000054.pid, person, 20.774350847516747, -3.0757097857339097, -3.3056607586996902, 0.4533536732196808,106.71401188757851
000055.pid, person, 20.706245803833013, -3.015962743759161, -3.14973545074463, 0.6282029151916504,-41.13940798525705
000055.pid, person, 22.074876091697, -9.334501559084112, -3.018441817977211, 0.3802146017551422,-73.92169034310811
000057.pid, person, 20.708015441894535, -2.9340407848358216, -3.2323398249489927, 0.5329927206039429,126.70069723912069
000058.pid, person, 20.73567390441895, -2.877637922763829, -3.3997132182121277, 0.582266628742218,105.79722521122025
000061.pid, stop_sign, 38.277390797932945, -43.44650522867838, -2.0742911100387555, 0.5203679203987122,-103.58579217183654
000063.pid, stop_sign, 37.26091194152832, -44.277052879333496, -2.6116263270378095, 0.4559052884578705,-101.56262552503284
000069.pid, stop_sign, 37.61763381958008, -44.346585273742676, -2.365865647792815, 0.4513908624649048,-50.15709862629911
000070.pid, person, 20.597820663452154, -2.089444160461431, -3.1366626739501955, 0.6704341173171997,93.38101818099778
000071.pid, stop_sign, 38.137932777404785, -43.421241760253906, -2.0166995227336866, 0.407431036233902,22.79639372587761
000072.pid, person, 20.540015538533535, -2.0073572397232105, -3.1792813142140712, 0.6287712454795837,119.87256233695524
000072.pid, person, 23.83021821646855, -24.448168984774885, -2.952802074366602, 0.37313833832740784,162.8303267048496
000072.pid, stop_sign, 38.185454559326175, -43.74813537597656, -1.9578660488128654, 0.3958841860294342,-107.01937652684003
000075.pid, person, 23.739925146102905, -24.58236300945282, -2.9892760962247835, 0.34095120429992676,147.88031280146274
000075.pid, person, 20.83772659301758, -1.7401698610999377, -3.183477213888457, 0.3118944466114044,107.02103937978673
000077.pid, stop_sign, 38.17501525878907, -43.748686981201175, -1.9576101303100573, 0.496114581823349,-107.82224830805322
000084.pid, stop_sign, 37.343519846598305, -44.09728495279948, -2.5796663761138894, 0.6024484634399414,-95.73048413716253
000088.pid, stop_sign, 38.13456344604492, -43.595602416992186, -2.2209531307220445, 0.5357553362846375,78.75053282248696
000094.pid, stop_sign, 38.03974151611329, -43.87709617614746, -2.27872660756111, 0.42039546370506287,51.15276801418922
000100.pid, stop_sign, 38.29901123046875, -43.47542635599772, -2.075869341691334, 0.4024360179901123,-104.8768364206945
000101.pid, person, 20.4902587890625, 0.15303638428449393, -3.417156418164571, 0.40717896819114685,118.85208375684975
000102.pid, stop_sign, 38.139859199523926, -43.415565490722656, -2.016507685184478, 0.4125223755836487,21.946643915749565
000106.pid, stop_sign, 38.055939674377456, -43.940291404724135, -2.110854506492612, 0.5297020673751831,-76.00402467181851
000107.pid, stop_sign, 37.921055930001394, -43.963732038225444, -2.362182685307093, 0.4541114866733551,52.98771043606941
000108.pid, stop_sign, 38.30605125427247, -43.515436172485366, -2.1039156019687635, 0.46565917134284973,-89.54978799873513
000111.pid, stop_sign, 38.29326057434082, -43.45464960734049, -2.075020154317219, 0.3470146358013153,-104.94228677523185
000115.pid, stop_sign, 38.300306955973305, -43.45381863911947, -2.0753303964932748, 0.5118212103843689,-106.8486828143682
000116.pid, stop_sign, 37.71688906351725, -44.21180661519369, -2.3097382783889757, 0.56838458776474,51.63710320140999
000118.pid, stop_sign, 37.976151602608816, -44.09835760934012, -2.223680921963281, 0.43019235134124756,32.075437856930485
000122.pid, stop_sign, 38.22119979858398, -43.77420425415039, -1.9595133066177346, 0.4920034110546112,-110.18711918526674
000124.pid, stop_sign, 38.12623367309571, -43.564691162109376, -2.219440865516661, 0.3798080384731293,81.24327807987592
000127.pid, stop_sign, 37.311658223470054, -44.04917907714844, -2.5770063400268546, 0.4928102493286133,-101.67689639178843
000129.pid, person, 20.599001393173683, 0.9744471167073092, -3.200958598743785, 0.3058048188686371,78.34220595796859
000133.pid, stop_sign, 38.3462085723877, -43.490179697672524, -2.1330542763074223, 0.3102095127105713,-106.49143568785601
000135.pid, stop_sign, 38.138081359863286, -43.581940460205075, -2.2204226255416857, 0.3534868061542511,79.0570707229204
000139.pid, stop_sign, 37.886023712158206, -44.12021713256836, -2.231697058677672, 0.4010487198829651,64.19623881673691
000141.pid, stop_sign, 38.33938980102539, -43.84772186279296, -2.030467200279234, 0.5284674763679504,19.856151659171555
000143.pid, stop_sign, 37.34868621826172, -44.103354136149086, -2.5800075531005833, 0.5501840114593506,-96.5136411602088
000146.pid, stop_sign, 38.358360290527344, -43.48481559753418, -2.133430302143096, 0.4375540614128113,-108.50527731104788
000149.pid, stop_sign, 38.51869583129883, -43.487435477120535, -2.072885394096374, 0.3883715271949768,-123.0435436408577
000151.pid, stop_sign, 37.341972351074226, -44.08283233642578, -2.5791546503702785, 0.41078004240989685,-95.09008988028592
000153.pid, stop_sign, 37.51795864105225, -44.613389015197754, -2.4564121663570395, 0.5313563942909241,-33.65210955416027
000155.pid, stop_sign, 37.53106117248536, -44.316602071126304, -2.476481060187021, 0.41811659932136536,-63.053344153812695
000158.pid, stop_sign, 37.94373448689779, -43.52764002482096, -2.2400467395782444, 0.3215027451515198,27.27890113089928
000161.pid, stop_sign, 37.98171615600587, -44.109388623918804, -2.224046570914131, 0.44790562987327576,32.30568419922073
000166.pid, stop_sign, 37.342094421386726, -44.09846750895182, -2.5796663761138894, 0.5303421020507812,-95.65489237372421
000169.pid, stop_sign, 37.49426879882813, -44.42800521850586, -2.4337471961975075, 0.4836752414703369,-53.2237383967587
000174.pid, stop_sign, 38.144412994384766, -43.42087650299072, -2.0166879594326006, 0.5203689932823181,21.8991040362434
000178.pid, bicycle, 11.343624408428493, -2.21994718221518, -3.396305175927968, 0.34013208746910095,85.79451283031983
000184.pid, stop_sign, 38.15800170898438, -43.58468246459961, -2.2209345340728754, 0.4192116856575012,77.94322093685193
000194.pid, stop_sign, 38.50370352608818, -43.4815423148019, -2.0722571611404415, 0.49426767230033875,-119.86217736329809
000196.pid, person, 20.09623432159424, 3.325824300448096, -3.5256286462148023, 0.32490986585617065,-139.2867009370827
000197.pid, person, 20.101308005196707, 3.272491642407005, -3.5462939739227286, 0.3343552052974701,-135.9200907801744
000198.pid, person, 20.035195895603728, 3.255772539547509, -3.634809511048452, 0.3298758268356323,-139.8955405509164
000199.pid, stop_sign, 38.49549974714007, -43.48199953351702, -2.072223833629061, 0.476129949092865,-122.69409982623728
000205.pid, stop_sign, 37.99813897269113, -44.12312534877232, -2.2248011486870887, 0.3943614065647125,30.587817215493914
000207.pid, stop_sign, 38.05235481262207, -43.930206298828125, -2.1105345189571367, 0.49166837334632874,-78.98101253793752
000209.pid, stop_sign, 37.348514556884766, -44.07729975382487, -2.5791546503702785, 0.5357580184936523,-95.26451192008778
000212.pid, car, 20.182283282279972, 3.2352466583251926, -3.2861171662807456, 0.34940338134765625,-145.32933008738488
000212.pid, stop_sign, 38.504502977643696, -43.49836294991629, -2.0728753464562546, 0.4540671408176422,-123.27182531013594
000215.pid, stop_sign, 37.30544408162435, -44.059688568115234, -2.577192465464273, 0.4951900839805603,-102.89910883048168
000216.pid, stop_sign, 38.13539276123048, -43.566778564453124, -2.1531829118728636, 0.40839633345603943,-96.90282400795692
000218.pid, stop_sign, 37.941323961530415, -44.007415771484375, -2.364180258342197, 0.42367318272590637,53.32228416639497
000220.pid, stop_sign, 38.516972678048276, -43.50795309884207, -2.073367357254028, 0.5509370565414429,-124.43194484725984
000222.pid, stop_sign, 38.13948059082031, -43.41993808746338, -2.0166007578372938, 0.6239113807678223,21.92727616839454
000224.pid, stop_sign, 37.49932098388672, -44.44676666259765, -2.4343799829483026, 0.4094363749027252,-50.820222422952575
000225.pid, bicycle, 11.416872024536138, -2.6880136330922504, -3.283427874247234, 0.3058704435825348,-86.3199479647239
000226.pid, stop_sign, 37.93147495814733, -43.98194394792829, -2.363123348781039, 0.5097264647483826,51.82836662319273
000229.pid, stop_sign, 38.507201603480745, -43.50587517874582, -2.0734236240386954, 0.4057767391204834,-117.98299893057626
000234.pid, stop_sign, 38.29100672403971, -43.4673703511556, -2.0754350225130707, 0.43689948320388794,-107.85848158475059
000240.pid, person, 20.302807966868084, 2.239328960577645, -3.1241136193275447, 0.3083348870277405,132.6316889338462
000240.pid, stop_sign, 38.51071294148763, -43.72532717386881, -1.9756340583165475, 0.5720536708831787,31.884517217898548
000246.pid, stop_sign, 36.96948877970379, -44.82452138264974, -2.5933140913645416, 0.5033625960350037,77.62511985793928
000247.pid, stop_sign, 37.613829612731934, -44.34983253479004, -2.3658075630664808, 0.5544178485870361,-50.115858603760365
000250.pid, stop_sign, 38.196227073669434, -43.473937034606934, -2.019183129072187, 0.4889726936817169,21.53318221509303
000251.pid, car, 20.1053946358817, 1.9631649766649524, -3.4111588512148168, 0.3482247292995453,137.80951842114484
000252.pid, car, 20.19533874875023, 1.8663062623568927, -3.466515211831955, 0.44607168436050415,119.46682836208177
000255.pid, stop_sign, 38.01969310215542, -43.36120169503349, -2.2998023884636996, 0.5869984030723572,-129.66412346811381
000256.pid, car, 20.11838793754578, 1.657033108174799, -3.4318025559186927, 0.326415479183197,131.8200598043783
000256.pid, stop_sign, 38.32420794169108, -43.495787938435875, -2.0773815910021463, 0.5961331129074097,-112.00995523464448
000259.pid, stop_sign, 38.225707372029625, -43.46501604715983, -2.0740309556325265, 0.6263364553451538,-97.33961891180749
000262.pid, stop_sign, 37.6280164718628, -44.36659336090088, -2.3669068813323952, 0.35300227999687195,-50.01937356075278
000265.pid, car, 20.402396653827868, 0.8044416324088418, -3.4260620066994107, 0.31569352746009827,-87.45498088473869
000266.pid, bicycle, 11.44373512268067, -2.5896474520365476, -3.4825239976247153, 0.6759911179542542,76.07588063661069
000266.pid, stop_sign, 37.34124374389649, -44.09744389851888, -2.5796043078104636, 0.5046923160552979,-95.8327236837026
000267.pid, bicycle, 11.419547716776535, -2.6878716150919657, -3.2841467857360844, 0.48274824023246765,-75.30555543027418
000268.pid, stop_sign, 37.501667022705085, -44.43850479125977, -2.4343055248260486, 0.5769052505493164,-53.56247383919452
000269.pid, stop_sign, 38.1270492553711, -43.562747955322266, -2.2198500633239733, 0.5057982206344604,-95.4282778266824
000270.pid, stop_sign, 38.14379730224609, -43.58861770629883, -2.2207809209823592, 0.42798811197280884,78.88885720735249
000271.pid, stop_sign, 38.00956630706787, -43.15256595611572, -2.257937431335448, 0.5005462169647217,50.44356041871781
000273.pid, stop_sign, 37.34461212158204, -44.085863749186196, -2.579294125239053, 0.41141626238822937,-95.35510368859545
000275.pid, stop_sign, 38.503661564418245, -43.487806592668804, -2.0725994791303353, 0.3496958017349243,-123.28286077754808
000279.pid, stop_sign, 38.13220977783204, -43.58274154663086, -2.220324969291685, 0.6647135615348816,78.29814981780115
000282.pid, stop_sign, 37.98487769232856, -43.720975663926865, -2.282199859619139, 0.5496028661727905,59.9573454948289
000285.pid, stop_sign, 38.4238224029541, -43.17349433898926, -2.071575482686359, 0.583206295967102,-146.38215961447895
000289.pid, stop_sign, 38.103256225585945, -43.53805160522461, -2.218314528465269, 0.5442613959312439,81.55399036340577
000291.pid, stop_sign, 37.25966358184815, -44.263790130615234, -2.611161172389984, 0.6648266315460205,-100.98528202744438
000293.pid, stop_sign, 38.167825698852546, -43.994802474975586, -2.1593118160963045, 0.5390450954437256,34.540168954255016
000295.pid, stop_sign, 38.195175170898445, -43.76077117919922, -1.958322215080259, 0.6488012671470642,-111.0194925965304
000297.pid, stop_sign, 37.34227625528972, -44.093062082926444, -2.579464673995969, 0.6303369998931885,-95.7713792729403
000306.pid, person, 10.021824955940248, 27.183436632156372, -4.473729610443115, 0.5044476985931396,122.6988037561759
000307.pid, person, 10.051123074122842, 26.814670290265763, -4.42954397201538, 0.5276869535446167,118.1007409770929
000308.pid, person, 10.080753326416021, 26.114531040191647, -4.376413583755492, 0.3974722921848297,110.86379120460545
000310.pid, person, 10.368337233861292, 25.080517450968426, -4.259392340977986, 0.5227137207984924,99.58241133067037
000311.pid, train, 13.899207390679257, 15.279295094807942, -3.3872891320122607, 0.36503106355667114,-67.8641992064951
000312.pid, person, 10.527932643890384, 24.104041186246004, -4.121161536736921, 0.6198608875274658,104.82618967798035
000314.pid, person, 10.980956328542613, 22.377553739045794, -3.9245038283498657, 0.3139454126358032,-60.296974761569295
000315.pid, person, 11.077531973520916, 21.978472815619575, -3.873868624369303, 0.3556956946849823,-65.0692096756164
000315.pid, stop_sign, 37.494336700439455, -44.44369354248047, -2.434193873405455, 0.33684268593788147,-51.683717753879264
000316.pid, person, 11.31417190327364, 21.179750330307904, -3.8348971114439117, 0.41050559282302856,-61.68564671351964
000317.pid, person, 11.520880418665271, 20.301669401281018, -3.791547649046953, 0.3993971645832062,-63.654812007763375
000318.pid, person, 11.71631935664586, 19.4751033782959, -3.7533993891307276, 0.5184422135353088,-63.63503772961118
000319.pid, car, 12.161407423019412, 17.625128841400148, -3.8779879570007316, 0.3053950071334839,105.6090568694233
000319.pid, stop_sign, 38.316877365112305, -43.469441731770836, -2.0759238402048745, 0.3294641971588135,-107.77542304414379
000321.pid, person, 20.85478314486417, -1.4027605761181257, -3.2352516434409395, 0.4343082904815674,85.07003394019279
000322.pid, car, 12.816604389863858, 14.856353759765625, -3.8499047896441283, 0.33266928791999817,107.39263510841747
000323.pid, car, 12.868572235107424, 14.282317320505777, -3.8152791129218198, 0.37561455368995667,117.11167435428892
000324.pid, person, 20.6980905532837, -1.8875211477279714, -3.2686549425125127, 0.3841676414012909,127.89281400483782
000324.pid, person, 23.52209729733675, -24.630639200625218, -3.191186625024547, 0.34037715196609497,62.115287298135925
000325.pid, person, 20.74911155700684, -2.028364992141729, -3.3739207744598394, 0.5725705027580261,-46.63245905413958
000325.pid, person, 23.55784625391807, -24.57618811822707, -3.1715005136305288, 0.4291674494743347,53.776880236626866
000326.pid, person, 20.768800735473636, -2.0550223390261384, -3.3487682342529297, 0.5352504253387451,-49.225050928248756
000326.pid, person, 23.58104719434466, -24.524542740413125, -3.1561865976878574, 0.43268585205078125,50.02438944174685
000327.pid, person, 20.698328495025642, -2.1034927368164116, -3.3883204460144043, 0.4903520345687866,109.59442809022353
000328.pid, person, 20.696385247366774, -2.0919166292463087, -3.409795045852661, 0.5386725068092346,109.26705776432284
000329.pid, person, 20.701866531372076, -2.1304844856262255, -3.4611559391021736, 0.3665851056575775,-72.55514538986768
000329.pid, stop_sign, 37.33079147338868, -44.080092112223305, -2.5787359078725163, 0.4423710107803345,-94.4188512900262
000330.pid, person, 20.68289279937745, -2.112314581871038, -3.3177828192710876, 0.4289914071559906,-48.2069575433385
000331.pid, person, 23.719886595203032, -24.32857771842711, -2.999437662862962, 0.42594191431999207,159.3469765175202
000332.pid, person, 20.66160697937012, -2.009869027137762, -3.376032328605652, 0.4178816080093384,103.12154185707749
000333.pid, person, 20.702853838602707, -2.26821386814118, -3.4540973901748657, 0.35563966631889343,123.22437946355183
000334.pid, person, 20.66547881232368, -2.0912031994925657, -3.350333478715685, 0.39214858412742615,103.87283382869563
000335.pid, person, 20.718805154164635, -2.1822985013326064, -3.3913755218187966, 0.6807461977005005,107.23204742844729
000336.pid, person, 20.69246758355035, -2.179023994339842, -3.328544166353014, 0.5454792380332947,104.44652339233794
000337.pid, person, 20.679499732123485, -2.156472484270737, -3.318705505794949, 0.6576459407806396,104.50623812662732
000338.pid, person, 20.72194203463468, -2.319887692278087, -3.3815268603238193, 0.8729314208030701,103.3185852078847
000338.pid, train, 19.450404876317734, -11.636804571518534, -3.2323015592037097, 0.347895085811615,109.05627194643084
000339.pid, person, 20.72861194610596, -2.3438648581504884, -3.3862341046333313, 0.8325256705284119,105.9289051602448
000339.pid, car, 14.8344172200849, 2.2933994916177536, -3.4798792100721787, 0.3183790147304535,99.85768985815233
000340.pid, person, 20.755767549787254, -2.5730641569410104, -3.4317910671234135, 0.8834399580955505,103.65060944478205
000341.pid, person, 20.76872117178781, -2.6197706631251805, -3.441955327987671, 0.8893027901649475,-76.52307429748106
000341.pid, car, 19.668516003808314, -10.761195243444554, -3.2578027303828745, 0.3637065887451172,107.6537226160433
000342.pid, person, 20.78762499491374, -2.699454042646626, -3.4650125768449573, 0.8924269676208496,-65.52954036182356
000342.pid, car, 23.70195967810495, -23.970755577087406, -3.1683559077126637, 0.3045539855957031,-126.9482169517035
000343.pid, person, 20.78327015468053, -2.6404188701084736, -3.3846473693847656, 0.9090474247932434,97.61299631922219
000343.pid, bicycle, 23.724453994206023, -23.902140753609796, -3.0857406684330537, 0.36218884587287903,-128.4421670558811
000344.pid, person, 20.77897453308106, -2.6796278953552286, -3.3735252618789677, 0.8516948223114014,115.80187759576093
000344.pid, bicycle, 23.764996528625492, -23.892455321091877, -3.1450682236598086, 0.386794775724411,-132.59619189457447
000345.pid, person, 20.789319610595708, -2.7427636623382634, -3.4312875747680662, 0.7763891816139221,-74.47287397650214
000345.pid, bicycle, 23.80005280176799, -23.788679917653408, -3.011357009410858, 0.3840927481651306,-131.83795746778586
000346.pid, person, 20.78108406066895, -2.753003869737903, -3.3976383549826488, 0.6967679262161255,-64.05658866920766
000346.pid, bicycle, 23.803161987891567, -23.737002372741703, -2.9687144389519324, 0.38377219438552856,-89.6422742525985
000347.pid, person, 20.804364204406742, -2.795681595802313, -3.445363998413086, 0.6669036746025085,113.59255243929393
000348.pid, person, 20.793068779839412, -2.68065237998963, -3.401725583606296, 0.6617569327354431,101.43335647777329
000348.pid, car, 23.82574088485153, -23.685329931753657, -3.008276383082072, 0.3410574197769165,96.92072697697803
000348.pid, bus, 18.883078006597668, -9.929297909140587, -3.259394283478076, 0.3064129650592804,-62.42369026241196
000349.pid, person, 20.809229469299318, -2.767447614669806, -3.405008578300476, 0.5201607942581177,102.74716821932203
000349.pid, bus, 19.291167159875233, -10.746137532095114, -3.158021986484527, 0.35382261872291565,-62.82058347118602
000350.pid, person, 20.798774892633613, -2.7706606388092094, -3.3889835964549673, 0.7715006470680237,101.58519578549898
000350.pid, car, 14.045973437173028, -3.130421715123314, -3.8638874632971616, 0.40675023198127747,-89.73613152631552
000350.pid, car, 14.166649341583254, -3.676621768785561, -3.480506171350893, 0.32369616627693176,-113.71116820909992
000351.pid, person, 20.823022255530727, -2.810387244591352, -3.378649619909434, 0.6851463317871094,97.80197476226584
000351.pid, person, 23.80508966799136, -23.583032396104606, -3.0812571048736577, 0.4554899036884308,74.08445796157417
000351.pid, car, 14.2541053030226, -3.054194503360331, -3.675129916932848, 0.4901130199432373,-167.73597639456077
000351.pid, car, 13.979583369361032, -4.155879967742497, -3.472119099564022, 0.4261106252670288,-109.24946232763406
000352.pid, person, 20.80755765097482, -2.7502753564289697, -3.341287732124329, 0.838706910610199,96.37764948513296
000352.pid, person, 23.783763037787548, -23.571336816858366, -3.1201233245708324, 0.4298315644264221,-135.99708550404884
000352.pid, car, 13.872627321879072, -3.55729786554973, -3.726899766921997, 0.5790207386016846,-172.7577291903224
000353.pid, person, 20.834689573808152, -2.907735391096642, -3.3756863203915684, 0.8619936108589172,101.03348006308637
000353.pid, person, 23.764986108850554, -23.54639053344727, -3.1143740283118353, 0.416500061750412,-127.61394296415628
000353.pid, person, 11.733648300170902, -5.441797614097596, -3.611780444780985, 0.3895811140537262,98.11696015272635
000353.pid, car, 13.282978609988566, -3.9356469606098434, -3.7513644820765446, 0.48857733607292175,3.1580815388106553
000353.pid, car, 13.39492948999945, -4.87736933186369, -3.3681073548658835, 0.42915812134742737,-88.08462089977411
000354.pid, person, 20.815684159596763, -2.8426458239555417, -3.3862767219543457, 0.753207266330719,-73.92451377275123
000354.pid, person, 23.77131454761212, -23.502635442293613, -3.1173552458102893, 0.37968698143959045,-136.27905968993136
000354.pid, person, 12.87420071495904, -4.690059436692139, -3.6901173988978067, 0.3434026837348938,4.0029737811464665
000354.pid, person, 11.34058883455065, -5.401002579265171, -3.5039093626870046, 0.30461010336875916,91.1329330455613
000354.pid, car, 13.332706161167312, -5.103059115617176, -3.517028456148893, 0.34045231342315674,-79.87073046985714
000354.pid, car, 12.335918698992055, -5.852309584617617, -3.5657591138567235, 0.32631710171699524,97.77220703087276
000355.pid, person, 20.832710266113285, -2.9740273687574663, -3.4156205389234757, 0.627014696598053,101.26420696776746
000355.pid, car, 12.824801413218182, -5.436247428258262, -3.56687581539154, 0.34855911135673523,106.99495562278251
000355.pid, stop_sign, 37.50403747558594, -44.439639282226565, -2.4343008756637565, 0.3797052502632141,-51.127016884773724
000356.pid, person, 20.816452980041507, -3.00563314557076, -3.359408408403397, 0.7163658142089844,103.51555943709006
000356.pid, car, 12.59710820515951, -5.690474160512295, -3.7200611273447675, 0.5457024574279785,176.63529464785867
000357.pid, person, 20.851947572496204, -3.0350717438591905, -3.3871946069929337, 0.7370802164077759,99.28141374618751
000357.pid, person, 12.34193907112911, -6.661968872464942, -3.760486232823339, 0.48282182216644287,118.94634286154923
000357.pid, stop_sign, 37.91155024937221, -43.97429003034319, -2.362398641450064, 0.3120257556438446,54.56631628693791
000358.pid, person, 20.858056068420414, -3.1129843235015935, -3.372561144828797, 0.8806475400924683,99.71926594060035
000358.pid, bicycle, 11.681171997733744, -6.297253204428631, -3.642653112826139, 0.3642047345638275,93.18029427699098
000358.pid, car, 12.286695321400964, -6.854306989245952, -3.8013023800320105, 0.4866478145122528,115.97072461415374
000359.pid, person, 20.85925795815208, -3.2178861227902558, -3.398908029903066, 0.8229485154151917,100.28463819532645
000359.pid, person, 23.854910108778217, -23.488151409007887, -3.0579625765482583, 0.37535080313682556,-140.4090578239246
000359.pid, person, 11.641829299926764, -7.737673854827891, -3.9825675805409753, 0.3494328558444977,-130.3511976056922
000359.pid, bicycle, 11.072702653946417, -7.525041418690836, -3.696153210055443, 0.31712567806243896,88.41755496176204
000359.pid, car, 11.851885477701826, -5.650820743469968, -3.725089232126871, 0.36526209115982056,96.5393482986838
000360.pid, person, 20.86682748794556, -3.3245824873447476, -3.401714682579041, 0.809887707233429,100.33454176350594
000360.pid, person, 23.868242051866325, -23.452564168859414, -3.03747088820846, 0.5202386379241943,-140.86703322633886
000360.pid, car, 10.50655765533448, -8.836573727925629, -3.9988777160644533, 0.508421003818512,34.1660886288855
000360.pid, stop_sign, 38.11825332641602, -43.55677032470703, -2.2193615913391107, 0.3177119791507721,77.97056813361141
000361.pid, person, 20.86499538421631, -3.2770887136459406, -3.3946821212768556, 0.8470240235328674,97.41775091883984
000361.pid, person, 23.84717957178752, -23.47742136319479, -3.083382308483124, 0.5650259256362915,-129.66898250944368
000361.pid, car, 10.382444038391117, -8.7537195968628, -4.043955612182617, 0.36598241329193115,31.950767464109976
000361.pid, car, 8.204385028165934, -9.894704145543718, -3.678620071972117, 0.3404245376586914,84.20809493407519
000361.pid, car, 11.269286441802985, -4.664453482627867, -3.472339844703673, 0.3341667950153351,-84.1984145761478
000361.pid, stop_sign, 37.33903757731121, -44.07658131917318, -2.5788599650065094, 0.5267053246498108,-95.00575833985286
000362.pid, person, 20.83303938971626, -3.200112501780198, -3.3457054826948376, 0.859024167060852,89.5941735117751
000362.pid, person, 23.874563966478625, -23.466308661869597, -3.0140994616917207, 0.5461147427558899,-136.90561995387304
000362.pid, car, 9.899937479119558, -8.995341250770977, -3.8528232448979427, 0.7542163729667664,-133.79378923414197
000362.pid, car, 11.064436435699472, -3.9201699495315623, -3.484984278678893, 0.43161728978157043,-91.36432437264668
000362.pid, car, 7.758811457951867, -10.1273362159729, -3.727004241943359, 0.3301081657409668,62.53620267407416
000362.pid, car, 9.563931755397634, -8.890471334042756, -3.7782795118248975, 0.323941707611084,72.9659344807532
000363.pid, person, 20.86190986633301, -3.3754985809326237, -3.3587637901306158, 0.8386222124099731,97.55066355076443
000363.pid, person, 23.885009568313077, -23.498458928075333, -3.047954896400715, 0.4424213469028473,-132.66263870762322
000363.pid, car, 9.739580717953773, -9.043498949571095, -4.039428017356179, 0.6498687267303467,65.62989993433558
000363.pid, car, 9.835812898782585, -6.8315562239060075, -3.612244450128995, 0.5867928266525269,71.51583995188349
000364.pid, person, 20.846982479095463, -3.3491728007793484, -3.3199372887611394, 0.872398316860199,91.42406495548124
000364.pid, person, 23.87413208825248, -23.50302042279925, -3.051857726914542, 0.5141224265098572,-111.46910879721989
000364.pid, car, 9.527615845203403, -6.7549737989902505, -3.407631039619445, 0.5371937155723572,68.1439999603167
000364.pid, car, 21.030632972717285, -3.030363440513614, -3.1435344544324, 0.3396824598312378,-91.80711630017225
000364.pid, stop_sign, 37.26602172851563, -44.263609886169434, -2.611312270164489, 0.33505624532699585,-100.89026010731132
000365.pid, person, 20.85450469122993, -3.333759228388475, -3.30623025364346, 0.8977096080780029,92.46206879176115
000365.pid, person, 23.876084820977578, -23.50250961040629, -3.037675249165502, 0.5147191882133484,-130.52643560207656
000365.pid, car, 21.037347378938094, -3.061522203943006, -3.120917662330295, 0.4043026566505432,-92.19914026602876
000365.pid, car, 11.311661806973547, -2.268973372199321, -3.3139243559403835, 0.37688565254211426,-65.12633085194082
000365.pid, car, 7.21680105359931, -9.902888674485057, -3.7513493738676367, 0.3713265359401703,23.259505307914772
000366.pid, person, 20.8831598493788, -3.493335141075988, -3.379676792356703, 0.7571825385093689,96.76459871791805
000366.pid, person, 23.86788161595663, -23.524282932281498, -3.0557941496372223, 0.45402824878692627,-132.22902723915618
000366.pid, car, 6.605398703705183, -9.606537894769149, -3.4119903336871746, 0.34498709440231323,19.274676884713283
000366.pid, car, 21.030684153238933, -3.150678167740507, -3.2045796910921727, 0.3259389400482178,-90.77990568633876
000367.pid, person, 20.869506835937504, -3.3016099713065468, -3.3337785330685707, 0.8136444687843323,96.91116529926046
000367.pid, person, 23.884560312543602, -23.50292655399868, -3.0428771121161327, 0.4885178804397583,-140.2766344807104
000367.pid, person, 21.03651337396531, -3.1149481591724206, -3.147160552796863, 0.3600257933139801,-92.41360773481503
000367.pid, car, 6.349993374036708, -9.61071277010268, -3.3994251576022827, 0.5049468874931335,6.1270047126615275
000368.pid, person, 20.865750206841366, -3.293757147259188, -3.370602448781332, 0.8520559072494507,-74.363785183728
000368.pid, person, 23.86745628356934, -23.504838638305667, -3.019424467086792, 0.5885874629020691,-125.77560574528954
000368.pid, car, 6.131136646270756, -9.767445545196534, -3.5185951280593866, 0.4991086423397064,3.3916819822543647
000369.pid, person, 20.858236459585342, -3.2133301771604157, -3.2313093405503492, 0.8397040367126465,-75.52015384477957
000369.pid, person, 23.876488685607914, -23.50707618395488, -3.0325105488300323, 0.5817556977272034,-137.95817857394078
000369.pid, car, 5.249896393447629, -10.095750417865691, -3.4322255165850524, 0.5104097723960876,27.350535973460236
000370.pid, person, 20.842280821366746, -3.240510897202931, -3.1901258772069756, 0.8184683918952942,-72.18775452665167
000370.pid, person, 23.885364269388138, -23.52656745910645, -3.0361130319792653, 0.47962233424186707,-127.65803596137505
000370.pid, car, 4.339221835136418, -10.259978930155437, -3.1788142323493944, 0.3209741413593292,173.53395774276458
000370.pid, stop_sign, 37.25279903411866, -44.26167106628418, -2.6108936667442295, 0.3270033299922943,-101.69666382977744
000371.pid, person, 20.873083591461185, -3.3428025245666557, -3.380987445513408, 0.8307408094406128,-79.8835091246367
000371.pid, person, 21.784201798615634, -8.437983442235875, -3.133747507024694, 0.40876537561416626,-75.08484023148799
000371.pid, person, 23.861304356501655, -23.50948238372803, -3.027577730325552, 0.4070498049259186,-129.80466851734957
000371.pid, car, 3.4234959814283625, -10.114997192665383, -3.5008482138315835, 0.3175889551639557,123.27786847004403
000371.pid, stop_sign, 37.950949668884284, -43.681827545166016, -2.3527148962020865, 0.310796856880188,87.800602600701
000372.pid, person, 20.85725784301758, -3.4087123870849663, -3.362511266361584, 0.8826950192451477,-78.52417841415291
000372.pid, person, 23.886466838695387, -23.516893740053533, -3.0400421354505758, 0.4943896532058716,-132.72333748718
000372.pid, car, 3.1541104316711484, -9.784486643473308, -3.8068716049194333, 0.3072081208229065,-69.2884177291487
000373.pid, person, 20.860056638717655, -3.49853882193566, -3.3066580593585972, 0.9022542834281921,-78.00050148853197
000373.pid, person, 23.866276447589584, -23.513122925391567, -3.025122862595779, 0.5602942705154419,-135.87475679562843
000373.pid, person, 21.43125438690186, -6.008595477450978, -3.0671712593598794, 0.39271318912506104,-74.93737781412517
000374.pid, person, 20.838035583496097, -3.466096520423896, -3.272239406903585, 0.8932070136070251,102.77014619133766
000374.pid, person, 23.885020119803297, -23.51005704062326, -3.0323035546711514, 0.6208686828613281,-132.35814342743373
000374.pid, car, 22.336094980654515, -12.035365135773372, -3.0922616875689957, 0.3634844720363617,-75.19931490451549
000374.pid, stop_sign, 38.51180757795061, -43.50263868059431, -2.0729852063315257, 0.3319932222366333,-117.00022364609936
000375.pid, person, 20.839254379272464, -3.5885843700832845, -3.396173768573337, 0.8849445581436157,-75.38878694799496
000375.pid, person, 23.877197265625004, -23.53491994312832, -3.0464864373207092, 0.5275495648384094,-141.50895858046562
000375.pid, person, 21.90327190217518, -9.085061005183631, -3.1165662947155175, 0.3485351800918579,-74.98293147108242
000375.pid, person, 11.388058582941694, -2.205577204624813, -3.411257684230804, 0.3035484850406647,84.76344377733136
000376.pid, person, 20.88173375810896, -3.6816974026816296, -3.3060631070818225, 0.8885380625724792,-79.82202513810856
000376.pid, person, 23.876737515131637, -23.499100844065353, -3.030936181545258, 0.5241945385932922,-136.09697970547154
000377.pid, person, 20.889831331041126, -3.7332782215542326, -3.3737325933244495, 0.9015650153160095,-81.89741123789008
000377.pid, person, 23.869761657714847, -23.526025695800787, -3.055051441192627, 0.5252701044082642,-136.09984787798135
000378.pid, person, 20.901973936292862, -3.765007230970601, -3.323149469163683, 0.8985864520072937,95.73235458510831
000378.pid, person, 23.873232444127407, -23.51005641619365, -3.0354756712913513, 0.6284787654876709,-128.95591615474552
000378.pid, person, 21.7628400109031, -8.001982060345737, -3.121531042185696, 0.3213554620742798,-75.16221266354398
000378.pid, stop_sign, 37.94780158996583, -43.681883811950684, -2.352685749530791, 0.3843785226345062,87.21978197541286
000379.pid, person, 20.88738822937012, -3.816728221045606, -3.3365345001220703, 0.884342610836029,89.65605187717544
000379.pid, person, 23.875988960266117, -23.512972627367297, -3.0488378235272, 0.6603528261184692,-135.50611495925298
000380.pid, person, 20.89642784812234, -3.896390698172836, -3.406032518907027, 0.8784710764884949,91.00780192744584
000380.pid, person, 23.889152244285306, -23.511749126293044, -3.0190165484393083, 0.5341485142707825,-147.71355064525957
000381.pid, person, 20.890545463562013, -3.8574681520462093, -3.377459645271302, 0.8313592672348022,90.60366903926841
000381.pid, person, 23.87284224373954, -23.528131280626575, -3.0346067207200185, 0.5712116956710815,-131.93908530642753
000381.pid, car, -2.172883027791971, -9.776690673828128, -4.031590938568114, 0.3181564211845398,-87.76420498770278
000382.pid, person, 20.890938325361773, -3.781482002951888, -3.3330199501731177, 0.835049569606781,91.71967414916816
000382.pid, person, 23.85936722388635, -23.512255448561454, -3.0298394606663637, 0.5282474160194397,-127.28299382040811
000382.pid, stop_sign, 38.237788391113284, -43.2035774230957, -2.1471972703933697, 0.3907076120376587,-137.02191425245448
000383.pid, person, 20.89969940185547, -3.7920290470123357, -3.3449599266052252, 0.8643739819526672,91.23208107570056
000383.pid, person, 23.871612475468567, -23.517822559063255, -3.020214832746066, 0.5619246363639832,-143.53756769929234
000383.pid, person, 21.882785994431067, -9.06018119022764, -3.1012071329971835, 0.39310479164123535,-74.96034764527386
000384.pid, person, 20.882649421691898, -3.7532061576843327, -3.357292819023132, 0.8456474542617798,95.58547236413074
000384.pid, person, 23.878958555368282, -23.51109644082877, -3.0354464604304385, 0.5264337062835693,-144.19630612241434
000385.pid, person, 20.89380518595378, -3.618384626176627, -3.2111420366499166, 0.857589066028595,-76.51262842322998
000385.pid, person, 23.880392221304092, -23.52110305199257, -3.0388568272957435, 0.5162137746810913,-136.94124574328495
000386.pid, person, 20.882360458374027, -3.6673895517985082, -3.249763727188111, 0.8800524473190308,-79.7908317981198
000386.pid, person, 23.872028503417972, -23.50845565795899, -3.0333304977416997, 0.5283321142196655,-140.64280855341005
000387.pid, person, 20.890739440917972, -3.6860440117972297, -3.282747064317976, 0.862099289894104,-78.72714088021908
000387.pid, person, 23.875008216271038, -23.53861023829534, -3.05596517599546, 0.5315444469451904,-147.01911278035004
000387.pid, person, 21.673067695216133, -7.782894121973141, -3.0775020122528067, 0.4114425778388977,-74.8583844703139
000388.pid, person, 20.863569532121936, -3.6663298266274658, -3.2398907457079207, 0.87682044506073,-82.6601282652066
000388.pid, person, 23.888147440823648, -23.507048173384238, -2.9610717513344507, 0.5928716063499451,-135.65977777904803
000388.pid, person, 21.900725137619744, -9.278242451804028, -3.0281474590301505, 0.4418015480041504,-74.90242665621463
000389.pid, person, 20.869585037231452, -3.6457161903381405, -3.2170380115509025, 0.8970969915390015,-85.45911299497789
000389.pid, person, 23.877603447955593, -23.509217386660374, -3.0571865309839663, 0.641838788986206,-151.9750174811564
000389.pid, person, 11.125304222106939, -3.193437457084662, -3.3235678076744084, 0.36209163069725037,-111.24948875321041
000390.pid, person, 20.875597000122074, -3.6824397643407245, -3.2768129905064907, 0.8913230895996094,-81.53964805207951
000390.pid, person, 23.885315288196917, -23.510371121493257, -2.9605311805551704, 0.5781325697898865,-144.10375343942766
000391.pid, person, 20.851285934448246, -3.7185599122728683, -3.256967817034041, 0.8836299777030945,-70.04550995079182
000391.pid, person, 23.855154491606218, -23.493924095517116, -2.9737375804356168, 0.5770034790039062,-148.93436441506543
000391.pid, person, 22.112290191650395, -10.567008781433108, -3.0508891940116873, 0.37702783942222595,-75.23431304983833
000392.pid, person, 20.84687741597494, -3.6752583185831758, -3.1745181481043505, 0.9065529108047485,105.37570284278235
000392.pid, person, 23.888612160315883, -23.503320327171917, -2.954991258107699, 0.5891141295433044,-141.98528756514443
000393.pid, person, 20.89150123596192, -3.7202387332916325, -3.274569272994995, 0.8961527347564697,-88.23951826094765
000393.pid, person, 23.87346864783246, -23.494729083517328, -2.9926628340845522, 0.5871736407279968,-130.23818037384476
000393.pid, person, 21.928722472417924, -9.286559388751076, -3.029975346156528, 0.39649972319602966,-75.12988674459041
000393.pid, person, 10.771499633789068, -3.681142250696824, -3.508860508600872, 0.32360976934432983,-109.01858628453752
000394.pid, person, 20.873968887329106, -3.7246819019317683, -3.2298135280609137, 0.8982524275779724,-71.89112183035164
000394.pid, person, 23.868052058749733, -23.512776692708336, -3.008154723379347, 0.560627281665802,-144.0630327407858
000394.pid, person, 22.17180733931692, -10.965573687302438, -3.0624515006416715, 0.32242870330810547,-75.23852777463
000394.pid, person, 10.655467351277673, -3.9113385677337718, -3.5669526259104405, 0.30963295698165894,-118.83665552236636
000395.pid, person, 20.856877899169927, -3.704807662963873, -3.2649354457855226, 0.8977025151252747,134.00638741874658
000395.pid, person, 23.893175932077266, -23.50858915769137, -2.9741172148631168, 0.6172134876251221,-124.9809271791218
000396.pid, person, 20.894531250000007, -3.7345285892486624, -3.2284678936004645, 0.8913422226905823,-69.45933668284962
000396.pid, person, 23.87966654850887, -23.501510693476753, -3.0095596130077658, 0.5726584792137146,-148.8937488406043
000397.pid, person, 20.884003067016607, -3.712890958786018, -3.2265880584716795, 0.8975827097892761,-73.83266037272159
000397.pid, person, 23.87082099914551, -23.499532517932714, -2.959169546763102, 0.5538686513900757,-133.70926985048268
000397.pid, person, 10.21739292144776, -4.631327748298652, -3.7719285488128667, 0.3790361285209656,41.261238733120145
000398.pid, person, 20.8935043334961, -3.726074028015142, -3.220201778411866, 0.8999844193458557,-81.03414765333932
000398.pid, person, 23.870827992757167, -23.523092976322886, -3.065809302859836, 0.5991087555885315,-141.050487570303
000398.pid, person, 9.94932126998902, -5.098525444666552, -3.8984125455220546, 0.3847869634628296,-122.38781439958206
000399.pid, person, 20.89730310440064, -3.7505242824554506, -3.1936655938625336, 0.9065475463867188,-84.29113091474065
000399.pid, person, 23.868747545325242, -23.502528232076898, -2.9577167967091436, 0.604724109172821,-121.04845009607035
000400.pid, person, 20.897908926010135, -3.779127240180976, -3.2278672754764557, 0.8897216320037842,-86.70538008234362
000400.pid, person, 23.85773114804869, -23.5296499464247, -3.0809551963099726, 0.5075390934944153,-154.47318738621695
000400.pid, person, 9.645220120747892, -5.576661427815762, -4.036860386530559, 0.3407749831676483,-119.78703521681862
000401.pid, person, 20.867063903808596, -3.7476464986801203, -3.2124138355255125, 0.9004769921302795,92.26674376675956
000401.pid, person, 23.88625982533331, -23.505011682925023, -2.972216782362565, 0.5602050423622131,-138.09455991154886
000402.pid, person, 20.869629144668583, -3.750840008258825, -3.1804987192153935, 0.8775548934936523,-75.69002583456094
000402.pid, person, 23.858890900245083, -23.527804227975704, -3.050622719984788, 0.5166206955909729,-132.79176850948662
000402.pid, person, 9.395988146464036, -6.038043816884367, -4.1550313631693525, 0.4022999107837677,-121.52248066531055
000403.pid, person, 20.900620778401695, -3.784916679064439, -3.1420417428016663, 0.8736246228218079,-88.1595662746333
000403.pid, person, 23.856629848480228, -23.52796395619711, -3.0530957082907357, 0.493389368057251,-146.08896757475424
000403.pid, person, 21.73717483520508, -8.49056296348572, -3.057031774520873, 0.3019236624240875,-74.93388791221383
000404.pid, person, 20.861264334784618, -3.785946130752569, -3.0827136569552955, 0.8631258606910706,-65.97417860628809
000404.pid, person, 23.84769455591838, -23.50566681226095, -3.036601960659027, 0.5283288955688477,-137.18119660702845
000404.pid, person, 9.234813213348396, -6.321525692939766, -4.230027675628663, 0.5200030207633972,-119.69111692348037
000405.pid, person, 20.881050300598147, -3.753222298622137, -3.0998481988906863, 0.7873977422714233,-74.35887747423914
000405.pid, person, 23.847729022686302, -23.495829949012172, -3.016675591468811, 0.57597815990448,-127.85155403810973
000405.pid, person, 22.104399594393644, -10.904088107022373, -3.103564869273792, 0.3421519696712494,-75.02959170706563
000406.pid, person, 20.87193025861468, -3.7874292646135657, -3.206519910267421, 0.8555852770805359,116.80322327628095
000406.pid, person, 9.005461692810066, -6.810692024230965, -3.8692904472351075, 0.6287534236907959,-119.64360756008574
000406.pid, person, 23.85904449462891, -23.519363479614263, -3.0586756610870363, 0.546838104724884,-138.75852353400435
000406.pid, person, 22.13834840601141, -10.912596225738525, -3.090796286409551, 0.33293184638023376,-75.16704135796462
000407.pid, person, 20.853167724609378, -3.800788807868963, -3.089356827735901, 0.7990709543228149,-65.03322341982152
000407.pid, person, 23.84896850585938, -23.516462802886966, -3.041048437356949, 0.5571977496147156,-136.31072223729157
000407.pid, person, 8.879753430684415, -6.998579184214282, -3.808110475540161, 0.43472763895988464,65.46419986076393
000408.pid, person, 20.865508185492626, -3.853197813034063, -3.2070628272162542, 0.8423658013343811,-78.44574814621089
000408.pid, person, 23.851025287921615, -23.53999570699839, -3.0478950097010684, 0.6066209077835083,-151.33109170226734
000408.pid, person, 8.743492317199713, -7.4076551437378, -3.298807573318482, 0.3342421054840088,76.82351452248133
000409.pid, person, 20.85420083999634, -3.850855320692068, -3.180861502885819, 0.8417252898216248,109.93877094694726
000409.pid, person, 23.864398002624515, -23.49821369988578, -3.000879764556885, 0.620083212852478,-142.84085491585725
000410.pid, person, 20.865482807159427, -3.8836134970188203, -3.1583492159843445, 0.7056883573532104,94.89651646873963
000410.pid, person, 23.84415729840597, -23.495842138926193, -3.022306203842163, 0.5759873986244202,-127.68515583341534
000411.pid, person, 20.87448174612863, -3.9088916437966548, -3.2213410990578795, 0.689756453037262,95.98019602133583
000411.pid, person, 23.86402636307937, -23.50568587963398, -3.031433325547439, 0.5773438811302185,-131.96747355822146
000411.pid, car, 22.28502582368397, -12.28135130518959, -3.0671857765742696, 0.36458665132522583,-74.88808799617121
000411.pid, stop_sign, 38.03635549545288, -43.87677335739136, -2.278854444622993, 0.46892035007476807,52.37244760874634
000412.pid, person, 20.891767774309436, -3.9762418270111146, -3.220814432416644, 0.7364389300346375,104.06395913606676
000412.pid, person, 8.3491808573405, -8.050833066304532, -3.479674736658732, 0.650644063949585,52.783734040057546
000412.pid, person, 23.854000965754196, -23.51555442810059, -3.060959200064341, 0.5819268822669983,-145.86095047084513
000412.pid, car, 22.477454705671832, -13.70689443024722, -3.0392363830046207, 0.3960198163986206,98.77471565657542
000413.pid, person, 20.908895810445156, -3.9940533638000555, -3.2033731142679858, 0.7852451205253601,102.42438173687076
000413.pid, person, 8.05499172210694, -8.383261362711597, -3.597339709599812, 0.6693075299263,-121.28088404926015
000413.pid, person, 23.854439655939743, -23.513589382171634, -3.0570311148961387, 0.5896996259689331,-143.24145251240284
000413.pid, person, 22.435327198194422, -13.264556667079097, -3.066830272259919, 0.37048789858818054,-75.07689906026948
000414.pid, person, 20.899447032383513, -4.040145839963647, -3.287266595023019, 0.7743874788284302,108.5911798732081
000414.pid, person, 23.860636270963234, -23.50194674271804, -3.0416406576450052, 0.5626928210258484,-146.38819472066328
000414.pid, person, 22.3291543659411, -12.17731238666334, -3.1212597144277465, 0.3236924409866333,-75.03678071511288
000415.pid, person, 20.927880764007572, -4.059696108102805, -3.297152221202851, 0.7840234041213989,98.58596514703278
000415.pid, person, 7.825257233210978, -8.991236277988987, -3.5398309230804443, 0.5876725316047668,60.70592109109009
000415.pid, person, 23.850920163668125, -23.49740233788124, -3.0505384298471303, 0.5736627578735352,-145.28257989138083
000416.pid, person, 20.925036294119703, -4.060936110360288, -3.254594768796648, 0.7727422714233398,92.85370183587769
000416.pid, person, 7.613474464416511, -9.353102779388436, -3.5874940156936646, 0.6582200527191162,57.33117311514469
000416.pid, person, 23.838688243519183, -23.4791826768355, -3.015778064727783, 0.5624516606330872,-131.00709708383434
000417.pid, person, 20.91123962402344, -4.073984781901047, -3.205159544944763, 0.7863132357597351,85.63533678552328
000417.pid, person, 23.839640502929694, -23.507579116821294, -3.0537011337280275, 0.5563202500343323,-132.23567592541755
000417.pid, person, 7.461741065979011, -9.63410863876344, -3.697137689590454, 0.4944477081298828,-117.2886182599843
000418.pid, person, 20.89699316024781, -4.077409803867346, -3.238678991794586, 0.7819976806640625,75.07798753613665
000418.pid, person, 23.866915089743483, -23.50480461120606, -3.0401032992771695, 0.588526725769043,-137.44333802410213
000418.pid, person, 7.30169982910157, -9.856382942199714, -3.850746583938599, 0.36963626742362976,-114.56274217180615
000419.pid, person, 20.89596621195476, -4.0757749875386615, -3.2160099347432456, 0.8205408453941345,-110.2751874805808
000419.pid, person, 23.8659535921537, -23.515572841350853, -3.065806031227112, 0.6031472682952881,-142.00520155735617
000420.pid, person, 20.895266056060795, -4.109304070472723, -3.240858793258668, 0.7334488034248352,61.207309934947205
000420.pid, person, 23.846894886182707, -23.488187043563183, -2.9928428193797236, 0.5416339039802551,-143.7789489630637
000421.pid, person, 20.86750268936158, -4.1760762929916435, -3.2369690537452707, 0.7697415351867676,71.31964084232837
000421.pid, person, 23.847775070755574, -23.49132707383898, -3.0393799940745034, 0.6122028231620789,-133.89970827414768
000422.pid, person, 20.923439025878913, -4.383219909667974, -3.339790058135987, 0.7217565178871155,-70.1036876713568
000422.pid, person, 23.85230922698975, -23.502877528850853, -3.0719976150072537, 0.6177784204483032,-132.9679441566176
000422.pid, person, 22.965582317776153, -17.10425220595466, -3.122181600994533, 0.43040716648101807,98.98147398447385
000422.pid, person, 6.863821506500253, -10.620236396789561, -4.038210058212281, 0.3337455093860626,-115.93071870130328
000423.pid, person, 23.878912265484153, -23.496498474707973, -3.0406589691455546, 0.5725160241127014,-143.7655248524574
000423.pid, person, 6.903253396352139, -10.656307538350433, -4.142121473948162, 0.41865336894989014,-121.85190567033777
000424.pid, person, 20.969657421112068, -4.455165147781378, -3.376172006130219, 0.8078935146331787,-67.63656572675052
000424.pid, person, 23.860362441451464, -23.490636401706276, -3.031982015680384, 0.62957364320755,-147.12818403995834
000424.pid, person, 6.581332206726082, -11.207746187845876, -4.28057622909546, 0.5074389576911926,-113.75547373741733
000425.pid, person, 6.597630739212044, -11.09807324409486, -4.266583800315857, 0.7151010036468506,-110.55825503681407
000425.pid, person, 23.850446337745307, -23.5006400517055, -3.0711848735809326, 0.6617166996002197,-136.3946260199315
000426.pid, person, 23.872546920776372, -23.513240356445316, -3.0735163784027097, 0.6499583125114441,-140.42574245040197
000427.pid, person, 23.874783020019535, -23.507930374145513, -3.0567540073394777, 0.6418417692184448,-138.20989387392953
000428.pid, person, 21.123526255289722, -5.2357606887817445, -3.4955901304880785, 0.8033520579338074,55.96316465965132
000428.pid, person, 23.856487605882734, -23.507864247197695, -3.0729037471439526, 0.6054674983024597,-138.57992217986177
000429.pid, person, 21.157163619995124, -5.321561495463058, -3.466225624084473, 0.8265726566314697,-164.61989371027403
000429.pid, person, 23.889624375563407, -23.507195252638603, -3.0392513825343204, 0.5991607308387756,-136.65925337208986
000430.pid, person, 23.86424013284537, -23.525892331049995, -3.0477079428159275, 0.6370359659194946,-133.6010321304016
000431.pid, person, 21.131099224090583, -5.316574335098274, -3.437271416187287, 0.8384059071540833,108.62483657594515
000431.pid, person, 23.86172027587891, -23.52050186157227, -3.0571563720703123, 0.610309362411499,-136.4365528568377
000432.pid, person, 23.85763027357019, -23.516041797140375, -3.057897132375966, 0.6365568041801453,-131.47931347944595
000432.pid, stop_sign, 37.517861175537114, -44.45410079956055, -2.4352780103683456, 0.3111373484134674,-51.209910800407165
000433.pid, person, 21.193166097005214, -5.3732369740804105, -3.5117797056833915, 0.8660406470298767,73.88898070865861
000433.pid, person, 23.852767257690434, -23.527174682617193, -3.0458061504364013, 0.6187830567359924,-134.2839948360054
000434.pid, person, 21.19720306396485, -5.380108737945562, -3.494170904159546, 0.7689200639724731,-86.41174636139579
000434.pid, person, 23.862715403238937, -23.509513572410306, -3.0618432627783885, 0.6163714528083801,-145.88955336207923
000435.pid, person, 21.194480133056647, -5.4209132194519105, -3.464332056045533, 0.7960458993911743,-77.68440847442835
000435.pid, person, 23.854211293734043, -23.522500184866104, -3.0332548251518836, 0.5585904717445374,-131.49395572421923
000436.pid, person, 21.212587738037115, -5.447961997985846, -3.4851408958435064, 0.7996854186058044,-77.40495874364709
000436.pid, person, 23.862747987111415, -23.49777468045553, -3.03650955359141, 0.6313160061836243,-142.4955790023129
000437.pid, person, 21.230505807059156, -5.474724224635538, -3.443378959383284, 0.7991518974304199,-75.99396184991289
000437.pid, person, 23.861747503280643, -23.503731091817226, -3.0380658706029258, 0.5547820329666138,-137.14729317376526
000438.pid, person, 21.230094528198247, -5.518719673156744, -3.4810695171356207, 0.7539902329444885,-74.94262434368457
000438.pid, person, 23.857234069279265, -23.51139511380877, -3.0274082081658498, 0.5981897711753845,-119.92939797442455
000438.pid, stop_sign, 37.96310043334961, -44.187931060791016, -2.201598405838012, 0.3754141330718994,59.05662585145261
000439.pid, person, 21.2299488067627, -5.530992507934577, -3.4414664268493658, 0.7683259844779968,-71.08610110002121
000439.pid, person, 23.830447514851894, -23.497346171626344, -3.0399063251636647, 0.5776089429855347,-140.89168674327337
000439.pid, stop_sign, 38.52449635096959, -43.51883588518415, -2.073630077498298, 0.3434654474258423,-122.4951394934607
000440.pid, person, 21.24492327372234, -5.572896957397467, -3.4170537789662685, 0.7723722457885742,-80.7466215240986
000440.pid, person, 23.863019498189296, -23.497345288594566, -3.0395233074824017, 0.46179908514022827,-153.92429306693026
000440.pid, person, 22.610185457312543, -13.33986873212068, -3.327237357263979, 0.3245844542980194,-75.69343240737544
000441.pid, person, 21.265747547149665, -5.5947625637054506, -3.4542536735534672, 0.577266275882721,99.41983112477897
000441.pid, person, 23.845817345839286, -23.499411876385032, -3.055064293054434, 0.5013705492019653,-144.13564795062535
000442.pid, person, 21.288897991180427, -5.6410884857177805, -3.4445816874504103, 0.6530286073684692,90.47550893680003
000442.pid, person, 23.863341038043686, -23.49865370530349, -3.070969453224769, 0.49980440735816956,-139.99619022230414
000442.pid, stop_sign, 37.340328216552734, -44.09121831258138, -2.579379399617511, 0.42048153281211853,-95.64641194130186
000443.pid, person, 21.22989790780204, -5.528069223676416, -3.341772624424526, 0.8484137654304504,111.79638912567107
000443.pid, person, 23.849913635253913, -23.478552703857428, -3.0439735794067384, 0.5250896215438843,-153.95614980045207
000444.pid, person, 21.332274627685553, -5.734112453460699, -3.428029441833496, 0.8502240180969238,91.51070861700043
000444.pid, person, 23.820161487745207, -23.502724357273273, -3.0737173142640493, 0.5379461646080017,-134.0240931067396
000445.pid, person, 21.22561018807548, -5.5245092255728645, -3.334453276225499, 0.8382877707481384,-62.39822939480606
000445.pid, person, 23.84461729867118, -23.502060140882225, -3.071244784763881, 0.5317800045013428,-129.05682868236835
000446.pid, person, 21.363785743713386, -5.804401874542243, -3.454109609127045, 0.8553938269615173,94.53664615154348
000446.pid, person, 23.835902690887455, -23.496680327824187, -3.0401253359658384, 0.4894953966140747,-133.76706589727752
000447.pid, person, 21.28285145759583, -5.6350643634796205, -3.322585821151734, 0.872559130191803,111.33901476997569
000447.pid, person, 23.81381444577818, -23.506702211168083, -3.0571021415569164, 0.44847795367240906,-138.06700136022363
000448.pid, person, 21.293199857076015, -5.588018099466965, -3.329202771186829, 0.8492216467857361,-63.8679192793552
000448.pid, person, 23.804357774796028, -23.517747755973573, -3.0891065059169645, 0.4945535957813263,-141.68065976877668
000449.pid, person, 21.323556052313915, -5.638552930619989, -3.3970641824934216, 0.8895459771156311,-65.32881021198011
000449.pid, person, 23.802960784346972, -23.485569353456853, -3.055543396208021, 0.45124953985214233,-158.10537138569515
000450.pid, person, 21.29072625296457, -5.532408101218094, -3.2877114159720287, 0.8833987712860107,-62.88742779472977
000450.pid, person, 23.775498680446464, -23.510936322419546, -3.0524577990822164, 0.561133623123169,-140.3698011933292
000451.pid, person, 21.32508206367493, -5.688792407512671, -3.2839774489402775, 0.8763377070426941,-61.75884872661603
000451.pid, person, 23.78627579552787, -23.49623196465629, -3.0713471514838084, 0.5148488879203796,-148.88748541004932
000452.pid, person, 21.329940954844158, -5.626257141431179, -3.2684161265691127, 0.8599739074707031,-59.54851054559233
000452.pid, person, 23.75001260508662, -23.51139474951703, -3.058163912399956, 0.4380475580692291,-143.70078856483224
000453.pid, person, 21.329794970425695, -5.594789374958392, -3.2679183049635454, 0.8616437911987305,-61.647620733114486
000453.pid, person, 23.723189217703688, -23.51437194006784, -3.0353990026882722, 0.4699995219707489,-146.0938029579224
000454.pid, person, 21.325256983439132, -5.578356742858893, -3.2806865109337706, 0.8534084558486938,-60.24718656647742
000454.pid, person, 23.753921826680507, -23.507058620452884, -3.151140828927358, 0.47429579496383667,-147.76063330792385
000455.pid, person, 21.326282119750978, -5.5784079074859685, -3.2317121028900146, 0.8389847278594971,-60.862244240178335
000455.pid, person, 23.75482884159795, -23.4920399983724, -3.083124770058526, 0.4095633625984192,-140.0179372005253
000456.pid, person, 21.372078235332786, -5.639529338249799, -3.2119496785677395, 0.8410530686378479,-60.469056150430056
000456.pid, person, 23.72187343720467, -23.52243078908613, -3.0717709064483643, 0.4924614429473877,-142.04932227108011
000457.pid, person, 21.385439634323124, -5.6635399460792595, -3.1704579144716263, 0.8468602299690247,-60.19819246753577
000457.pid, person, 23.735962231953945, -23.51135341326396, -3.112556586662928, 0.42492613196372986,-134.99599993628902
000458.pid, person, 21.361749355609604, -5.632609734168425, -3.1020961357997012, 0.8430387377738953,-60.583875189117215
000458.pid, person, 23.75907489231655, -23.51677833284651, -3.136189375604902, 0.4320419728755951,-139.5816394324376
000459.pid, person, 21.33607233487643, -5.579675454359793, -3.13279441686777, 0.8427430391311646,104.63315927969566
000459.pid, person, 23.726590283711754, -23.525816345214846, -3.0976832151412963, 0.6042280197143555,-135.23497178892316
000459.pid, stop_sign, 37.50454254150391, -44.443414306640626, -2.4344172239303568, 0.31112176179885864,-51.07235836288015
000460.pid, person, 21.364505594426937, -5.669431686401374, -3.139115420254794, 0.8297908306121826,-59.58851335210097
000460.pid, person, 23.7484504558422, -23.52556165059408, -3.111683306870637, 0.5728954672813416,-138.23236250498812
000461.pid, person, 21.361138752528603, -5.591232129505708, -3.104629823139736, 0.8309351205825806,95.97260689756837
000461.pid, person, 23.74430590090545, -23.517592637435254, -3.0999279644178306, 0.5948336124420166,-156.1007665893011
000462.pid, person, 21.39001693725586, -5.673014688491827, -3.099249625205994, 0.8589774370193481,-61.65516822410671
000462.pid, person, 23.751570997567015, -23.515235045860557, -3.069344035510359, 0.5706132650375366,-155.62913219706442
000463.pid, person, 21.48893444354718, -5.846017177288355, -3.188321315325224, 0.7974334955215454,-60.69930745113114
000463.pid, person, 23.74567694891067, -23.52661396208264, -3.1159183865501765, 0.5206121206283569,-144.85490637605344
000464.pid, person, 21.470712237887916, -5.76864189571805, -3.1665812863243956, 0.840220034122467,-62.4120231410843
000464.pid, person, 23.779142837524418, -23.51775932312012, -3.098265581130982, 0.524028480052948,-135.52927441618078
000464.pid, stop_sign, 38.18421596950955, -43.77253341674805, -2.213537441359625, 0.37308019399642944,-130.84387593937808
000465.pid, person, 21.488108825683597, -5.777430677413948, -3.2099963903427122, 0.8179855346679688,-61.32856645744577
000465.pid, person, 23.799333205589885, -23.529597795926612, -3.0747522574204664, 0.4905835688114166,179.56301671842
000466.pid, person, 21.51830116907756, -5.817301193873093, -3.2139598528544115, 0.7207621932029724,-65.5463716544763
000466.pid, person, 23.81004299436297, -23.533398628234867, -2.9809653673853194, 0.5691816806793213,-173.27300604799336
000467.pid, person, 23.862175777040683, -23.538429852189694, -2.989622132531528, 0.49989572167396545,163.3404758561454
000467.pid, person, 21.529703548976357, -5.833041599818645, -3.1983578205108643, 0.46739909052848816,-61.98381962084232
000468.pid, person, 21.556738036019464, -5.854919127055584, -3.2319764580045427, 0.8021848201751709,-66.41326699608453
000468.pid, person, 23.89271488896123, -23.542665905422638, -3.0173526693273476, 0.37664180994033813,147.0261679439322
000468.pid, stop_sign, 38.19923248291016, -43.75733413696289, -1.958326840400695, 0.34905433654785156,-111.9055071877095
000469.pid, person, 21.567120331984306, -5.861910709967986, -3.245827564826379, 0.8190662860870361,-64.81105364228779
000469.pid, person, 23.91581625687449, -23.523282803987204, -2.9660589945943734, 0.31860068440437317,162.37241746133677
000470.pid, person, 21.560992521398212, -5.826216557446652, -3.2640159410588883, 0.8582028150558472,-66.56505707902062
000470.pid, person, 23.945699882507327, -23.548532295227055, -3.091333103179932, 0.39252761006355286,156.62668580396527
000470.pid, stop_sign, 38.12141842312283, -43.84064653184679, -2.176782409350076, 0.343074232339859,-136.17996237349342
000471.pid, person, 21.562717183430994, -5.852601941426599, -3.247833188374837, 0.8452818989753723,-65.09945826069529
000471.pid, person, 24.006533454446235, -23.5427822786219, -3.086118052987491, 0.40673506259918213,151.06682384140348
000472.pid, person, 21.549014886220302, -5.783244212468472, -3.2652820150057473, 0.6870017051696777,-64.94674908422834
000472.pid, person, 24.001761913299564, -23.538703918457035, -3.1004026383161545, 0.3565804660320282,148.7883485287687
000472.pid, stop_sign, 38.116709899902354, -43.57355422973633, -2.15278751850128, 0.3178916275501251,-93.35241082392199
000473.pid, person, 21.55110004970006, -5.8454340866633885, -3.2193514789853777, 0.8402227759361267,-65.57172051565729
000473.pid, person, 24.042257626851402, -23.541749848259826, -3.086831079588996, 0.32867464423179626,157.0281103868209
000474.pid, person, 21.558777882502632, -5.817844500908491, -3.20674283687885, 0.8694921135902405,-66.30967642687835
000474.pid, person, 24.0250837802887, -23.510356903076175, -3.1032238155603413, 0.427938848733902,146.22405992178827
000475.pid, person, 21.561621665954593, -5.850790568760468, -3.234362517084395, 0.870123565196991,-67.20240963307526
000476.pid, person, 21.566447394234796, -5.839008671896804, -3.184222255434309, 0.8927162289619446,-64.42212064683497
000476.pid, person, 24.04724740982056, -23.423604607582096, -3.1409149169921875, 0.3278551995754242,108.42824254008761
000477.pid, person, 21.594086170196537, -5.9155020713806215, -3.3331755797068277, 0.8887103199958801,-65.00242228130088
000477.pid, person, 24.068541919483863, -23.375453612383676, -3.1348082318025483, 0.34590861201286316,104.28383711842527
000477.pid, person, 22.400713461416743, -10.374341470223888, -3.1526716461888054, 0.3369147777557373,-75.58295010607472
000477.pid, stop_sign, 38.13171386718751, -43.57364654541016, -2.219985318183897, 0.36392873525619507,-94.18412955787116
000478.pid, person, 21.57955474853516, -5.884945074717208, -3.261120812098185, 0.8860556483268738,-64.26738113539733
000478.pid, person, 24.091829180717472, -23.315681576728824, -3.1373553574085236, 0.38667017221450806,116.25919772634724
000479.pid, person, 21.56641633169992, -5.864822864532475, -3.2439599548067366, 0.8834986090660095,-63.77143395623569
000479.pid, person, 24.145501995086672, -23.271720409393314, -3.06274231672287, 0.3246663510799408,110.74766874320504
000479.pid, stop_sign, 38.05208396911621, -43.198981285095215, -2.260601341724393, 0.4757683575153351,43.65583592269665
000480.pid, person, 21.56208957325329, -5.834667639298879, -3.203988877209751, 0.8809790015220642,-64.66113772811923
000481.pid, person, 21.569173676627027, -5.853885480335786, -3.240377834865025, 0.8825932145118713,-65.41219872900334
000482.pid, person, 21.551203507643486, -5.838755607604986, -3.24028756068303, 0.8914012312889099,-62.101487161594555
000483.pid, person, 21.56034660339356, -5.849425829373877, -3.214108870579646, 0.8860943913459778,-64.05907206419559
000484.pid, person, 21.57158206059383, -5.882265054262608, -3.2633451681870684, 0.8887406587600708,-65.08679410533284
000485.pid, person, 21.572352472941084, -5.874375343322759, -3.231253735224406, 0.8894360661506653,-66.41963912406416
000485.pid, stop_sign, 37.34035237630209, -44.09642537434896, -2.579550027847289, 0.3844444155693054,-95.98355804052244
000486.pid, person, 21.57054506029402, -5.880726337432867, -3.241324526923044, 0.8849872350692749,-64.52841287894341
000487.pid, person, 21.552801132202152, -5.863785624504096, -3.2260468453168873, 0.8795778751373291,-61.26569546833178
000488.pid, person, 21.552316411336268, -5.844691658020025, -3.252608362833659, 0.8668582439422607,-60.59070872616535
000489.pid, person, 21.53936233520508, -5.861153157552089, -3.1995456059773764, 0.8561443090438843,-64.4666558145124
000490.pid, person, 21.510582106454034, -5.743989706039434, -3.1564402239663267, 0.8733155727386475,-61.91741229764899
000491.pid, person, 21.51952234903972, -5.827781412336566, -3.2004867527219982, 0.8588764071464539,-61.93716581299275
000492.pid, person, 21.528950074139768, -5.837237750782691, -3.2132396277259376, 0.8609140515327454,-61.53589656526675
000493.pid, person, 21.524561246236168, -5.828022824393383, -3.150239057011075, 0.8530783653259277,-60.560991258014276
000494.pid, person, 21.528200261733115, -5.807199758641865, -3.241303177440868, 0.6863194704055786,-59.99880416786264
000494.pid, stop_sign, 37.93411509195965, -43.54313405354818, -2.2395584980646754, 0.40252214670181274,20.872988534312785
000495.pid, person, 21.508487156459267, -5.754511492592953, -3.168977567127773, 0.8052622079849243,-61.18329250019277
000496.pid, person, 21.510896364847824, -5.783944818708636, -3.1744138797124233, 0.7861052751541138,-59.76615700133059
000497.pid, person, 21.47158699035645, -5.739828268686936, -3.1785067399342855, 0.7173578143119812,-62.374150190428956
000498.pid, person, 21.483176946640018, -5.797986805439, -3.1605470776557927, 0.7631435394287109,-59.653926839675925
000499.pid, person, 21.489959081014, -5.7812232335408575, -3.2025200366973876, 0.7469285130500793,-60.62066172660797
000500.pid, person, 21.497962542942595, -5.802106142044073, -3.173865965434483, 0.8185246586799622,-60.154780749817554
000501.pid, person, 21.509259776065228, -5.840960703398059, -3.199927618629054, 0.7926944494247437,-57.15643513635512
000502.pid, person, 21.512401199340825, -5.887810897827154, -3.2073454380035398, 0.7787424921989441,-58.0798441309966
000502.pid, stop_sign, 38.50833020891463, -43.50639833722796, -2.0728921379361824, 0.34950000047683716,-119.74185137043426
000503.pid, person, 21.511317316691084, -5.864645799001063, -3.192539787292481, 0.722601056098938,-59.507600415594304
000503.pid, person, 24.9520477294922, -22.44055633544923, -3.3260318279266365, 0.36326101422309875,96.25327210816516
000504.pid, person, 21.54295231745794, -5.914802184471724, -3.239646691542406, 0.8117337822914124,-59.964158634476256
000504.pid, person, 25.05662999834334, -22.503810337611615, -3.4225045272282193, 0.31501173973083496,-61.54118012873649
000505.pid, person, 21.54041070204515, -5.914387812981246, -3.242562385705802, 0.8303534388542175,-60.86513889237266
000505.pid, stop_sign, 37.317290496826175, -44.47961349487305, -2.630760812759397, 0.34588074684143066,-30.202822666154155
000506.pid, person, 21.482215563456222, -5.825701236724861, -3.1831660866737366, 0.8281018733978271,-61.15048912906716
000507.pid, person, 21.502936623313214, -5.846303679726347, -3.142325856468894, 0.6966275572776794,-61.673733018107306
000508.pid, person, 21.544288298662973, -5.972167407765113, -3.2304809934952683, 0.799596905708313,-55.67974273803158
000509.pid, person, 21.523918151855472, -5.952315553029383, -3.118579959869385, 0.8102483153343201,-53.21241414679164
000509.pid, stop_sign, 38.07870769500733, -43.9391393661499, -2.111354798078536, 0.31247201561927795,-72.68481903118413
000510.pid, person, 21.493072867393497, -5.968215197324756, -3.176648378372193, 0.8088851571083069,-55.761847317657974
000511.pid, person, 21.511952524599824, -6.006025231402858, -3.114549937455551, 0.8157769441604614,-52.30795861505468
000512.pid, person, 21.508292903070867, -6.055897691975474, -3.132884999980097, 0.5539237260818481,-46.70915692743508
000512.pid, stop_sign, 37.124060821533206, -44.20430297851563, -2.754997634887695, 0.31008076667785645,-93.34751307556195
000513.pid, person, 21.4749550819397, -6.0335062265396155, -3.156671369075775, 0.685685932636261,-41.332202579925756
000513.pid, stop_sign, 38.05320739746094, -43.20205497741699, -2.2596241235733006, 0.34749093651771545,45.34223803288637
000514.pid, person, 21.483019742098723, -6.109825676137756, -3.163758386265148, 0.3967587649822235,-37.675865992732795
000515.pid, person, 21.471655155050346, -6.127163985679894, -3.0953656969399286, 0.46371662616729736,-21.54437801692707
000516.pid, person, 21.447002808252975, -6.154043932755793, -3.1767095426718392, 0.6930577754974365,-2.4053294080319425
000516.pid, stop_sign, 38.162904357910165, -43.582366943359375, -2.2208973646163934, 0.42635318636894226,78.58801028067393
000517.pid, person, 21.416831389717437, -6.236565589904789, -3.1635512165401294, 0.7261428236961365,-42.80748860027332
000518.pid, person, 21.40196509983229, -6.31408380425495, -3.15436633773472, 0.7232864499092102,-64.38010652531642
000518.pid, person, 25.6307872136434, -22.297067006429042, -3.243758082389832, 0.33297696709632874,103.43349598774236
000518.pid, stop_sign, 37.270540237426765, -44.26894474029542, -2.6116438508033744, 0.32881176471710205,-101.17480191807013
000519.pid, person, 21.417022098194472, -6.406136621128433, -3.216276027939536, 0.8107856512069702,112.80361565780507
000520.pid, person, 21.442910587086402, -6.476866834303915, -3.1821327489965108, 0.8423121571540833,105.67584013634631
000520.pid, stop_sign, 37.51643524169923, -44.455300903320314, -2.435268759727477, 0.32539844512939453,-49.74511841626448
000521.pid, person, 21.451531777015102, -6.52871913176317, -3.1949370274176965, 0.8252284526824951,109.38610790804482
000521.pid, motorcycle, 21.673468840749642, -6.418541933360856, -3.2283565496143547, 0.3805006146430969,-41.16908327512314
000522.pid, person, 21.486957867940273, -6.59262625376384, -3.192775507767996, 0.823294997215271,108.01222566482865
000522.pid, person, 21.689622334071572, -6.42078946885609, -3.029601460411435, 0.42576226592063904,-36.751593380409375
000522.pid, stop_sign, 38.530892054239914, -43.24611028035482, -2.131835917631783, 0.42962488532066345,-152.82471808238049
000523.pid, person, 21.51389162881034, -6.623351914542068, -3.229577439171927, 0.8218121528625488,105.86389775024692
000523.pid, motorcycle, 21.721042833830182, -6.487516754551941, -3.1184170748058118, 0.5643226504325867,-16.00928493130366
000524.pid, person, 21.54042937538841, -6.705327033996587, -3.162038131193681, 0.8056300282478333,106.98546004381001
000524.pid, motorcycle, 21.748006184895836, -6.5406305449349595, -3.1308750425066267, 0.48376962542533875,-15.236518719745686
000525.pid, person, 21.577174425125126, -6.731737494468693, -3.156633272767067, 0.8302093744277954,103.03125145903688
000525.pid, motorcycle, 21.819253683090214, -6.626927167177206, -3.069612413644791, 0.4522601068019867,-11.782995368784906
000525.pid, stop_sign, 37.99169649396624, -44.129462650844026, -2.224904162543159, 0.41218769550323486,31.682147459135905
000526.pid, person, 21.60259532928467, -6.81557722886404, -3.185907542705536, 0.834089994430542,105.05252497942776
000526.pid, motorcycle, 21.871647335234144, -6.650999773116343, -3.1946220170883906, 0.5092920064926147,9.832633251198908
000527.pid, person, 21.633055855246155, -6.851461522719442, -3.1240172526415657, 0.8293550610542297,105.33675911683436
000527.pid, motorcycle, 21.945001489975876, -6.685198699726783, -3.1156188039218677, 0.5302976369857788,37.97288107911744
000528.pid, person, 21.647306124369308, -6.859366973241176, -3.118559499581655, 0.7940893173217773,106.19797478371724
000528.pid, motorcycle, 21.922064495086673, -6.730352497100833, -3.1100708007812505, 0.5190630555152893,50.738253866261246
000529.pid, person, 21.650539525349938, -6.898017088572188, -3.1694815317789717, 0.8383751511573792,105.39244772542844
000529.pid, car, 23.733093316214426, -12.827764660971505, -3.0646279130663188, 0.3529641330242157,-67.62985179922484
000529.pid, motorcycle, 21.941307469418177, -6.761295946020834, -3.1228751508813155, 0.36030152440071106,54.571050380204944
000530.pid, person, 21.7048815213717, -6.944972551785989, -3.236155785047091, 0.8437319993972778,97.21179178315818
000530.pid, motorcycle, 22.01098521550497, -6.772220412890121, -3.1406154731909433, 0.40798741579055786,52.890655987762514
000531.pid, person, 21.722516059875492, -7.013637244701392, -3.2524616122245793, 0.5143866539001465,86.905800538774
000531.pid, motorcycle, 21.939659347534185, -6.873973751068117, -3.1217666721343993, 0.5006892681121826,61.38787930093477
000532.pid, person, 21.77023696899415, -7.102013905843106, -3.2121760845184326, 0.8281837701797485,-41.932842106034556
000532.pid, person, 26.368170928955085, -22.09282188415528, -3.157163238525391, 0.36250612139701843,107.49732404027975
000532.pid, motorcycle, 21.98259488997921, -6.889983715549595, -3.0463835423992527, 0.5317724347114563,69.99741302530535
000533.pid, person, 21.984420069941773, -6.928982999589713, -3.0310774909125433, 0.30096635222435,90.0218137631015
000534.pid, person, 22.053616659981866, -6.902742130415783, -3.083691350051335, 0.4191359281539917,84.03230125302946
000535.pid, person, 21.811864217122405, -7.013983726501472, -3.241199175516764, 0.43085920810699463,107.44391320877425
000536.pid, person, 22.099949331844556, -7.015656106612265, -3.0603143677991977, 0.3162263333797455,122.18346633424034
000537.pid, person, 22.16673088073731, -7.0363402664661425, -3.087338663637638, 0.4000271260738373,112.48723773716316
000538.pid, person, 22.146489105224614, -7.134067802429203, -3.1192439079284675, 0.4287559390068054,133.60942924032253
000539.pid, person, 21.991061019897465, -7.096655464172369, -3.072328472137451, 0.5300328731536865,-24.966289899856942
000540.pid, person, 22.240954650075814, -7.1524245613499735, -3.179992851458098, 0.4680425226688385,109.7643345688685
000541.pid, person, 22.22709147135417, -7.163325826327012, -3.219408373037974, 0.4549099802970886,-57.23995612705999
000542.pid, person, 22.145231628417974, -7.173249912261968, -3.0433413982391366, 0.4093013405799866,-169.870058299547
000543.pid, motorcycle, 22.275809361384468, -7.02382425161509, -3.268082306935237, 0.32870081067085266,102.56206131993692
000544.pid, person, 22.258623758951828, -7.169098483191602, -3.110122813118829, 0.33476129174232483,-41.33029307917999
000545.pid, person, 22.200429916381847, -7.131838480631516, -3.0392243862152104, 0.3940396010875702,79.80057976505468
000546.pid, person, 22.24136581420899, -7.106208133697517, -3.0987743854522716, 0.3081778287887573,116.42268486162597
000547.pid, person, 22.162077767508375, -6.81012610026769, -3.1918224607195174, 0.3699274957180023,106.88994854143827
000548.pid, person, 22.248171276516388, -7.023013856675896, -3.06326527065701, 0.6355564594268799,125.71791950433237
000548.pid, stop_sign, 38.50657217843192, -43.498125893729075, -2.07296505996159, 0.43398404121398926,-120.39744827158685
000549.pid, person, 22.24073147773743, -6.93113142251969, -3.1003439426422124, 0.508149266242981,115.85672476492013
000550.pid, person, 22.271105159412734, -6.9054261554371275, -3.1412793072787206, 0.8625209331512451,110.79510576790013
000551.pid, person, 22.203278732299808, -6.770182673136398, -3.264366420110067, 0.8379471898078918,117.32320181786947
000552.pid, person, 22.20375721271222, -6.725604093991797, -3.2074391475090613, 0.8266066908836365,109.79791618700968
000553.pid, person, 22.210597610473638, -6.7004581451416065, -3.240475591023763, 0.7625388503074646,122.64526526158994
000554.pid, person, 22.19929671287537, -6.662030041217808, -3.280473679304123, 0.7139718532562256,123.8169703171398
000554.pid, person, 27.52476654052735, -21.622314453125007, -3.021167087554932, 0.31176993250846863,-114.45315496989241
000555.pid, person, 22.142870797051327, -6.505291832817929, -3.2566505670547485, 0.8026164174079895,115.36803545633175
000556.pid, person, 22.1288875579834, -6.473310438791915, -3.296236340204875, 0.6285653710365295,118.71264803972076
000557.pid, person, 22.030823843819757, -6.414777142660964, -3.2907616921833585, 0.7083632946014404,125.29693517880024
000558.pid, person, 21.9082971572876, -6.245550966262823, -3.2712123155593873, 0.7127134203910828,118.98790466825939
000559.pid, person, 21.97108340263367, -6.32743719220162, -3.3071665912866592, 0.7677481174468994,123.19826025945686
000560.pid, person, 22.014875636381266, -6.332145718967218, -3.291262191884658, 0.4704490005970001,116.78097452576549
000561.pid, person, 21.96104867117746, -6.268528030032208, -3.2407158329373313, 0.6592624187469482,119.52698900126252
000561.pid, person, 27.6958293914795, -21.85658378601075, -3.4968549728393556, 0.3887079954147339,91.20965011393588
000562.pid, person, 21.904968964426143, -6.23874099631059, -3.2517950409337093, 0.6186898946762085,122.96284493507632
000563.pid, person, 21.927216393607004, -6.199527468000143, -3.201118741716658, 0.440759539604187,113.37843659787316
000564.pid, person, 21.88865307399205, -6.28753164836339, -3.1151611464364195, 0.4155349135398865,121.82355810086847
000565.pid, person, 21.87463814871652, -6.2900816372462725, -3.0952186584472656, 0.537131130695343,118.64961608920663
000566.pid, person, 21.83301896315355, -6.204379100065968, -3.151327600845924, 0.4307529032230377,111.77996602748661
000566.pid, car, 23.82300148010254, -11.22179196675619, -3.228366168340046, 0.3117705285549164,-62.60325776994997
000567.pid, person, 21.81180087725322, -6.196274399757389, -3.1007425685723624, 0.44125524163246155,117.25806418277041
000567.pid, stop_sign, 37.49765319824219, -44.430379486083986, -2.4338541507720928, 0.3332066237926483,-51.180714142854995
000568.pid, person, 21.77289928089489, -6.178183685649532, -3.1035321300679994, 0.5158746838569641,119.23949675340802
000569.pid, person, 21.691483787868336, -6.066269998965061, -3.20563208538553, 0.47080254554748535,117.79721865712551
000570.pid, person, 21.726039505004888, -6.187436453501389, -3.088583246866862, 0.46772053837776184,94.12375945948358
000571.pid, person, 21.654335168691787, -6.1136640035189185, -3.1100358229417067, 0.5201056003570557,116.91246927158124
000572.pid, person, 21.643970342782833, -6.092701728527369, -3.2258576613206134, 0.6292802691459656,122.27219402879189
000573.pid, person, 21.6527395884196, -6.066646893819179, -3.1580104351043703, 0.8261078596115112,124.24465077694492
000573.pid, stop_sign, 38.094828033447264, -43.53323593139648, -2.151088976860045, 0.38610512018203735,-94.10342556976207
000574.pid, person, 21.63823880089654, -6.036384079191424, -3.1703396108415394, 0.8078640103340149,119.23697185368843
000575.pid, person, 21.595965067545578, -6.0066221157709805, -3.1444182197252917, 0.732223629951477,122.88228630483843
000576.pid, person, 21.585793852806095, -5.983366280794148, -3.210380628705025, 0.7705088257789612,119.78685109371251
000576.pid, stop_sign, 38.499789101736894, -43.491131918770925, -2.0724632399422775, 0.3291676640510559,-122.37120384752583
000577.pid, person, 21.554502038394705, -5.938150181489837, -3.1856136462267712, 0.7488012909889221,120.30638035878859
000578.pid, person, 21.537238472386413, -5.928038019883009, -3.166102572491295, 0.8330820202827454,113.72555197845766
000579.pid, person, 21.5006612889907, -5.89022198845359, -3.1251313826617073, 0.6406347751617432,110.46503128310655
000579.pid, stop_sign, 37.51519775390625, -44.45742645263672, -2.435319924354552, 0.36432310938835144,-50.36148215526312
