000034.pid, stop_sign, 23.224445343017578, 7.510524749755859, -2.0726688702901197, 0.511520266532898,-66.47149596168677
000037.pid, stop_sign, 37.790879058837895, -43.41345291137695, -2.481685590744018, 0.5420007109642029,-158.7668819456825
000039.pid, stop_sign, 38.55583095550537, -41.65821123123169, -1.8259988427162157, 0.5114628076553345,107.39486339389222
000042.pid, stop_sign, 38.59776210784913, -41.71552324295044, -1.8281340003013598, 0.5943683981895447,106.84965993092321
000043.pid, stop_sign, 37.86361885070801, -42.66242663065592, -2.2158175905545527, 0.4871114194393158,-69.41833088107114
000044.pid, stop_sign, 25.46730155944825, -1.710245132446289, -1.9781518697738634, 0.47661450505256653,-67.44416862744606
000045.pid, stop_sign, 37.61793518066406, -42.449248504638675, -1.983150458335875, 0.5324364900588989,-67.0686253540662
000047.pid, stop_sign, 39.60252888997397, -44.994852701822914, -1.9741501410802191, 0.5182600021362305,89.09702827900216
000050.pid, stop_sign, 30.89251073201498, -19.933011690775555, -1.9952574372291547, 0.4805004596710205,106.32424100128728
000051.pid, stop_sign, 37.69390996297201, -42.62060038248698, -2.5409402052561427, 0.5324632525444031,-98.60516251979303
000052.pid, stop_sign, 38.26488558451336, -40.577799479166664, -2.0606276790300986, 0.44506970047950745,108.01817361741803
000053.pid, stop_sign, 37.267306645711265, -39.182555516560875, -1.955218414465585, 0.41526782512664795,98.62887426156368
000055.pid, stop_sign, 35.574807484944664, -34.02414957682291, -1.6130533218383778, 0.4695753753185272,-73.26246840658965
000056.pid, stop_sign, 37.74444362095424, -40.44044712611608, -2.1399946212768532, 0.5464206337928772,101.01274939268839
000059.pid, stop_sign, 38.808725357055664, -42.991616249084466, -1.8529872000217424, 0.5244385600090027,-153.14100567977897
000061.pid, stop_sign, 36.38739122663226, -36.16451808384487, -1.9274526153291964, 0.5577542185783386,-70.99096965152717
000063.pid, stop_sign, 36.56623153686524, -35.757646560668945, -1.638906741142272, 0.42079630494117737,-68.24924528784786
000064.pid, stop_sign, 38.34944152832032, -42.97414207458496, -2.406961341698963, 0.5148263573646545,-42.29132250378999
000068.pid, stop_sign, 37.754136766706196, -41.23880059378488, -2.098650625773837, 0.5362957715988159,97.34104277798045
000072.pid, stop_sign, 37.071047782897956, -40.219075202941895, -1.747812122106552, 0.48467519879341125,92.62104857375161
000074.pid, stop_sign, 35.78924051920573, -34.3454023996989, -1.5123958587646467, 0.44280874729156494,-71.70892718950734
000075.pid, stop_sign, 37.70992565155029, -42.94968891143799, -1.8330568671226493, 0.40637046098709106,86.6818497411187
000076.pid, stop_sign, 36.0468692779541, -33.739501953125, -1.8098245263099657, 0.464626282453537,-65.59222961013563
000080.pid, stop_sign, 35.509140968322754, -32.966986656188965, -1.7470093667507145, 0.5119462013244629,-73.95827344843727
000081.pid, stop_sign, 37.69087546212332, -42.67133494785854, -2.2746092591966898, 0.6049541234970093,-97.57770162562954
000084.pid, stop_sign, 37.82080078125, -42.15678329467773, -2.1776451587676986, 0.530693531036377,-70.81640977707579
000086.pid, stop_sign, 37.58220990498861, -42.78037770589193, -2.1569999655087773, 0.5214064717292786,-89.62410820892808
000088.pid, stop_sign, 37.052879333496094, -36.872447649637856, -1.6037665605545033, 0.44563859701156616,-66.55424190703377
000089.pid, stop_sign, 37.85861778259278, -42.66153144836426, -2.21558101971944, 0.43622887134552,-70.3636547239067
000092.pid, stop_sign, 35.91467361450195, -33.661307144165036, -1.5945285320281968, 0.5128687620162964,-73.83349001397971
000093.pid, stop_sign, 37.715956551688066, -42.68125425066267, -1.9904143810272212, 0.4909430146217346,-72.93854475869142
000094.pid, person, 27.08941497802735, -21.525397491455085, -2.723573780059815, 0.4238528311252594,109.35864036269558
000097.pid, stop_sign, 37.495128631591804, -43.13646984100342, -2.000976830720901, 0.5378948450088501,88.85029358905183
000098.pid, stop_sign, 36.845520973205566, -39.45971441268921, -1.8876713812351211, 0.5396401286125183,102.03488507829852
000099.pid, stop_sign, 39.0363416671753, -44.21007823944092, -1.8066222667694074, 0.46362364292144775,124.64282012995712
000101.pid, stop_sign, 36.482764350043404, -36.073503494262695, -1.9617654350068823, 0.4447093605995178,-71.17212724702657
000102.pid, stop_sign, 37.91483942667643, -42.54644966125488, -2.215199530124663, 0.5178054571151733,26.787987670911445
000105.pid, stop_sign, 39.035423278808594, -44.22550296783447, -1.8071399033069588, 0.5750264525413513,124.77379104436149
000106.pid, stop_sign, 37.60750770568848, -42.76515483856201, -1.9876642823219293, 0.45496198534965515,-100.89215632186671
000107.pid, stop_sign, 37.75837469100953, -42.905417919158936, -2.3325821310281736, 0.4484688341617584,88.9502881992197
000108.pid, stop_sign, 36.494436740875244, -35.788344383239746, -2.0806164443492876, 0.5296259522438049,-72.1559989782883
000109.pid, stop_sign, 37.86100769042969, -42.654120127360024, -2.2154491345087672, 0.5139212608337402,-70.64380094072129
000111.pid, stop_sign, 36.04368654886882, -33.619748751322426, -1.6176135937372829, 0.40296465158462524,-73.9104364228194
000112.pid, stop_sign, 37.47825193405152, -38.96717643737793, -1.9748130589723583, 0.39387884736061096,100.64765962228056
000113.pid, stop_sign, 37.76806131998698, -42.720554987589516, -2.3833314577738434, 0.44928696751594543,-74.08229319839683
000116.pid, stop_sign, 37.78344599405924, -42.95528475443522, -2.112092614173888, 0.5214671492576599,77.46908169394165
000117.pid, stop_sign, 36.15030733744303, -36.090682665506996, -1.8956899444262172, 0.5624252557754517,-73.29736201864984
000118.pid, stop_sign, 37.48039245605469, -42.685569763183594, -1.9026157855987536, 0.4826904535293579,-82.23745360495312
000121.pid, stop_sign, 36.57735595703125, -37.44730682373047, -1.8069164752960183, 0.4689568281173706,101.06875248596891
000123.pid, stop_sign, 34.88747914632162, -29.216132481892895, -1.7655002673467, 0.39950400590896606,157.2178002470911
000125.pid, stop_sign, 17.396900177001953, 25.917836507161457, -2.303558111190795, 0.5004096031188965,24.023615197220053
000126.pid, stop_sign, 37.91953372955323, -43.05617427825928, -2.215524300932884, 0.5208792686462402,78.15233802077312
000129.pid, stop_sign, 39.21131362915039, -45.327519989013666, -2.30122776031494, 0.4720621109008789,51.328274521815786
000130.pid, stop_sign, 37.84704717000326, -43.308528900146484, -2.0097912152608215, 0.4446447491645813,-151.29767631075373
000132.pid, stop_sign, 37.97088368733724, -42.752194086710624, -2.2238269845644623, 0.4816397726535797,13.256610448291552
000135.pid, stop_sign, 37.91367848714193, -42.566148122151695, -2.103451927502949, 0.5346819162368774,28.256892549285524
000138.pid, stop_sign, 37.51563034057617, -42.71000366210937, -2.0530544757843003, 0.5308550596237183,-83.39548740265823
000140.pid, stop_sign, 37.97410202026367, -42.66594423566546, -2.283554758344376, 0.48753783106803894,30.158872770951863
000142.pid, stop_sign, 37.85435791015625, -42.88487319946289, -2.5988225936889635, 0.40405645966529846,88.76265481258166
000143.pid, stop_sign, 35.589164733886726, -32.93769550323487, -1.6818726360797867, 0.368478387594223,-74.24833732917665
000144.pid, stop_sign, 37.79651514689128, -42.68317413330078, -2.327217837174731, 0.3917379677295685,103.98547571394217
000149.pid, stop_sign, 38.067996215820315, -43.070516967773436, -2.477297711372375, 0.40367233753204346,37.85748173124883
000152.pid, stop_sign, 37.64267883300782, -42.62127685546875, -2.0537755012512187, 0.4935068190097809,-91.82723920866852
000153.pid, stop_sign, 35.62508850097657, -31.50942459106445, -1.6002434730529767, 0.5205938220024109,117.77219601938214
000155.pid, stop_sign, 36.08858278062608, -35.735747231377495, -2.194570210244919, 0.5317696928977966,-73.56121734584585
000156.pid, stop_sign, 38.8261833190918, -43.80530786514282, -2.214236542582511, 0.5368015766143799,110.83823563323104
000160.pid, stop_sign, 36.316008567810066, -34.06965637207031, -1.7384810149669634, 0.5047983527183533,-65.96484674879716
000161.pid, stop_sign, 37.75873947143555, -42.3232946395874, -2.1486074030399305, 0.5229231119155884,-57.50307928403337
000168.pid, stop_sign, 37.9411563873291, -42.72263145446777, -2.2427997887134534, 0.4747500717639923,-88.37085482153168
000169.pid, stop_sign, 36.88113784790039, -36.41623306274414, -1.7342209021250392, 0.5205630660057068,-68.02039184344204
000170.pid, stop_sign, 37.60409273420062, -39.004387446812224, -2.0263118914195455, 0.512849748134613,98.48102961818724
000174.pid, stop_sign, 35.61271286010743, -34.06297810872396, -1.6149301926294946, 0.5552380084991455,-73.44171045897326
000178.pid, stop_sign, 36.487350463867195, -34.893152475357056, -1.7108045369386666, 0.4955021142959595,-68.62166237817817
000179.pid, stop_sign, 37.93783378601075, -42.744165420532234, -2.334838906923928, 0.501655101776123,-74.19033259063346
000182.pid, stop_sign, 39.97458902994793, -42.57550811767579, -1.9239857991536444, 0.3785637617111206,-87.88461337793902
000186.pid, stop_sign, 35.90806452433269, -33.52434762318929, -1.6118783950805649, 0.41375529766082764,-72.7746769280715
000190.pid, stop_sign, 38.435230890909835, -43.18407694498698, -2.132165610790252, 0.47652050852775574,8.903360980698178
000191.pid, stop_sign, 37.6108144124349, -42.36127726236979, -1.9816725254058818, 0.5453892946243286,-56.07745908255233
000193.pid, stop_sign, 38.32612555367607, -43.3757574898856, -2.26876676082611, 0.5097155570983887,-69.62539068990637
000195.pid, stop_sign, 35.58621724446615, -31.54463386535644, -1.6555669705073026, 0.5013991594314575,117.83330014058436
000196.pid, stop_sign, 37.765564600626625, -42.68988355000814, -2.3822461167971274, 0.3175986111164093,-74.79945953424178
000197.pid, stop_sign, 35.90607779366629, -32.19575500488281, -1.8914395570754994, 0.4495987594127655,111.6463691649026
000200.pid, stop_sign, 39.44777170817058, -42.83230209350586, -1.8054513136545802, 0.5402308702468872,-167.55648044245146
000202.pid, stop_sign, 38.07687187194824, -42.910884857177734, -2.282670577367145, 0.511177122592926,26.89597381350323
000204.pid, stop_sign, 36.84077529907226, -34.80868225097656, -1.8061523914337143, 0.6021932363510132,-63.52874200470138
000205.pid, stop_sign, 38.842036437988284, -44.04706954956055, -1.9157157659530621, 0.3950923681259155,125.69561850127755
000206.pid, stop_sign, 37.95019607543945, -40.71037998199463, -1.9785322070121762, 0.4544849097728729,102.71073072935214
000207.pid, stop_sign, 37.61570434570312, -43.15811538696289, -2.4016986131668077, 0.3998297154903412,91.05552133573313
000208.pid, stop_sign, 37.60265121459961, -42.75421981811523, -1.921251535415648, 0.4320793151855469,-110.76446540101281
000209.pid, stop_sign, 37.735940933227546, -42.307512283325195, -2.1471998393535596, 0.548378586769104,-59.518110517273534
000210.pid, stop_sign, 37.13129588535855, -38.90305137634277, -1.8640692744936247, 0.4376809895038605,101.80693030728624
000211.pid, stop_sign, 37.457323710123696, -42.88943354288737, -1.771833380063373, 0.4714297652244568,86.08432907974117
000212.pid, stop_sign, 38.38945770263672, -42.67087936401367, -2.07306659221649, 0.5121113657951355,164.3351276097266
000213.pid, stop_sign, 37.86397933959961, -42.771732330322266, -2.06134021282196, 0.459405779838562,25.54076315286637
000214.pid, stop_sign, 38.63113212585449, -42.98947238922119, -2.1095236539840685, 0.47308793663978577,-38.99814352758812
000219.pid, stop_sign, 37.90962346394857, -42.5563538869222, -2.1028274099032074, 0.43615761399269104,29.49912931092127
000222.pid, stop_sign, 38.0008053249783, -41.946844736735024, -2.1299200720257216, 0.43567147850990295,98.41589161321508
000223.pid, stop_sign, 28.491515350341803, -10.114583969116211, -1.954119277000426, 0.4750388264656067,106.72886761104849
000224.pid, stop_sign, 37.78477096557617, -42.67662111918133, -2.326927185058592, 0.4912109076976776,-68.8921272830363
000226.pid, stop_sign, 37.61747360229492, -42.410603841145836, -1.9827270905176784, 0.4755008816719055,-55.919229162536624
000227.pid, stop_sign, 37.72678604125977, -42.60459823608399, -2.25630633831024, 0.5248926877975464,-75.92795072551871
000232.pid, stop_sign, 38.45258246527778, -43.71506712171767, -2.1836774084303103, 0.3860325515270233,-58.59464031135257
000236.pid, stop_sign, 37.81440680367606, -42.61675262451172, -2.0391270433153417, 0.5308341383934021,128.5329567649071
000237.pid, stop_sign, 35.74212392171224, -34.30396842956543, -1.510526498158771, 0.438484251499176,-71.60917921186788
000241.pid, stop_sign, 37.69595489501953, -38.75694885253906, -2.1005467653274534, 0.5099686980247498,102.49204095042732
000242.pid, stop_sign, 38.202140808105476, -42.82382583618164, -1.9452703793843569, 0.44758620858192444,5.0205787010070795
000243.pid, stop_sign, 37.72181701660157, -42.76957321166992, -1.9266237258911123, 0.4128352701663971,102.65874373375199
000245.pid, stop_sign, 37.788812255859376, -43.00131454467773, -2.2672182321548444, 0.5070078372955322,77.85456830967978
000250.pid, stop_sign, 38.11948331197103, -42.81234296162924, -2.0595033168792702, 0.5128759145736694,23.945918181849667
000253.pid, stop_sign, 39.4204444885254, -45.20185089111328, -2.180120795965193, 0.5148093104362488,67.72849527140944
000254.pid, stop_sign, 37.013509114583336, -37.01747258504232, -1.9693033695220932, 0.5179071426391602,-78.07538953536698
000257.pid, stop_sign, 37.68050956726074, -39.48031107584635, -1.9763727784156782, 0.5542240142822266,101.16092266851786
000260.pid, stop_sign, 37.67468134562174, -42.91135279337565, -1.939730465412139, 0.5619264841079712,90.28520844520511
000262.pid, stop_sign, 35.920860290527344, -32.43318830217634, -1.8575360774993885, 0.4727085828781128,112.81429391042545
000264.pid, stop_sign, 37.55672073364258, -42.63011856079102, -1.9818643808364869, 0.6369922161102295,-85.79206363921563
000265.pid, stop_sign, 37.712511335100444, -42.85547637939453, -2.2343041045325127, 0.5719433426856995,86.2200129623785
000269.pid, stop_sign, 37.7640495300293, -42.70009994506836, -2.382955531279244, 0.47229769825935364,100.20195298901447
000271.pid, stop_sign, 37.06052684783936, -38.623501777648926, -1.7882114946842187, 0.47710949182510376,97.16505290219615
000273.pid, stop_sign, 38.8903398513794, -43.083961486816406, -1.772474288940428, 0.40900570154190063,-155.188433483273
000274.pid, stop_sign, 36.152364095052086, -34.87666320800782, -1.626923044522601, 0.48790857195854187,-71.93291351637737
000278.pid, stop_sign, 37.123403722589664, -38.049944097345524, -1.9147137078371907, 0.5005759000778198,100.95399649642039
000279.pid, stop_sign, 37.93615177699498, -42.652710505894255, -2.233954259327479, 0.5742106437683105,-136.55995619320493
000285.pid, stop_sign, 36.85682392120361, -36.30347561836243, -1.7894107103347765, 0.5481240153312683,-70.35859233559353
000286.pid, stop_sign, 37.749439784458716, -42.82684435163225, -2.0419342688151745, 0.5665552616119385,-91.27994721796162
000289.pid, stop_sign, 37.585530090332036, -42.5694091796875, -2.050327920913695, 0.4136735200881958,-92.33427020469065
000296.pid, stop_sign, 35.5552609761556, -31.535328547159825, -1.6547523736953742, 0.5835373401641846,117.6315886467607
000298.pid, stop_sign, 37.94890921456474, -42.67725263323103, -2.235217213630675, 0.5668172836303711,-138.09626990418133
000299.pid, stop_sign, 37.83032417297363, -42.87897205352783, -2.2075079232454287, 0.5603283047676086,89.73883370709109
000300.pid, stop_sign, 37.51675542195638, -42.971988677978516, -1.7747731606165562, 0.6509790420532227,87.20741539143874
000303.pid, person, 35.738759517669685, -33.51699090003967, -1.6840249449014653, 0.3500109910964966,-71.19590614452733
000305.pid, stop_sign, 35.522080739339195, -32.36606534322103, -1.75888689359029, 0.4021399915218353,-72.98011333851926
000322.pid, car, 11.295291370815702, 23.20295672946506, -3.957468390464782, 0.3826439380645752,112.75082427021906
000324.pid, train, 11.694545974731447, 22.559575881958008, -3.610869359970092, 0.4083321690559387,105.48423493649841
000326.pid, person, 10.843867778778083, 23.30640840530395, -3.9993732869625083, 0.32701927423477173,98.31296092748164
000327.pid, car, 11.728516737620039, 21.0926886399587, -4.0251556634902945, 0.43507495522499084,114.39851252918878
000329.pid, stop_sign, 34.59605153401693, -29.3629576365153, -1.6721970637639352, 0.3293842673301697,-42.212175261388296
000332.pid, person, 12.148636460304264, 16.876487255096436, -4.138504832983016, 0.32115933299064636,111.5782003213535
000336.pid, person, 12.686625994168802, 14.774527036226713, -3.9542147563054, 0.3517739176750183,110.0871225737538
000341.pid, person, 13.274126052856447, 11.820619470932902, -3.7119406952577476, 0.3383930027484894,108.45731471904293
000342.pid, person, 13.458661692483087, 10.934329645974296, -3.695389628410339, 0.3227100670337677,109.71462018411003
000344.pid, stop_sign, 37.84112421671549, -42.4004249572754, -2.0987915992736794, 0.3751055896282196,-62.94478930430579
000348.pid, car, 14.415985830898945, 7.85568802932213, -3.5364377498626705, 0.319542795419693,102.10815539661571
000348.pid, stop_sign, 37.66181468963624, -39.0024299621582, -2.086452096700667, 0.5028360486030579,-72.34358523650235
000350.pid, train, 14.422718192591814, 6.332704399571273, -3.7319761189547447, 0.30175939202308655,93.75501864195215
000350.pid, stop_sign, 34.89628346761068, -29.23469161987305, -1.7660820484161366, 0.3273580074310303,156.31315430627967
000351.pid, train, 14.584875557157732, 5.903909683227538, -3.589333130253685, 0.31170499324798584,95.56901898124923
000366.pid, car, 14.627332346779964, -2.1280510382992945, -3.2447274242128645, 0.34790927171707153,-110.24525230225373
000367.pid, car, 14.878891541407661, -2.7113319497842117, -3.4169358565257144, 0.44238534569740295,-104.27000713786128
000368.pid, car, 14.84615329106649, -3.0579511205355385, -3.445518207550049, 0.46014711260795593,86.82983964153121
000368.pid, bus, 13.317053826649987, -4.310846155881886, -3.519818250338236, 0.36526983976364136,-130.5709525223801
000369.pid, car, 14.719934585766918, -3.440168178998512, -3.578631633367294, 0.5514177680015564,83.53948867595105
000370.pid, car, 14.72635815938314, -3.780459287431508, -3.6592908488379585, 0.6064001321792603,-104.04225582687138
000371.pid, car, 14.508727203715933, -3.985372884707022, -3.543662217530337, 0.5892643928527832,-103.87225656636167
000372.pid, car, 14.337628225000897, -4.566380064661913, -3.6079541415703007, 0.6147657036781311,-105.2309445714202
000373.pid, car, 14.169567688651709, -4.526537957398791, -3.592435727948728, 0.6951780915260315,-107.64297693920815
000374.pid, car, 14.255125439685326, -5.107317416564282, -3.643773182578709, 0.6378739476203918,-107.13406750535361
000375.pid, car, 13.946854675517365, -5.485607588992403, -3.6581027297412647, 0.6587602496147156,-103.37425947205276
000376.pid, car, 13.752225102605047, -5.729904935166647, -3.503299874228401, 0.687925398349762,-107.20352085351286
000377.pid, car, 13.675506393864472, -5.760992913875943, -3.5936700128159433, 0.767765998840332,-108.18721945553142
000378.pid, car, 13.475862569587179, -5.905207645061408, -3.554351257723432, 0.7326686978340149,-113.91137445810375
000379.pid, car, 13.558686780257965, -6.188772423166626, -3.3296780754143085, 0.6367536783218384,-117.06714360179112
000380.pid, car, 13.365344805595205, -6.264549414316817, -3.5303160777458777, 0.481856107711792,-119.417458088379
000381.pid, car, 13.009438514709474, -6.609225244233106, -3.626388853246516, 0.7589371800422668,-115.37214132875266
000382.pid, car, 12.839202636327501, -6.950628781929997, -3.667314425492898, 0.5094506144523621,-119.80124342668407
000383.pid, car, 12.890051516619598, -6.995518565177921, -3.559818972240795, 0.6394041776657104,-120.49184712841122
000384.pid, car, 12.884756487469343, -7.239525151807211, -3.692225312077722, 0.6600778102874756,-122.24212984168946
000385.pid, car, 12.479656881756254, -7.361134171485904, -3.6048194302452945, 0.7359108924865723,-121.1416115979481
000385.pid, car, 12.817889944712325, -7.112352673212689, -3.5553215026855463, 0.30269598960876465,-112.15076390334411
000386.pid, car, 12.812662899494173, -7.364479720592501, -3.4905768632888794, 0.7764521837234497,-125.39146884625248
000386.pid, car, 12.56540998390743, -7.58479654788971, -3.4491172007152007, 0.4377883970737457,-124.97260728077379
000387.pid, car, 12.800376805392181, -7.297500081495809, -3.4611982952464713, 0.679192304611206,-129.43832443421354
000387.pid, car, 12.233293841866887, -7.707027631647448, -3.462848172468297, 0.4079715311527252,-121.40742693410445
000387.pid, car, 13.465274006128313, -6.698970854282381, -3.5066675096750255, 0.3597976863384247,93.3598147580978
000387.pid, stop_sign, 37.67213726043701, -39.014676094055176, -2.0871615111827833, 0.4141581952571869,-72.21060590290108
000388.pid, car, 12.732142508976045, -7.446392127445768, -3.4320482185908725, 0.6377421617507935,-129.7488028729418
000388.pid, car, 12.139833450317385, -7.85832327604294, -3.4691304862499233, 0.42949819564819336,-118.49281208535524
000389.pid, car, 12.599147397821602, -7.6305947997353325, -3.473672784458507, 0.7087927460670471,-130.10148408484733
000390.pid, car, 12.65045998646663, -7.443681506010206, -3.529170728646792, 0.735578179359436,-128.46754853796668
000391.pid, car, 12.201839772666375, -7.814853400718878, -3.6722113155737155, 0.7973220944404602,-130.15570198386453
000392.pid, car, 11.930495210596035, -8.015343704739136, -3.6140167262103104, 0.8616538643836975,-129.06595010178543
000393.pid, car, 12.114742023188894, -7.904094858867371, -3.613881430974821, 0.8334335088729858,-129.87163183746148
000393.pid, car, 10.908337640762333, -8.934633493423465, -3.970729207992553, 0.32744061946868896,64.81358067020142
000394.pid, car, 11.91866490779779, -7.887133989578642, -3.439004781918648, 0.8568217754364014,-128.97026705660977
000395.pid, car, 12.064924091762968, -7.998029931386315, -3.5199945502811008, 0.7496488690376282,-131.4456576376508
000396.pid, car, 11.780415712400927, -7.998807918193731, -3.4870893123537994, 0.789280354976654,-133.61869798616488
000397.pid, car, 11.862170450615164, -7.966323693593348, -3.535804083853057, 0.7613316774368286,-133.45881738453107
000398.pid, person, 10.826460393269862, -8.350196997324629, -3.7376919428507476, 0.32645589113235474,-116.12340498667865
000398.pid, car, 11.591267623901372, -8.056717262268071, -3.640992908477783, 0.7106434106826782,-135.53821857770615
000399.pid, car, 11.494958417168982, -8.220436918324442, -3.712123015831257, 0.8180424571037292,-131.09212173893386
000399.pid, car, 10.438939049130399, -8.869110902150478, -3.790898470651535, 0.33383795619010925,65.36665625749114
000400.pid, car, 11.60364784240723, -8.162948703765874, -3.761925678253174, 0.8637033104896545,-127.13550227929045
000400.pid, car, 10.460670948028568, -8.766559945212473, -3.8125544918908005, 0.4158535599708557,57.90016742299183
000401.pid, car, 11.546401468912764, -8.126534239451097, -3.8064818143844605, 0.8331999778747559,-132.8118797150928
000401.pid, car, 10.422368240356453, -8.869867579142255, -3.8988320668538408, 0.46964630484580994,57.64417541187437
000402.pid, car, 11.272711392106682, -8.326008878905201, -3.827085552544429, 0.8622063398361206,-128.30801842106223
000402.pid, car, 10.20286509569954, -9.154794356402233, -3.9069460139555083, 0.3932962715625763,65.09169700874884
000403.pid, car, 11.351846841665417, -8.356295952430143, -3.8700814613929166, 0.801288902759552,-127.95899279068828
000404.pid, car, 11.062764534583462, -8.39527190037263, -3.693055189572848, 0.6845191121101379,-127.49380996283767
000404.pid, car, 10.412912258735075, -8.821946437542255, -3.7429614067077632, 0.3172334134578705,62.53383031001339
000405.pid, car, 11.030129340387164, -8.559352074899987, -3.665611997727425, 0.7376082539558411,-133.38818594213936
000405.pid, car, 10.52163104216258, -8.921864410241447, -3.6988639732201887, 0.3149396479129791,50.06863021232665
000406.pid, car, 11.174802584525867, -8.563646475474043, -3.6419131878094797, 0.8598232865333557,-140.40461090188404
000407.pid, car, 10.976894158583423, -8.522864280602874, -3.5857939536754904, 0.8615162372589111,-137.9775930922145
000407.pid, car, 10.274200227525505, -9.096183935801195, -3.6497537427478357, 0.36043497920036316,58.13748034383373
000408.pid, car, 10.690892696380617, -8.778026091425046, -3.6351837296234932, 0.8178828358650208,-144.38968428735274
000408.pid, car, 10.053826359340125, -9.265710217612131, -3.793271848133631, 0.4112023115158081,60.84190117822699
000408.pid, car, 11.65161770040339, -8.371133392507382, -3.78118103200739, 0.3032023310661316,109.26863738303283
000409.pid, car, 10.755059795994915, -8.623611081031065, -3.7329479571311706, 0.8060306310653687,-134.26410228979978
000409.pid, car, 9.885499273027694, -9.310362066541401, -3.7718457835061203, 0.410998672246933,42.17840396314651
000410.pid, car, 10.209923874248162, -8.754032069986524, -3.6162538420070303, 0.8209282755851746,-129.2300920872583
000411.pid, car, 10.198696414629621, -8.982319494088495, -3.6707678536574044, 0.7928452491760254,-137.89808138897195
000412.pid, car, 10.167643519810271, -9.161063507625038, -3.8111606325422014, 0.7281780242919922,-136.56934662325995
000413.pid, car, 9.813896989822391, -9.348816692829136, -3.8222915887832642, 0.7923447489738464,-140.02325000087114
000414.pid, person, 8.813430875539783, -9.187615066766744, -3.6070902198553085, 0.304691344499588,-122.30501491499507
000414.pid, car, 10.250613761670666, -9.123780987479474, -3.8727541620081123, 0.5501130819320679,-114.83031824621179
000414.pid, stop_sign, 37.41371154785156, -36.73798624674479, -1.8547407388687116, 0.4598236083984375,-68.06020687405396
000415.pid, car, 9.652224737055164, -9.437612575643206, -3.809936425265145, 0.8080748319625854,-141.08208146365612
000415.pid, car, 7.574245143581084, -10.501897064415186, -3.715746170765644, 0.3850507438182831,62.24708263818547
000416.pid, car, 9.441412463332671, -9.501341993158519, -3.9409783753481777, 0.7940967679023743,-138.73663103415532
000416.pid, car, 7.286739763460664, -10.504775273172479, -3.716886219225431, 0.36301353573799133,72.39765657978963
000417.pid, car, 9.156199027752056, -9.63913279566272, -4.011462622675403, 0.62360018491745,-137.89436213387984
000417.pid, car, 7.373392780621853, -10.223483721415207, -3.7105930646260568, 0.39705905318260193,47.03274576112025
000418.pid, car, 8.391616106033329, -9.822515630722052, -3.783737289905549, 0.7331845164299011,-133.28161397328273
000418.pid, car, 7.3356864356994675, -10.444702072143555, -3.8597947597503657, 0.35394731163978577,42.06869516356498
000419.pid, car, 8.069726907289953, -9.772951492896455, -3.574349861878616, 0.6137191653251648,-128.40231768369597
000419.pid, car, 7.128038209060144, -10.250738275462183, -3.6217887894860623, 0.41208115220069885,51.665317788861984
000420.pid, car, 7.996792422400588, -9.956745677524152, -3.6722401512993716, 0.8457809090614319,-122.24639675632895
000420.pid, car, 7.402783155441288, -9.85824163754781, -3.560886243979135, 0.4030250906944275,-142.73633838473634
000421.pid, car, 7.697352766990666, -10.004993557929998, -3.7778831124305725, 0.8394365906715393,-127.1652891903081
000421.pid, car, 6.7772824539328544, -10.084382650987157, -3.5526361285515544, 0.4897308647632599,24.281972248799562
000422.pid, car, 7.218999743461616, -10.036615848541265, -3.8022628426551823, 0.8699429035186768,-118.38278587836868
000422.pid, car, 6.493366796759112, -9.91718796838688, -3.427508471887322, 0.4856157600879669,30.92989311319282
000423.pid, car, 7.202485359632059, -9.904808227832506, -3.7314635056715746, 0.8740699887275696,-109.1394312056394
000423.pid, car, 6.440661675221213, -9.783325581937223, -3.4044778443671557, 0.39635559916496277,-162.3904002860049
000424.pid, car, 6.872036298116054, -10.021484269036193, -3.778838696303191, 0.8922008275985718,-98.82766324871403
000424.pid, car, 6.280521469731487, -9.837985454067107, -3.434386261047855, 0.3485182821750641,-0.6874775109818829
000425.pid, car, 6.531410134356961, -10.185343535050109, -4.051360669343368, 0.8566257357597351,67.83803648517208
000425.pid, car, 6.218891837380153, -9.93034360625527, -3.627893393689935, 0.41097450256347656,132.25530624818916
000425.pid, car, 4.821947988710909, -10.315113594657497, -3.189842713506598, 0.36346206068992615,-119.4168900980232
000426.pid, car, 5.8508570790290895, -9.862832427024843, -3.6996942758560176, 0.39564552903175354,-96.99556302010203
000426.pid, car, 4.491738955179856, -10.351516723632814, -3.1640074451764417, 0.3567652404308319,38.45902890616781
000427.pid, car, 4.2088186307386986, -10.31017468192361, -3.1601680192080397, 0.43517935276031494,-140.24935654402876
000428.pid, car, 3.76385793966406, -10.312450408935547, -3.434744315988876, 0.4488406479358673,169.03018426555082
000429.pid, car, 3.3457695072347517, -10.703101747686214, -3.3501009550961576, 0.3055068254470825,166.98513771709491
000430.pid, car, 2.7494310350979134, -10.375548783470602, -3.566878388909732, 0.34418708086013794,146.3829183532575
000432.pid, car, 1.5231150814465175, -10.048155784606937, -4.093773467200142, 0.34096214175224304,4.206048071476943
000433.pid, car, 1.1904368364130722, -10.040635108947756, -3.9992553047511876, 0.4893161952495575,169.58820621175332
000433.pid, car, -0.9625186249613694, -9.976792335510261, -4.392296830813089, 0.38014423847198486,-94.59815213362941
000435.pid, car, 0.05607522318238269, -9.930558857164888, -4.225340291073447, 0.39183729887008667,174.95326290839165
000439.pid, car, -1.4619702885025345, -9.675250555339618, -4.356865330746299, 0.3521096408367157,-91.2264094330686
000439.pid, stop_sign, 38.11140314737957, -42.31599553426107, -2.430564006169635, 0.39609965682029724,-83.03364753495092
000459.pid, stop_sign, 37.83460998535158, -42.63089294433594, -1.7927826404571523, 0.36115604639053345,-24.8869219354014
000462.pid, stop_sign, 35.62595901489258, -31.472576522827147, -1.5992619037628164, 0.3307463824748993,117.39221929718556
000467.pid, stop_sign, 34.57808049519857, -29.338825861612957, -1.6712275346120193, 0.304101824760437,-42.80083841219932
000471.pid, stop_sign, 37.154998779296875, -38.63522872924805, -1.819627571105956, 0.3125068247318268,97.82703422356406
000476.pid, stop_sign, 37.559476852417, -42.62544314066569, -2.0977035959561654, 0.35466405749320984,-84.03989139087571
000479.pid, stop_sign, 37.22381362915039, -37.840477752685544, -1.6543187856674184, 0.3725622892379761,106.29180454451291
000480.pid, stop_sign, 37.91851933797201, -42.648797353108726, -2.3854061166445404, 0.3932132124900818,116.43696521388962
000482.pid, stop_sign, 35.61925633748373, -34.071791330973305, -1.615302443504331, 0.3789199888706207,-73.46939203480119
000487.pid, stop_sign, 38.37500381469727, -43.289795875549316, -1.84992268681526, 0.3632827401161194,12.496264371378006
000492.pid, stop_sign, 37.90261586507162, -42.63796424865723, -2.384560803572336, 0.33485516905784607,116.61566214811621
000496.pid, stop_sign, 38.61823196411133, -42.64011230468749, -2.138894605636596, 0.3136312663555145,-7.237622173991731
000498.pid, stop_sign, 35.4670213063558, -31.142934481302902, -1.5976945559183744, 0.44983381032943726,-56.562312428133666
000505.pid, stop_sign, 34.86033630371094, -29.1966609954834, -1.764259497324625, 0.46998894214630127,157.63547690327226
000507.pid, stop_sign, 38.062989234924316, -41.125144481658936, -1.5503152608871449, 0.4257199466228485,106.26058119829658
000508.pid, stop_sign, 37.762533569335936, -42.86350784301757, -2.198819446563719, 0.3963761329650879,-94.0764735114791
000510.pid, stop_sign, 37.55296834309897, -42.99006779988607, -2.103366772333779, 0.40705782175064087,86.96930992957432
000514.pid, stop_sign, 37.50804061889649, -42.70291595458984, -2.052882075309752, 0.3053060472011566,-82.13309760967022
000519.pid, stop_sign, 37.0805524190267, -37.96627934773763, -1.8529635137981824, 0.42761939764022827,103.61151350667319
000520.pid, stop_sign, 37.07615407307943, -37.28131866455078, -1.9783591429392482, 0.4576004147529602,-74.84436970984015
000522.pid, stop_sign, 38.2990697224935, -40.85128084818522, -1.6315079132715857, 0.434219628572464,106.69906930302896
000528.pid, stop_sign, 34.600081125895194, -29.362333933512378, -1.6723365783691388, 0.480122834444046,-42.61834286372779
000529.pid, stop_sign, 37.975804328918464, -40.140013217926025, -1.9081956446170791, 0.40102994441986084,103.42741230412436
000531.pid, stop_sign, 35.85110664367676, -31.98632431030273, -1.6019847691059088, 0.3387027680873871,118.89493560032275
000535.pid, stop_sign, 39.5961151123047, -44.982818603515625, -1.9735840161641418, 0.4407649338245392,91.22689746178175
000539.pid, stop_sign, 37.873397827148445, -43.257941246032715, -2.2610386908054343, 0.3191750645637512,-155.00681215669303
000542.pid, stop_sign, 37.68493576049805, -42.58293762207031, -2.254072904586791, 0.3638068735599518,-81.28676174250285
000549.pid, stop_sign, 36.56182225545248, -35.77172978719076, -1.4778306484222394, 0.31871116161346436,-75.91835336468046
000550.pid, stop_sign, 37.6325798034668, -42.829681396484375, -2.1280361652374253, 0.30617809295654297,97.98149290737378
