000021.pid, bicycle, 10.792771486135633, -2.959643712410561, -3.203454494476318, 0.5979252457618713,-60.6150250213095
000022.pid, bicycle, 10.829580307006841, -2.933735609054564, -3.310227791468302, 0.6032145023345947,71.13494411498787
000023.pid, bicycle, 10.794029780796603, -2.9186813150133415, -3.21568523134504, 0.6117361783981323,-53.318609043074176
000024.pid, bicycle, 10.730138705326965, -2.9644210521991448, -3.2540130065037642, 0.6296685338020325,162.73154177634706
000025.pid, bicycle, 10.788211602431083, -2.889041139529304, -3.2986204440777107, 0.6420255303382874,91.36162746662652
000026.pid, person, -1.073757970333095, -14.866477775573728, -3.2191565990447986, 0.4894880950450897,5.652530576018917
000026.pid, bicycle, 10.782032673175523, -2.912118049768299, -3.202164925061739, 0.6492382884025574,-56.84677106030988
000027.pid, person, -1.0898410592760293, -14.883542742047997, -3.3243973595755425, 0.4683210551738739,-130.01544393416575
000027.pid, bicycle, 10.78452242337741, -2.932282924652102, -3.205360394257765, 0.6408082246780396,-54.916530918166956
000028.pid, person, -1.0398288726806584, -14.837494087219245, -3.212645626068114, 0.43013671040534973,-165.5307257463934
000028.pid, bicycle, 10.78461331587572, -2.893410224180955, -3.2998207165644713, 0.6200700402259827,91.49611186971501
000029.pid, person, -1.02619071801503, -14.822515646616615, -3.3675620555877672, 0.47082415223121643,-12.526577540121416
000029.pid, bicycle, 10.74883047739665, -2.9557125091552803, -3.2323079744974756, 0.6326543092727661,-77.44416900459524
000030.pid, person, -1.0047311782836876, -14.83295726776123, -3.370225111643471, 0.4690445363521576,-23.568251605341555
000030.pid, bicycle, 10.783885274614613, -2.9671005521501814, -3.2243109430585584, 0.6355130672454834,-63.78235400468031
000031.pid, person, -0.9953715006510379, -14.822642485300698, -3.366973996162413, 0.5188793540000916,-9.850443730595092
000031.pid, bicycle, 10.736390658787323, -2.9721805879047927, -3.2652798720768517, 0.6420926451683044,142.11066122606312
000032.pid, person, -1.0229914273534437, -14.8153339113508, -3.4787073135375954, 0.525863766670227,-2.668974632596873
000032.pid, bicycle, 10.798205784388955, -2.9273997034345407, -3.2167204959051943, 0.6249270439147949,-52.92115892083434
000033.pid, person, -0.9881726503372107, -14.827756690979005, -3.2094495773315415, 0.4854223132133484,-2.823339993081607
000033.pid, bicycle, 10.78317070007325, -2.887334145032445, -3.2991588849287754, 0.6426413059234619,91.61347320779063
000034.pid, person, -1.0089681893587052, -14.858761429786687, -3.5742348432540876, 0.38767799735069275,143.37882890930308
000034.pid, bicycle, 10.810226519902551, -2.8497117360432944, -3.2745190660158787, 0.6170186400413513,65.50030483714494
000035.pid, person, -1.0225179076194677, -14.84148960113526, -3.68795528411865, 0.5412910580635071,-16.552842173684922
000035.pid, bicycle, 10.747010612487799, -2.97979472478231, -3.251278972625732, 0.5985124707221985,-57.50228718102696
000036.pid, person, -1.227405488491055, -14.450221657752994, -3.7054862380027758, 0.6046627759933472,118.18132011894387
000036.pid, bicycle, 10.786985837496248, -2.9050442622258137, -3.2206679124098545, 0.6250686049461365,-56.72494417148253
000037.pid, person, -0.9860239923000286, -14.89771890640259, -3.382613460222879, 0.5852010846138,155.81842865330657
000037.pid, bicycle, 10.785184053274305, -2.896258152448211, -3.300316205391516, 0.6153498291969299,91.78535483870141
000038.pid, person, -1.008839377335136, -14.914218357631139, -3.4998300756726937, 0.5961239337921143,-32.09716002726816
000038.pid, bicycle, 10.787888844807947, -2.9181371132532767, -3.1823771794637032, 0.6148301959037781,-57.556995410779166
000039.pid, person, -1.0104383528232523, -14.924458146095283, -3.587595045566556, 0.5498461127281189,-25.918049038867032
000039.pid, bicycle, 10.829159600394119, -2.8428586551121313, -3.3861973796572, 0.6145848631858826,78.43791490209479
000040.pid, person, -0.9873914346098849, -14.959973573684698, -3.596222162246703, 0.4584513008594513,-131.44775975926814
000040.pid, bicycle, 10.795504365648544, -2.9224160398755794, -3.2162028040204724, 0.5802056789398193,-52.37380290137474
000041.pid, person, -0.9800397488805943, -14.981747839185926, -3.668742126888697, 0.36567455530166626,-135.18011175661186
000041.pid, bicycle, 10.804827543405393, -2.936341249025788, -3.2286758056053744, 0.5877964496612549,-56.90208235201014
000042.pid, person, -0.9538715332746437, -14.996829152107248, -3.6056697666645032, 0.3790494203567505,-148.63564171893083
000042.pid, bicycle, 10.786119143168134, -2.922323405742649, -3.182877878348032, 0.5975164771080017,-57.098636650805354
000043.pid, person, -0.9319813450177463, -14.973956320020887, -3.666301780276827, 0.3751351833343506,-148.63952056373665
000043.pid, bicycle, 10.797543934413369, -2.957033089229043, -3.199646728379385, 0.5938329696655273,-62.53461119151945
000044.pid, person, -0.9310641586780506, -14.987235069274904, -3.603953242301939, 0.5671044588088989,-149.39691606621955
000044.pid, bicycle, 10.802537600199386, -2.9002158343791984, -3.3183024923006674, 0.6354730725288391,90.4709273488267
000045.pid, person, -0.8832281231880159, -14.978282356262207, -3.242941188812253, 0.525117814540863,-152.47692084096687
000045.pid, bicycle, 10.785512997553903, -2.961461672416099, -3.205663497631366, 0.6410759091377258,-63.278839124336706
000046.pid, person, -0.9097766545083709, -14.945407337612576, -3.660799105962116, 0.4473085403442383,-144.1675342994747
000046.pid, bicycle, 10.80030867258708, -2.923239755630493, -3.211180655161539, 0.6504375338554382,-56.01659755950596
000047.pid, person, -0.8628158643841701, -14.905337691307071, -3.583217740058897, 0.4513757526874542,-155.69480617385085
000047.pid, bicycle, 10.78555774688721, -2.927476791235118, -3.20386006281926, 0.6790695190429688,-54.740935171152394
000048.pid, person, -1.0145489573478637, -14.612827301025396, -3.6677433649698887, 0.5720638632774353,121.21691836943613
000048.pid, bicycle, 10.757974257835981, -2.9287180717174826, -3.212067897503192, 0.6541464328765869,-58.68358798812712
000049.pid, bicycle, 10.786404022803678, -2.890479482137243, -3.2991134203397294, 0.6446129679679871,91.6838476019187
000050.pid, person, -0.8409744756562313, -14.866473470415388, -3.6584670884268613, 0.5513386726379395,174.9457716884223
000050.pid, bicycle, 10.805100440979011, -2.95149098909818, -3.228718152413001, 0.6342161893844604,-52.18566538842802
000051.pid, person, -0.805882263183588, -14.86489715576172, -3.453270959854124, 0.5731450915336609,173.025768633913
000051.pid, bicycle, 10.774407313420227, -2.948683225191558, -3.22702174920302, 0.6198551058769226,-65.01776536024371
000052.pid, bicycle, 10.786025707538318, -2.8931652582608747, -3.2992691810314465, 0.6430279016494751,91.63784615524486
000053.pid, person, -0.8045688867568921, -14.89444899559021, -3.5793089568614938, 0.5831542015075684,-2.550903328167676
000053.pid, bicycle, 10.796846730368484, -2.9579902376447396, -3.199852653912135, 0.630088210105896,-62.63213473969045
000054.pid, person, -0.7784567730767341, -14.924653734479632, -3.4999833788190555, 0.6462607383728027,-13.523487774572317
000054.pid, bicycle, 10.730694838932584, -2.9452878407069614, -3.240163922309875, 0.6468021273612976,151.8824959180792
000055.pid, person, -0.7608895557267282, -14.945124489920483, -3.504199607031684, 0.6386610269546509,-16.29427965687967
000055.pid, bicycle, 10.817519267400113, -2.939899543921156, -3.2401631871859227, 0.6309640407562256,-64.71625663838321
000056.pid, person, -0.832657152414319, -15.10985832214356, -3.6269413232803323, 0.6220756769180298,-121.44054862898119
000056.pid, bicycle, 10.810218737675598, -2.9322274464827385, -3.2268509498009306, 0.62144935131073,-57.40819394266304
000057.pid, person, -0.7170048611504638, -15.011633055550718, -3.518514394760131, 0.6293008327484131,-26.111978004181346
000057.pid, bicycle, 10.796778605534486, -2.9854093514955973, -3.235247263541588, 0.608788251876831,-65.87423614604637
000058.pid, bicycle, 10.757235086881202, -2.934366317895746, -3.2122091513413644, 0.6238486170768738,-54.29792921057608
000059.pid, person, -0.6587684665407411, -15.061988013131275, -3.5285438810076024, 0.6929473876953125,-42.674698134946794
000059.pid, bicycle, 10.789049829755513, -2.961127093860082, -3.223816973822457, 0.6224194169044495,-64.80592994895144
000060.pid, person, -0.6515325158834391, -15.098587751388552, -3.472257286310194, 0.67337965965271,-46.035794997338385
000060.pid, bicycle, 10.797334330422544, -2.9258368185588304, -3.216042365346635, 0.5552753210067749,-52.88954980261836
000061.pid, person, -0.6329914093017508, -15.13780689239502, -3.270360469818114, 0.6627764701843262,126.59888522441373
000061.pid, bicycle, 10.792438847678051, -2.916230491229469, -3.2162923812866206, 0.5853303670883179,-54.991944128730594
000062.pid, person, -0.6224299158368739, -15.134176390511652, -3.545546770095823, 0.6639114618301392,-45.9578792251681
000062.pid, bicycle, 10.768691062927253, -2.9491661511934777, -3.210603915728055, 0.6041435599327087,-64.05928073297738
000063.pid, person, -0.5913937032222691, -15.210853004455567, -3.044524812698363, 0.6589056253433228,-2.0805665225908356
000063.pid, bicycle, 10.790186882019047, -2.950743070015545, -3.202647869403545, 0.6205056309700012,-61.920058051023936
000064.pid, bicycle, 10.784030400789707, -2.893720571811385, -3.3006019408886242, 0.5365945100784302,91.89723444980248
000065.pid, person, -0.5925037324428488, -15.22572383880616, -3.0475058078765853, 0.6932094693183899,-2.399874791640846
000065.pid, bicycle, 10.793872628893174, -2.9392143828528288, -3.2359554427010666, 0.5699081420898438,-68.42135738384891
000066.pid, person, -0.5909530222415863, -15.196511745452883, -3.445052742958067, 0.7275776863098145,125.44135898561714
000066.pid, bicycle, 10.79113285882133, -2.9269397599356557, -3.2175901276724668, 0.5933773517608643,-53.15053850527142
000067.pid, person, -0.5924323081970131, -15.236718940734871, -3.049702405929563, 0.7174574136734009,3.1535253577638613
000067.pid, bicycle, 10.735146013895674, -2.9440162022908565, -3.2360604763031002, 0.5782549381256104,153.75799305013362
000068.pid, bicycle, 10.786519784193777, -2.8980735998887317, -3.3000985659085775, 0.5689873099327087,91.44386323846442
000069.pid, bicycle, 10.799836158752445, -2.917706893040587, -3.1972603431114774, 0.5970543622970581,-52.780333344240006
000070.pid, person, -0.5905180573463387, -15.149182455880304, -3.5495657580239413, 0.7381214499473572,-30.021891450273053
000070.pid, bicycle, 10.788495063781742, -2.9248617206301026, -3.2003046274185176, 0.59260094165802,-57.95443839156177
000071.pid, bicycle, 10.78582946459453, -2.961994012196861, -3.208695312341053, 0.6025013327598572,-61.74260327081631
000072.pid, person, -0.5676275193691211, -15.1416862487793, -3.271967220306395, 0.7173179984092712,3.4065926892236083
000072.pid, bicycle, 10.794877256665915, -2.9161916290010743, -3.2155346018927426, 0.6247590184211731,-54.752489182979815
000073.pid, bicycle, 10.787045185382556, -2.893892728365387, -3.2998655575972324, 0.6336421370506287,91.6968193042106
000074.pid, person, -0.6175540884335783, -15.133419778611925, -3.701965517467922, 0.6947986483573914,-158.45794752261727
000074.pid, bicycle, 10.745252755972059, -2.982381820678714, -3.251046437483567, 0.6043717861175537,170.75108830649012
000075.pid, bicycle, 10.808767098646904, -2.925842761993406, -3.225293948100162, 0.6050419807434082,-57.313044456620915
000076.pid, person, -0.5219229459762548, -15.105719407399492, -3.425131877263384, 0.68332839012146,-3.9855509459050733
000076.pid, bicycle, 10.819904840909523, -2.910858887892504, -3.2898940489842334, 0.5887009501457214,73.21845238559463
000077.pid, bicycle, 10.726172310965406, -2.9298447370529184, -3.2388501337596343, 0.5838072299957275,161.54675424035943
000078.pid, person, -0.6807906395859119, -15.233651161193848, -3.5894562138451453, 0.5907979011535645,-132.48816883068412
000078.pid, bicycle, 10.748339525858565, -2.9514346758524614, -3.231531349817911, 0.5682424306869507,-78.93089116808213
000079.pid, person, -0.5091560397829284, -15.087019102913997, -3.536020312990459, 0.5771461725234985,-0.28812223149881255
000079.pid, bicycle, 10.767557700475065, -2.9274098674456313, -3.1900079051653534, 0.5601650476455688,-58.29932816220664
000080.pid, bicycle, 10.79365321568081, -2.9207629135676805, -3.215818830898829, 0.5552114844322205,-53.223605032464675
000081.pid, person, -0.4258751273155171, -15.10415782928467, -3.0220890045166, 0.5808306932449341,-172.11566765843847
000081.pid, bicycle, 10.788212378819791, -2.894293804963432, -3.3143878181775404, 0.5320001244544983,90.2774678559355
000082.pid, person, -0.5139221809804391, -15.104786157608032, -3.6268337666988355, 0.5394716858863831,175.9519332970958
000082.pid, bicycle, 10.797981335566599, -2.9311596063467174, -3.2000703628246594, 0.5439614653587341,-54.059765242741854
000083.pid, person, -0.45322332531213094, -15.128276109695438, -3.0270704030990583, 0.5533743500709534,4.757441269371056
000083.pid, bicycle, 10.786331415176397, -2.921014547348024, -3.1823599735895787, 0.5398746132850647,-56.29226456922107
000084.pid, person, -0.509053859859701, -15.141105771064762, -3.673491865396498, 0.5712942481040955,-167.4203030717639
000085.pid, bicycle, 10.788202799283548, -2.8862903576630825, -3.2988709486447836, 0.5733460187911987,91.7072162977016
000086.pid, person, -0.6508314162492677, -15.245837450027471, -3.506156921386718, 0.5328309535980225,-132.70279659853205
000086.pid, bicycle, 10.82731151580811, -2.936501324176792, -3.3094177842140193, 0.5824265480041504,72.07781599270567
000087.pid, bicycle, 10.761626084645592, -2.9318919181823717, -3.191572308540343, 0.5998829007148743,-55.80875399236943
000088.pid, person, -0.48692097763219505, -15.137967745463058, -3.4327299197514836, 0.5603592991828918,5.8190563069132155
000088.pid, bicycle, 10.797827275594079, -2.9236201763153065, -3.2119431018829343, 0.6065391898155212,-55.93568774737547
000089.pid, person, -0.514008419854296, -15.131440571376258, -3.546077047075543, 0.5708177089691162,-2.9094371109158867
000089.pid, bicycle, 10.783920801602878, -2.9292848293597893, -3.204882768484261, 0.6126773357391357,-54.946170096869
000090.pid, bicycle, 10.771355288369318, -2.967056325503758, -3.22809304509844, 0.622222363948822,-60.63741298048701
000091.pid, person, -0.5054407162325679, -15.145745141165602, -3.549424375806534, 0.5462746620178223,-9.028374900648238
000091.pid, bicycle, 10.78847605841501, -2.892696831907549, -3.2885932581765305, 0.6159183979034424,91.90780397692399
000092.pid, bicycle, 10.806014134333688, -2.935828814139733, -3.2280495166778556, 0.6203107833862305,-57.53867248777519
000093.pid, bicycle, 10.789518062884992, -2.9485434018648586, -3.2027234480931197, 0.6272938847541809,-63.065689887715585
000094.pid, bicycle, 10.78024069468181, -2.9309912125269606, -3.1853506962458273, 0.6255671977996826,-53.68335396925646
000095.pid, person, -0.5070336120469155, -15.158205441066201, -3.7688244410923537, 0.5640788078308105,170.63984335749643
000095.pid, bicycle, 10.727108274187367, -2.9490419966833943, -3.2426627363477425, 0.6265473365783691,157.95341501062381
000096.pid, bicycle, 10.800589194664594, -2.916431995538566, -3.1966541913839475, 0.6382880806922913,-51.58478301548866
000097.pid, person, -0.46902275085448847, -15.146438757578535, -3.434054056803383, 0.5618340969085693,-7.552806542404536
000097.pid, bicycle, 10.790060850290157, -2.895480165114773, -3.2995455815241876, 0.6340218186378479,91.73474574833696
000098.pid, bicycle, 10.78649020195008, -2.9186051090558407, -3.182509203751881, 0.6264646649360657,-57.0952748380798
000099.pid, bicycle, 10.799194018046068, -2.9601390202840188, -3.2336699962615962, 0.6071428060531616,-67.02587587197138
000100.pid, person, -0.42608513832091727, -15.176794242858884, -3.278321027755736, 0.5270292162895203,-37.333191170050426
000100.pid, bicycle, 10.79037820375883, -2.9508002721346362, -3.2030816628382746, 0.6141772270202637,-63.03032767655531
000101.pid, bicycle, 10.783038139343265, -2.9228744506835946, -3.2032722143026486, 0.616936981678009,-55.3337880285551
000102.pid, bicycle, 10.784573408273552, -2.954386362662682, -3.2058027157416706, 0.6070065498352051,-65.54242112213268
000103.pid, person, -0.45648576021193754, -15.141426277160642, -3.2712414264678946, 0.5543283224105835,-13.648539795095907
000103.pid, bicycle, 10.769281864166263, -2.9699292182922354, -3.2296758549553997, 0.6022998690605164,-57.971201816260766
000104.pid, bicycle, 10.793809890747076, -2.914290683610101, -3.215855649539402, 0.6305713057518005,-54.25802039693743
000105.pid, person, -0.4715192743710096, -15.139499391828265, -3.547631740570067, 0.545914888381958,-11.267235321481877
000105.pid, bicycle, 10.837382725306925, -2.850651843207229, -3.3867584637233175, 0.6326920986175537,78.35968728255035
000106.pid, person, -0.5127876273223279, -15.128164836338597, -3.545236791883195, 0.5570412874221802,-5.068954298470883
000106.pid, bicycle, 10.783515409989796, -2.886368274688718, -3.1882485042918804, 0.6467454433441162,-28.875646941528338
000107.pid, bicycle, 10.787164908189046, -2.89198011618395, -3.299861632860623, 0.6355987787246704,91.16596227211339
000108.pid, bicycle, 10.788905541102096, -2.9337049325307234, -3.2120076815287266, 0.6598935723304749,-52.92738215383452
000109.pid, person, -0.44346720973650006, -15.146808306376142, -3.2325558662414537, 0.5946033596992493,2.299553737301544
000109.pid, bicycle, 10.793649945940297, -2.892872554915293, -3.2889256647654936, 0.6575562357902527,91.69153583711584
000110.pid, bicycle, 10.79964263098581, -2.9257011243275244, -3.2149734326771315, 0.6527863144874573,-51.149336445421184
000111.pid, person, -0.5065783688000216, -15.122823851449152, -3.544409990310668, 0.5993037223815918,-0.5882596633211934
000111.pid, bicycle, 10.797679392496748, -2.9272984504699746, -3.2136826992034897, 0.6493266224861145,-56.18977962947247
000112.pid, bicycle, 10.716887133462095, -2.9789981160845076, -3.2473145893641875, 0.6625910401344299,-40.922971899376066
000113.pid, person, -0.4218331724405222, -15.13212060928345, -3.027658700942992, 0.5949609875679016,-169.75812642859734
000113.pid, bicycle, 10.798465808232633, -2.8845800360043845, -3.3161965807278944, 0.6486453413963318,91.29010603945063
000114.pid, person, -0.5025624675410091, -15.113999230521069, -3.542574882507323, 0.550203800201416,4.484068515864966
000114.pid, bicycle, 10.790767288208011, -2.9610221862792967, -3.2185883522033683, 0.6468333601951599,-65.73439878991866
000115.pid, bicycle, 10.795787606920518, -2.9254387276513234, -3.2169296230588635, 0.6402984261512756,-53.18516295001146
000116.pid, bicycle, 10.789893831525534, -2.929559656551909, -3.200638072831289, 0.633682370185852,-55.57656347936946
000117.pid, bicycle, 10.766580581665043, -2.969443150929043, -3.2292613983154292, 0.6306630373001099,-58.24629042353775
000118.pid, person, -0.5043840706348365, -15.121696063450411, -3.544521604265483, 0.5899989008903503,5.740891339489657
000118.pid, bicycle, 10.826082910810202, -2.828585726874214, -3.383269616535731, 0.6317771673202515,78.96125452273945
000119.pid, bicycle, 10.798620632716593, -2.9200241906302358, -3.21488835130419, 0.6315962076187134,-51.98089471844762
000120.pid, bicycle, 10.781278870322494, -2.8956214948134016, -3.160298867659134, 0.643565833568573,-32.60723310722965
000121.pid, bicycle, 10.784190764793987, -2.9145781076871464, -3.203251893703753, 0.6401215195655823,-56.673926508026966
000122.pid, person, -0.48807808260122326, -15.121038754781095, -3.4284490744272857, 0.5720674395561218,-1.6966758628218415
000122.pid, bicycle, 10.784118856702536, -2.9700800691332168, -3.224080920219421, 0.639865517616272,-62.91062353082716
000123.pid, bicycle, 10.774484395980837, -2.964958747227989, -3.19074781735738, 0.6244734525680542,-60.65698824158115
000124.pid, person, -0.47626682122547814, -15.120829741160078, -3.6303552389144884, 0.5694593191146851,0.13784315402453817
000124.pid, bicycle, 10.798365020751957, -2.9220208009084083, -3.2121256669362377, 0.5827507972717285,-57.1096795339053
000125.pid, bicycle, 10.787556208097023, -2.8924776682486923, -3.299844301663912, 0.6253103017807007,91.74824640317858
000126.pid, person, -0.47659575513430363, -15.118632861546109, -3.543359347752159, 0.5821819305419922,173.93198291704599
000126.pid, bicycle, 10.780187460092405, -2.910677377994247, -3.2026322071368862, 0.6290665864944458,-58.47881328918883
000127.pid, bicycle, 10.785081569965074, -2.8948748111724854, -3.3009756711813116, 0.6343455910682678,91.58596900211514
000128.pid, bicycle, 10.718605114863474, -2.896097916823167, -3.222471548960758, 0.6704046130180359,-171.61887565664853
000128.pid, car, 9.670357431684225, 27.494110924857004, -4.235323548316955, 0.8789414167404175,109.7113916575915
000129.pid, person, -0.4383821884790984, -15.123762766520187, -3.4291512966155984, 0.5615411996841431,-0.08588937278805808
000129.pid, bicycle, 10.78719166346959, -2.971427627972194, -3.2244879007339473, 0.6456264853477478,-62.49508334853994
000129.pid, car, 9.89675481502827, 26.545695378230167, -4.229679621182954, 0.8536667227745056,111.57633323415921
000130.pid, person, -0.4032387614250127, -15.130682754516608, -3.02726650238037, 0.5607489347457886,1.6817078116305142
000130.pid, bicycle, 10.737888199942457, -2.9555816990988615, -3.2376199109213677, 0.6699577569961548,-60.4773408421107
000130.pid, car, 10.227563305904997, 25.55251221907766, -4.172384387568423, 0.870497465133667,108.45211475588707
000131.pid, bicycle, 10.786383848923908, -2.8911664669330315, -3.299247686679546, 0.6529780626296997,90.71793578426185
000131.pid, car, 10.382999556405208, 24.643199920654297, -4.178605505398341, 0.7934282422065735,110.91755954648865
000132.pid, bicycle, 10.78357212360089, -2.911231591151314, -3.203434980832612, 0.6473513841629028,-58.11503456431978
000132.pid, car, 10.628530558417829, 24.22524429770077, -4.11847942015704, 0.7992721796035767,106.38637307415057
000133.pid, person, -0.4096648037433597, -15.125798416137702, -3.0263251304626446, 0.5397610068321228,-172.05083025508787
000133.pid, bicycle, 10.786599966195919, -2.8976840055905844, -3.299985775580772, 0.6562591791152954,92.08364608396897
000133.pid, car, 10.71133627210345, 23.76466546739851, -4.003318292754036, 0.789406955242157,109.80832200066587
000134.pid, bicycle, 10.795137201036729, -2.9183896950313013, -3.2166426522391176, 0.604145348072052,-54.54860566859936
000134.pid, car, 10.811356809404165, 22.86496204800076, -4.002704527642991, 0.7956007122993469,110.88101796661923
000135.pid, bicycle, 10.7924337387085, -2.966132824237534, -3.204511293998131, 0.6027256846427917,-60.31541111658871
000135.pid, car, 10.981495618820192, 22.091166257858276, -3.958683907985687, 0.8520848751068115,116.78804075272551
000136.pid, bicycle, 10.785649572099961, -2.9450955561229173, -3.221509507724216, 0.6090735793113708,-69.67586393614178
000136.pid, car, 11.027608368131851, 21.678058465321858, -3.8727883696556082, 0.8518792390823364,115.00713947424008
000137.pid, bicycle, 10.762429634730024, -2.9342343211174, -3.191238482793171, 0.612152636051178,-55.23225257079647
000137.pid, car, 10.884969428733545, 21.437744140625, -3.9340428952817557, 0.8320887684822083,107.49394945975605
000138.pid, bicycle, 10.798359530312679, -2.9643555198396974, -3.201606137411934, 0.6413955092430115,-62.52225076204737
000138.pid, car, 11.02599116166433, 20.915030399958294, -3.825477282206217, 0.8452123403549194,-63.534000460630516
000139.pid, person, -0.41197410225867526, -15.115788841247559, -3.266847324371336, 0.5650891065597534,-156.88858973217734
000139.pid, bicycle, 10.803145408630373, -2.9587924798329692, -3.233067941665649, 0.629028856754303,-67.37784837989045
000139.pid, car, 11.305615527289257, 19.88726827076503, -3.866465943200247, 0.8378705978393555,107.46396626451626
000140.pid, bicycle, 10.792486735752655, -2.9197824682508204, -3.2179940428052625, 0.645577609539032,-55.58664963221468
000140.pid, car, 11.517349952306505, 19.24941126505534, -3.8415107604784837, 0.8132047653198242,-67.38227478505218
000141.pid, bicycle, 10.794327955979572, -2.9638988421513526, -3.2042354070223285, 0.6292374730110168,-60.04099132531207
000141.pid, car, 11.744286809648788, 18.232893058231898, -3.8420548524175366, 0.8364121317863464,105.27638753707588
000142.pid, person, -0.4218294918537098, -15.108681106567385, -3.264494991302488, 0.5813336372375488,5.314484109743135
000142.pid, bicycle, 10.792181628090997, -2.897094454084127, -3.2891425916126793, 0.6581470966339111,91.72072176868781
000142.pid, car, 11.863011774809467, 17.446218905241594, -3.8665872864101236, 0.8425695300102234,108.3172035571239
000143.pid, bicycle, 10.795131206512455, -2.9220118863242033, -3.2164262362888865, 0.6450421214103699,-54.55932103680645
000143.pid, car, 12.195579788901592, 16.501708507537842, -3.8020936142314556, 0.8503455519676208,110.619941806511
000144.pid, bicycle, 10.7914907015287, -2.9530182618361263, -3.203543681364792, 0.6010788083076477,-62.74290004523318
000144.pid, car, 12.295180082321169, 15.82934506734212, -3.813165773948033, 0.8440027236938477,112.6603797721323
000145.pid, bicycle, 10.797594206673764, -2.923404233796255, -3.2157399143491467, 0.6435211896896362,-52.23794090396162
000145.pid, car, 12.449689723827223, 15.045701450771755, -3.746007742705168, 0.8211085796356201,113.24288356417176
000146.pid, person, -0.366988475833616, -15.113403047834128, -3.543637343815394, 0.576289176940918,24.783195100966605
000146.pid, bicycle, 10.798313822065085, -2.9571023327963735, -3.2001169919967642, 0.638098955154419,-63.40838619960828
000146.pid, car, 12.646745889083201, 14.055009800454844, -3.867003741471663, 0.8043502569198608,119.73262761840088
000147.pid, person, -0.277248961230113, -15.15727551778158, -3.4402424891789742, 0.5709273219108582,-97.87971294076448
000147.pid, bicycle, 10.792384079524453, -2.923111540930612, -3.217751537050519, 0.6429885029792786,-55.542186101937844
000147.pid, car, 12.769767534165158, 13.46580019451323, -3.8038958027249286, 0.8039926290512085,118.80680803140257
000148.pid, person, -0.2659607604145946, -15.141893148422247, -3.6365866959094975, 0.5825008749961853,157.03212920287746
000148.pid, bicycle, 10.804581940174106, -2.9500665217638042, -3.2264367192983623, 0.6415355205535889,-67.66493983349369
000148.pid, car, 12.925220794677736, 12.799886207580567, -3.7220938491821283, 0.8155279755592346,112.55457084895137
000149.pid, person, -0.09646341577171909, -15.23312123616537, -3.606547779507105, 0.5650274753570557,-46.18182583752794
000149.pid, bicycle, 10.78653342907246, -2.8874817628126954, -3.2987497769869276, 0.6576525568962097,91.88848018694631
000149.pid, car, 13.083545230683828, 12.172115053449359, -3.672130380358014, 0.7914709448814392,111.08237701391886
000150.pid, person, -0.06437239708611253, -15.220500946044922, -3.6728671193122855, 0.5942361354827881,145.17107130517834
000150.pid, bicycle, 10.749871063232424, -2.967214743296305, -3.2497836748758946, 0.6416288614273071,-64.70331908134332
000150.pid, car, 13.282409213838125, 11.44697570800781, -3.646587825956798, 0.8395724892616272,109.80089024593504
000151.pid, person, -0.0949026497805247, -15.201356463962131, -3.7304698891109873, 0.5928815603256226,-19.449850285573753
000151.pid, bicycle, 10.80160740443639, -2.929110356739592, -3.2168820415224344, 0.6515703201293945,-51.978973986767315
000151.pid, car, 13.479971154530846, 10.601299254099528, -3.7004986365636183, 0.8282286524772644,117.23513199225586
000152.pid, person, -0.04650132629004, -15.198111794211648, -3.824605269865555, 0.5979546904563904,-23.379569549021873
000152.pid, bicycle, 10.787989616394047, -2.889662990203274, -3.299963327554555, 0.6397006511688232,91.83644210255447
000152.pid, car, 13.703305880228681, 10.039430053145797, -3.6479380483980526, 0.8137436509132385,106.1044086830513
000153.pid, person, 0.01213463749737107, -15.193305397033697, -3.809125208854674, 0.6008778214454651,160.5249405544673
000153.pid, bicycle, 10.782571572523855, -2.920552675540631, -3.2026563057532673, 0.6541728973388672,-55.1666077376281
000153.pid, car, 13.934411817981353, 9.47119289828885, -3.6371436965080997, 0.8138815760612488,106.43922879983464
000154.pid, person, 0.16152167982525822, -15.226201163397901, -3.756519158681233, 0.6965669989585876,-74.51685169702361
000154.pid, bicycle, 10.797681467873714, -2.8953992468970164, -3.289287822587149, 0.6380558013916016,92.29262604781657
000154.pid, car, 13.922287977658787, 8.805662466929508, -3.5135712073399463, 0.809550404548645,100.57745389234064
000155.pid, person, 0.25458179662625663, -15.240762392679855, -3.895436763763426, 0.7105116844177246,-108.21596280788236
000155.pid, bicycle, 10.799714360918326, -2.9267711980002318, -3.216026101793561, 0.6314294338226318,-52.16493389962331
000155.pid, car, 14.149972365452696, 8.026255167447603, -3.517922529807457, 0.7960631847381592,100.20045052865416
000156.pid, person, 0.346588229252538, -15.227023384787826, -3.8530332608656437, 0.4972640573978424,-132.52792448638314
000156.pid, bicycle, 10.757718920707706, -2.9785952568054217, -3.2450606226921073, 0.657693088054657,-59.57505141131859
000156.pid, car, 14.229643768734405, 7.3007164928648205, -3.6035376389821363, 0.8386216163635254,93.07658424660785
000157.pid, person, 0.3853319336970678, -15.227939287821455, -3.897063235441843, 0.5633941292762756,-133.72854780605564
000157.pid, bicycle, 10.785919702970071, -2.8907638329726, -3.2998096942901602, 0.6594330072402954,91.84151578091235
000157.pid, car, 14.464654684066776, 6.508102908730506, -3.5710623115301123, 0.8269238471984863,94.77744359264582
000158.pid, person, 0.47735211253166604, -15.178570834073158, -3.8375603068958615, 0.6476618051528931,-136.97117130538342
000158.pid, bicycle, 10.799852053324384, -2.920937665303549, -3.2121603488922115, 0.6489075422286987,-57.52040281854533
000158.pid, car, 14.292784779570827, 5.716420035029566, -3.684773167898488, 0.82176673412323,89.40362229021784
000159.pid, person, 0.5041447927554478, -15.158722029791944, -3.7196487585703526, 0.6638917922973633,-122.93586045290962
000159.pid, bicycle, 10.726368141174321, -2.9189284801483173, -3.2358223915100095, 0.6440280079841614,173.96261171043037
000159.pid, car, 14.552409379378611, 5.127761125564574, -3.6230110033698697, 0.7773239612579346,90.43506556625846
000160.pid, person, 0.5792019248008792, -15.146486186981202, -3.7761012077331535, 0.6300923824310303,-119.78657562583894
000160.pid, bicycle, 10.767261823018396, -2.9426552454630523, -3.179271022478739, 0.6619131565093994,-29.690708550115396
000160.pid, car, 14.634844389828771, 4.225790950385005, -3.6471849083900447, 0.7972504496574402,87.02436641044102
000161.pid, person, 0.6393947167830074, -15.154721260070806, -3.82990171692588, 0.6219862103462219,-87.16688926566735
000161.pid, bicycle, 10.69979111353557, -3.0283546050389654, -3.1916707952817274, 0.6362406015396118,-29.706641795863774
000161.pid, car, 14.718381740428786, 3.7605864692617335, -3.606734606954786, 0.7856735587120056,93.43297463372251
000162.pid, person, 0.6932854923335054, -15.13336814533581, -3.8095073266462838, 0.5897701382637024,-58.4343120145468
000162.pid, bicycle, 10.67256086522883, -3.032762939279731, -3.2959214774045056, 0.6476214528083801,79.37181082456802
000162.pid, car, 14.814920203630317, 3.2167561747306976, -3.539397051168042, 0.7979499101638794,91.7532431356782
000163.pid, person, 0.7375607111237312, -15.143366726962002, -3.8133327310735514, 0.6130186915397644,-47.090031051374496
000163.pid, bicycle, 10.611960728963224, -3.1550579667091383, -3.3631143967310577, 0.6653525829315186,79.22802603552492
000163.pid, car, 14.891475937583232, 2.5889278718016344, -3.4949283383109346, 0.8107818961143494,94.25361911015354
000164.pid, person, 0.7622504234314029, -15.104174613952642, -3.758639383316038, 0.5706214904785156,-21.32882591620831
000164.pid, bicycle, 10.533023357391365, -3.1193043589592016, -3.663096725940703, 0.6534542441368103,75.15555834696204
000164.pid, bicycle, 10.504219690958665, -3.751502354939787, -3.838362137476603, 0.49762144684791565,-110.10345930925575
000164.pid, car, 14.932984241219456, 1.8609607375638406, -3.6224871069885958, 0.7543343305587769,100.48533979774234
000165.pid, person, 0.835922603805865, -15.165051380793253, -3.8436434467633553, 0.5110863447189331,-34.37675158767014
000165.pid, car, 14.964789671056414, 1.3281233707333306, -3.553347699782427, 0.792331874370575,98.34625266703128
000166.pid, person, 0.8248110294342098, -15.11734762191773, -3.7606978893280014, 0.5787628889083862,165.23133009847962
000166.pid, car, 14.854402370452883, 0.7493249195814119, -3.614329361915588, 0.7945164442062378,99.20745504312272
000167.pid, person, 0.8506968021392881, -15.120579910278327, -3.756989502906798, 0.5480228066444397,162.52873832091694
000167.pid, person, 10.259131193161018, -4.200702667236335, -3.7214721441268925, 0.5182355642318726,58.944162266432336
000167.pid, bicycle, 10.022239923477182, -4.212344010670983, -3.3909912109374987, 0.6157020330429077,12.184353945213534
000167.pid, car, 15.063075371508331, 0.34366432281500636, -3.567726220724717, 0.8030114769935608,96.16621552938275
000168.pid, person, 0.9392161260951724, -15.178590774536138, -3.8106750358234747, 0.5957804918289185,-38.69525722414356
000168.pid, bicycle, 9.921678369695496, -4.423028078946202, -3.2942698652094053, 0.6068963408470154,-15.684772866741252
000168.pid, car, 15.010813422122245, -0.21772585334098704, -3.632162437600604, 0.7898593544960022,95.24431457384485
000169.pid, person, 0.9800069828828222, -15.187969207763677, -3.846932689348856, 0.6502736210823059,-52.73728562475986
000169.pid, bicycle, 9.793090820312505, -4.9324671881539555, -3.935113157544818, 0.5307109951972961,-118.98701195074293
000169.pid, bicycle, 9.64333566029867, -1.6428439617157078, -4.6569859186808245, 0.49709752202033997,4.795329813015938
000169.pid, car, 15.055662946880991, -1.0439942014175219, -3.624420152520233, 0.785722553730011,89.64727810117292
000170.pid, person, 1.0005036460028818, -15.139628304375545, -3.841184536616006, 0.6990458965301514,118.21496218487947
000170.pid, car, 15.01152270773183, -1.4196059136530026, -3.5327083079711246, 0.7969201803207397,90.08786587108969
000171.pid, person, 1.0838227163661671, -15.190098935907542, -3.809989452362059, 0.677940309047699,-77.22323637066998
000171.pid, bicycle, 9.498760461807256, -5.246712009112041, -3.683788895606994, 0.6869248747825623,-102.81424145725407
000171.pid, car, 14.816210649451433, -2.0345018322066415, -3.590116101868298, 0.8056292533874512,78.46215875899468
000172.pid, person, 1.1231360489671922, -15.190079168839894, -3.8123694333163147, 0.6984685659408569,-141.20586537643246
000172.pid, person, 9.453060785929368, -5.47663895289104, -4.090611616770427, 0.3318292498588562,-162.28782468754392
000172.pid, bicycle, 9.443198570838348, -5.241167912116423, -3.5559409581697894, 0.6959941983222961,74.21019729317779
000172.pid, car, 14.85496390660604, -2.5241382336864877, -3.5598615646362304, 0.8344952464103699,77.02326510741604
000172.pid, car, 14.528303225835167, -2.411895538369821, -3.3966940343379974, 0.43755850195884705,-128.4007810490604
000173.pid, person, 1.145756661891942, -15.217348972956339, -3.8501972357432037, 0.7007431387901306,-137.2984660256806
000173.pid, bicycle, 9.265295823415125, -5.570336182912192, -3.371655205885568, 0.6510440111160278,-108.98966763554617
000173.pid, car, 14.488206897463119, -2.7968652807176135, -3.6201532610825127, 0.8188560009002686,-93.40903645106141
000174.pid, person, 1.1872719634663016, -15.241677977822047, -3.8169624588706252, 0.657418429851532,-140.94073636786263
000174.pid, bicycle, 9.120910326639818, -5.796278079350794, -3.4968894720077497, 0.6450336575508118,-106.49980124455234
000174.pid, car, 14.473516595129876, -3.197491477517522, -3.5875326511906636, 0.8129017353057861,-100.18529784149479
000174.pid, car, 14.180345911728711, -3.3838261899195263, -3.600081155174657, 0.6634543538093567,55.06151413037831
000175.pid, person, 1.2142832658507694, -15.244822675531566, -3.8157734437422306, 0.5699644684791565,-162.30095967220709
000175.pid, car, 14.164031781648339, -3.627881583414583, -3.5649447754809724, 0.8172102570533752,-99.5608179022382
000175.pid, car, 13.853349470323133, -3.8793143110890607, -3.5248059149711364, 0.6549372673034668,55.67015877127285
000175.pid, truck, 10.309709072113042, -5.797177076339726, -3.5581926618303563, 0.6351411938667297,8.784831078434392
000176.pid, person, 1.2153737644354579, -15.266106446584068, -3.857733209927875, 0.4815184473991394,-153.79307618911793
000176.pid, bicycle, 8.848991552988695, -6.233322898546856, -3.3469924529393498, 0.677926242351532,25.75092547304911
000176.pid, car, 13.998833835124971, -3.8567648492753546, -3.5248386636376376, 0.8023466467857361,-97.64427964052473
000176.pid, truck, 12.336909532547002, -5.470070282618206, -3.7697341044743844, 0.5842160582542419,-76.09422666896651
000177.pid, person, 1.2254440426826556, -15.256847476959228, -3.779536724090575, 0.6059213876724243,-168.18939831124575
000177.pid, bicycle, 8.773590405782068, -6.405281305313112, -3.5533395343356657, 0.6782733201980591,44.76946133053102
000177.pid, car, 13.641085341170031, -4.44994622307855, -3.5559061153514957, 0.7918107509613037,-103.31988993264261
000177.pid, truck, 12.031181945800784, -5.65984268188477, -3.7236017608642573, 0.5409653186798096,-80.80799404933751
000178.pid, person, 8.714157104492195, -6.999914288520821, -3.559924960136414, 0.6629621982574463,-125.9023883887123
000178.pid, person, 1.2483612537384086, -15.25272874832154, -3.776431846618651, 0.6576766967773438,-167.94703230324652
000178.pid, bicycle, 8.631240844726568, -6.71388305936541, -3.389721087047031, 0.667454183101654,57.3913956067084
000178.pid, car, 13.633606123545816, -4.655595419898867, -3.271473377469986, 0.8107061386108398,-115.43662169791213
000178.pid, truck, 11.682870762688776, -5.949569055012296, -3.6717704875128603, 0.5194153785705566,-91.31799861787292
000179.pid, person, 1.287801285584773, -15.258768637975061, -3.855988204479216, 0.6869661211967468,-152.39565760357524
000179.pid, person, -2.201361751556388, -12.609317588806158, -4.689913940429685, 0.4528341293334961,117.78399642307023
000179.pid, bicycle, 8.523968935012823, -6.9520529111226415, -3.236260354518889, 0.664189875125885,66.16657116313459
000179.pid, car, 13.392369389533998, -5.080417821804684, -3.4607772976160045, 0.81015944480896,-111.62603871235675
000179.pid, car, 13.067432420295583, -5.313299145614896, -3.496647044232017, 0.5444727540016174,-123.59899278778906
000179.pid, truck, 11.468237400054937, -6.262934764226281, -3.638003130753834, 0.5731896758079529,80.98048264108662
000180.pid, person, 1.304837266604112, -15.257314999898275, -3.862697700659433, 0.6990178227424622,-158.6232240033629
000180.pid, car, 13.026610397157217, -5.3897743452163, -3.4301376569838746, 0.8272936344146729,-113.92049681448788
000180.pid, truck, 9.790042059762143, -7.050363268171038, -3.4688047340938013, 0.6538087725639343,-162.74429639604014
000181.pid, person, 1.3385573387146033, -15.27509880065918, -3.780998444557188, 0.6645427346229553,-134.70129218595997
000181.pid, bicycle, 8.256380716959642, -7.362549940745037, -3.179492765002778, 0.6019487380981445,1.7603304815058516
000181.pid, car, 12.857469232458818, -5.506338596343997, -3.562446901672765, 0.7154079675674438,-122.5613850835797
000181.pid, truck, 11.03354177474976, -6.950345611572269, -3.683498501777648, 0.5488154292106628,96.87669156636228
000182.pid, person, 1.3887408018112262, -15.24224910736084, -3.773179101943968, 0.6541842222213745,-149.65760022504006
000182.pid, bicycle, 8.165895986557011, -7.529181385040286, -3.3431791543960565, 0.6299789547920227,43.03653320850311
000182.pid, car, 12.615077297861985, -5.951737816740827, -3.7204464354166165, 0.6751874089241028,-123.62009217885415
000183.pid, person, 1.421597790718083, -15.28639259338379, -3.778189373016356, 0.6655134558677673,-66.92651418566115
000183.pid, car, 12.438058267940177, -6.042329094626691, -3.635643818161705, 0.7486782670021057,-125.89395825893476
000183.pid, truck, 12.541821763322162, -6.017118260667134, -3.6143661898535644, 0.6007702350616455,-135.10131279827064
000184.pid, person, 1.4736577033996654, -15.311460590362552, -3.796307492256163, 0.5495154857635498,-47.84326935131517
000184.pid, bicycle, 7.787957986195888, -8.01535050074259, -3.2637345790863024, 0.530545175075531,8.44657037104713
000184.pid, car, 12.08339702251346, -6.064310861188316, -3.630896812261537, 0.7974470853805542,-124.93551651490597
000184.pid, truck, 12.301076943533765, -6.051183782305039, -3.6505357401711596, 0.4571060836315155,-123.40432444496989
000185.pid, person, 7.693696200847632, -8.396761775016788, -3.640651911497115, 0.5845740437507629,-139.3497652998845
000185.pid, person, 1.4845063903115074, -15.351359540765941, -3.852925127202812, 0.5658145546913147,-52.2691260017022
000185.pid, car, 12.079025316238404, -6.1613352894783056, -3.6716151535511017, 0.7828356027603149,-129.59333250823457
000185.pid, truck, 12.227297418257773, -6.238266215604896, -3.6952741356456973, 0.5745448470115662,-129.43417993066373
000186.pid, person, 7.63088866642544, -8.774201801845, -3.756739071437289, 0.7363653182983398,-123.8973078853646
000186.pid, person, 1.531820257504786, -15.386985672844784, -3.89489796426561, 0.6562413573265076,127.24817901162396
000186.pid, person, 8.828037088567568, -7.757662079551012, -3.602362177588723, 0.45157355070114136,-133.05136340416334
000186.pid, car, 12.052036158243817, -6.383494091033939, -3.757850180731879, 0.7596600651741028,-128.6093469451297
000186.pid, truck, 12.155555793217253, -6.339799767448788, -3.771660543623424, 0.5753380060195923,-127.27479287472619
000187.pid, person, 7.372645421461632, -9.039289734580302, -3.6718045147982497, 0.6982294917106628,-103.58372152545783
000187.pid, person, 1.5443569540977529, -15.38319816589356, -3.9198750734329217, 0.5865962505340576,-45.0055796300927
000187.pid, bicycle, 7.851755142211921, -8.71796194712322, -3.782143115997315, 0.6117279529571533,43.008510703291385
000187.pid, bicycle, -2.1969859123229964, -12.61119480133057, -4.689188766479491, 0.4176473021507263,117.69659020429172
000187.pid, car, 11.78630860646566, -6.387878762351146, -3.676724738544888, 0.6776078939437866,-124.35643271700931
000188.pid, person, 7.206956045968198, -9.0951189994812, -3.373952610152107, 0.6569849848747253,-67.51301777463829
000188.pid, person, 1.5693770213560674, -15.393150156194515, -3.7312388636849136, 0.6124845743179321,-52.92521490871428
000188.pid, bicycle, 7.743596951166796, -8.92982006072999, -3.5366540352503466, 0.6820856332778931,44.80828044912573
000188.pid, car, 11.84944281706939, -6.463911546243206, -3.682991833300204, 0.7746105194091797,-126.43568735638249
000188.pid, truck, 11.827165217012974, -6.486762871613374, -3.6808352341523034, 0.4116002023220062,-127.63413306097937
000189.pid, person, 7.104725893806016, -9.281560561236214, -3.4163949910332168, 0.5834078788757324,-74.81171338158211
000189.pid, person, 1.6127949804067663, -15.386415243148805, -3.812708169221876, 0.5829539895057678,-44.96042493661813
000189.pid, bicycle, 7.605451924460285, -9.156451565878742, -3.606788771493094, 0.6687279939651489,45.75294822860692
000189.pid, car, 11.592257345044938, -6.693166487925764, -3.6731444049525903, 0.7712283730506897,-124.1149457239801
000189.pid, truck, 11.591295964009054, -6.65291791348844, -3.6661791608140266, 0.4716545343399048,-124.87806350971303
000190.pid, person, 1.6579197764396718, -15.424570560455328, -3.800416016578674, 0.5512518882751465,-57.074852677449094
000190.pid, person, 7.00155101503645, -9.507056962876096, -3.518264418556576, 0.40150904655456543,-96.49801732522187
000190.pid, bicycle, 7.533801952997851, -9.281534433364877, -3.7027548551559453, 0.641036331653595,47.19595053611127
000190.pid, car, 11.78144228976706, -6.685322346894641, -3.703078373618748, 0.799054741859436,-127.27240040808041
000190.pid, truck, 11.77530848461649, -6.691113959188048, -3.7025157783342437, 0.45410749316215515,-127.79028210808175
000191.pid, person, 1.6912502050399851, -15.44523412531073, -3.742535331032492, 0.5510940551757812,21.945251219131023
000191.pid, person, 6.859807294957786, -9.701399971457093, -3.474554160062003, 0.44905105233192444,28.464232827037034
000191.pid, bicycle, 6.976179409027106, -9.95918502807618, -4.055395269393921, 0.6169723272323608,-111.65843956096688
000191.pid, car, 11.678220464828168, -6.771685458244165, -3.713966592829278, 0.8108080625534058,-125.40751384423797
000192.pid, person, 1.708679397900904, -15.472635587056482, -3.779589354991911, 0.5275291204452515,-154.20349981443673
000192.pid, person, 6.720448594344296, -9.963901268808465, -3.537775968250475, 0.39883336424827576,35.16256710875607
000192.pid, car, 11.492606216006811, -6.698835081524323, -3.632419466972351, 0.7492436766624451,-124.08489916137734
000193.pid, person, 6.570801417032883, -10.175143496195476, -3.525328604380289, 0.491453617811203,33.20202714111079
000193.pid, person, 1.7272587906230625, -15.488859350031078, -3.7511307976462613, 0.48970165848731995,-135.83740544173085
000193.pid, car, 11.817535650162473, -6.732302370525544, -3.7171197505224325, 0.7510881423950195,-126.91916640534293
000194.pid, person, 1.7443951865037353, -15.50275985399882, -3.7836660345395394, 0.44798511266708374,-165.73859834880219
000194.pid, person, 6.340823430281428, -10.465449186471794, -3.4260954856872554, 0.4311026632785797,-131.49609529360794
000194.pid, car, 11.572975052727596, -6.712586548593314, -3.7045379479726157, 0.7734116315841675,-126.48418642373278
000195.pid, person, 1.758630947633229, -15.48619157617743, -3.7715603221546514, 0.39556095004081726,-164.76420271093548
000195.pid, bicycle, 6.532815774281829, -10.841677665710458, -4.260883967081706, 0.38172483444213867,75.72336262813747
000195.pid, car, 11.81752247559397, -6.640470115762011, -3.6751420874344674, 0.7605184316635132,-128.2253504143725
000196.pid, person, 1.7928880214691199, -15.51235027313233, -3.9165636062622062, 0.4407946467399597,-161.75231082777202
000196.pid, car, 11.695749718209974, -6.720851981121566, -3.6961505102074663, 0.7628649473190308,-130.68999241338275
000197.pid, person, 1.817058086395268, -15.485446739196783, -3.8130172014236434, 0.4882611632347107,-170.45781878036885
000197.pid, car, 11.668471491614055, -6.639357289602594, -3.6952824093574703, 0.8039431571960449,-126.9944238245184
000198.pid, person, 1.8351483778520103, -15.476805426857693, -3.746442382985894, 0.520623505115509,-169.98010142434757
000198.pid, bicycle, 6.37619864940644, -11.058034420013438, -3.938975036144257, 0.5520150065422058,62.251632838910254
000198.pid, car, 11.682984215872631, -6.767554448575393, -3.703993320465088, 0.7587774991989136,-130.86028886002288
000199.pid, person, 5.899541219075528, -11.815704981486013, -2.893247683842977, 0.6662942171096802,-154.2705386549653
000199.pid, person, 1.871999968181964, -15.49346186897972, -3.7258590351451515, 0.4894717037677765,-154.6545144099722
000199.pid, bicycle, 6.064586639404304, -11.620667219161996, -3.6694598197937016, 0.4324828088283539,-136.21999108472394
000199.pid, car, 11.502240344456267, -6.857218415396559, -3.6817676952907017, 0.7402970790863037,-122.32943397401289
000200.pid, person, 1.8562760055065226, -15.461353937784835, -3.713596284389494, 0.5481551885604858,-158.53486413582425
000200.pid, bicycle, 5.925875961780554, -11.857303023338329, -3.905523866415024, 0.48314616084098816,57.86900113290111
000200.pid, car, 11.588913086921941, -6.566359381521907, -3.674826791209559, 0.7506729960441589,-122.74850846211137
000201.pid, person, 1.9070903279564642, -15.487655899741434, -3.746344197880137, 0.5205340385437012,-157.02668987280921
000201.pid, car, 11.496797164281212, -6.713069717089339, -3.6985175212224326, 0.7277501821517944,-124.56392902300092
000202.pid, person, 5.296173731486011, -12.864139238993337, -3.894465446472168, 0.6243681311607361,-103.81439968526894
000202.pid, person, 1.9357031800530238, -15.469548312100502, -3.743410197171298, 0.4557656943798065,-155.3421852334005
000202.pid, bicycle, 5.2337361971537355, -13.058478673299163, -3.938316265741984, 0.7141546010971069,-117.03770160914013
000202.pid, car, 11.802669213742629, -6.710566978065337, -3.7017782610289904, 0.734871506690979,-128.20213251950295
000203.pid, person, 5.153572014399944, -12.980622155325763, -3.9100751195635115, 0.6154094338417053,-98.72863189987658
000203.pid, car, 11.42590133349101, -7.031534711519883, -3.731838822364807, 0.7738767862319946,-129.5492997455769
000204.pid, person, 5.206404018402107, -12.973651218414318, -3.580530452728272, 0.7955757975578308,-110.20750506753248
000204.pid, car, 11.448437690734867, -6.908316387070553, -3.6693187024858265, 0.752134382724762,-125.43358282652633
000205.pid, person, 5.078487661149775, -13.173739963107652, -3.45501348707411, 0.7959142923355103,-107.75552310968894
000205.pid, car, 11.731295098649698, -6.810640020573396, -3.7154461830220322, 0.746437132358551,-131.45025838555966
000206.pid, person, 4.990769720077522, -13.36502161026002, -3.5416597843170172, 0.7357572317123413,-109.58470962643929
000206.pid, car, 11.504197948857358, -6.715806095223681, -3.6698961885351884, 0.7663659453392029,-125.97740966547093
000207.pid, person, 4.8587208747863855, -13.621871948242198, -3.4748334646224976, 0.758038341999054,-110.08465565480975
000207.pid, car, 11.854155208753506, -6.5499312877655065, -3.6830635329951416, 0.7647061944007874,-128.82291312530768
000208.pid, person, 4.724387168884285, -13.897967883518776, -3.44392568724496, 0.7692165970802307,-108.02402632211147
000208.pid, car, 11.780763768135236, -6.794556039444947, -3.710287946335813, 0.7611944675445557,-131.26266417581928
000209.pid, person, 4.602489233016976, -14.176316261291515, -3.582833170890809, 0.7910416126251221,-108.50376622100617
000209.pid, car, 11.783260186513267, -6.447604656219487, -3.6938786705334983, 0.7566002011299133,-126.63522208583169
000210.pid, person, 4.449208418528246, -14.436392466227224, -3.7559424771202945, 0.7522293925285339,-113.08917544892452
000210.pid, car, 11.753748099009199, -6.723674262011496, -3.690591463336238, 0.7575647234916687,-127.61857925736822
000211.pid, person, 4.517490816116341, -14.494060230255135, -3.644249939918518, 0.7782281637191772,-122.33800061755116
000211.pid, car, 11.810682398207646, -6.7196160580249575, -3.697425735757706, 0.7645618915557861,-127.90337782080047
000212.pid, person, 4.33515847524008, -14.733191553751634, -3.6044627030690513, 0.7885569930076599,-118.30124858010845
000212.pid, car, 11.539987115299004, -6.7981070350198225, -3.6591898693757905, 0.7344858646392822,-125.59043507383649
000213.pid, person, 4.320579971585964, -14.737175941467294, -3.5175488506044665, 0.7953144907951355,-123.8898035153978
000213.pid, car, 11.643166818116844, -6.656371367605113, -3.6681019757923328, 0.7449831366539001,-124.2601175144311
000214.pid, person, 4.139593696594246, -14.950869464874277, -3.3288474559783943, 0.7833257913589478,-131.71754331150112
000214.pid, car, 11.85549493063064, -6.853060427166171, -3.711190166927519, 0.7473375797271729,-134.89612368233264
000215.pid, person, 4.097548136344331, -15.077724456787118, -3.481438948557927, 0.8049572110176086,-110.56598549203389
000215.pid, car, 11.758382446911872, -6.754995998071168, -3.6782149052133364, 0.7513388991355896,-127.91541547238074
000216.pid, person, 4.063210219144831, -15.19688934087754, -3.6020366847515106, 0.8060096502304077,54.47002969303636
000216.pid, car, 11.61515308828915, -6.6973525776582665, -3.6473836057326374, 0.7484578490257263,-128.590678874685
000217.pid, person, 3.9903541058302006, -15.398817956447608, -3.383792996406555, 0.804268479347229,-97.88428975595366
000217.pid, car, 11.823992417783156, -6.664048126765663, -3.6879363692536646, 0.7507889866828918,-128.61660063430813
000218.pid, person, 3.9568982857924317, -15.444006332984342, -3.3639267774728627, 0.7759632468223572,-36.810525773597924
000218.pid, car, 11.576251268386843, -6.666732933786184, -3.693304545349546, 0.7513299584388733,-128.486295758074
000219.pid, person, 3.981373016650868, -15.431308306180522, -3.416373289548434, 0.7764174342155457,-54.6687456654874
000219.pid, car, 11.536781946818035, -7.034490696589155, -3.7082073132197064, 0.7416952848434448,-131.90379738902922
000220.pid, person, 3.9273626168569016, -15.522059885660815, -3.434940926233928, 0.7795051336288452,71.13724560744053
000220.pid, car, 11.791970375256662, -6.745004507211541, -3.7074542534657016, 0.7419421076774597,-127.88741380772356
000221.pid, person, 3.8709942010732865, -15.537154637850254, -3.403589963912964, 0.7711021304130554,64.64012938562242
000221.pid, car, 11.66802569798061, -6.6148824691772505, -3.6915465025674727, 0.7454746961593628,-126.39957851065415
000222.pid, person, 3.9014814633589614, -15.534902205834031, -3.400663742652306, 0.7310824990272522,89.0467225481477
000222.pid, car, 11.901445249231854, -6.648859221760824, -3.6985928605242475, 0.7476596236228943,-131.96118874845996
000223.pid, person, 3.8664317681239293, -15.599064606886653, -3.3498245385976944, 0.7547979950904846,-35.85862362972313
000223.pid, car, 11.69890111923218, -6.809699506759647, -3.7002384662628174, 0.7306663990020752,-128.70777629577455
000224.pid, person, 3.857641622424134, -15.647846341133125, -3.476112470030785, 0.7340116500854492,-106.77643228695126
000224.pid, car, 11.691944158994236, -6.781373216555672, -3.684487952635839, 0.7227881550788879,-130.08082410919744
000225.pid, person, 3.8673209122249146, -15.57109887259348, -3.426885076931545, 0.7774879336357117,-101.1467887043481
000225.pid, car, 11.712687725923502, -6.758365504595701, -3.717453095377708, 0.6997426748275757,-129.1306434830065
000226.pid, person, 3.8550966580708907, -15.692971611022957, -3.416207075119019, 0.7927806377410889,-102.51489944651846
000226.pid, car, 11.629527481234806, -6.752907217765345, -3.6956946022656503, 0.7313740849494934,-130.64774332964407
000227.pid, person, 3.8729857546942665, -15.581517696380624, -3.4301705019814634, 0.796310305595398,-106.2174760240487
000227.pid, car, 11.785847854614259, -6.782781314849858, -3.7220822751522062, 0.7834509015083313,-131.55279981668866
000228.pid, person, 3.872369623184212, -15.675408808390307, -3.411815897623698, 0.8083676099777222,-97.63132326681625
000228.pid, person, 2.522924555672544, -15.687687132093641, -3.440890603595309, 0.4441603720188141,-51.13823322253335
000228.pid, car, 11.6540197210109, -6.692193873385168, -3.6764488626033702, 0.8019701838493347,-133.2365847678344
000229.pid, person, 3.883161417643238, -15.592680040995287, -3.4469475110371914, 0.8160760998725891,-104.0191491112808
000229.pid, person, 2.4889672452753295, -15.678648255088119, -3.6637590148232193, 0.4960648715496063,-29.948152527271304
000229.pid, car, 11.306378595756765, -6.893813826821071, -3.6986373915816797, 0.7868070006370544,-127.7983272191521
000230.pid, person, 3.8737280219793404, -15.652411103248603, -3.4743690937757497, 0.8267867565155029,-102.79607010882194
000230.pid, person, 2.5654644966125555, -15.658172607421879, -3.4012831279209665, 0.47094911336898804,-64.44521003928762
000230.pid, car, 11.308096426504633, -6.852663075482409, -3.6839785399260343, 0.7591348886489868,-127.39933216768605
000231.pid, person, 3.8773526400327776, -15.635211706161506, -3.39242371916771, 0.8317704796791077,-112.62365163924065
000231.pid, person, 2.5621934370561155, -15.729846954345708, -3.739598664370449, 0.43759217858314514,-33.37348829331953
000231.pid, car, 11.40048506855965, -6.906752184033398, -3.718399867415428, 0.7936624884605408,-128.94392447741737
000232.pid, person, 3.84228270848593, -15.633965492248542, -3.461014175415039, 0.8049231767654419,-109.26204138806943
000232.pid, person, 2.6367092473166385, -15.677658489772252, -3.2907727105276914, 0.37610548734664917,-117.72311949236553
000232.pid, car, 11.400978660583498, -6.97231437138149, -3.7133205686296735, 0.7966787815093994,-134.2906377662718
000233.pid, person, 3.846085389455168, -15.682899920145678, -3.4174113591512043, 0.7918297648429871,-110.8895399991057
000233.pid, person, 2.7025175775800463, -15.699010848999023, -3.401611668722969, 0.42872560024261475,-54.98062368898178
000233.pid, car, 11.184719454857614, -6.97524019979662, -3.6859315749137638, 0.8201413750648499,-130.2582245753084
000234.pid, person, 3.8452187478542417, -15.648886799812324, -3.4763718098402023, 0.8192681670188904,-108.33255754182085
000234.pid, person, 2.6964560985565216, -15.745918369293213, -3.706552720069884, 0.41887521743774414,-29.760104931256123
000234.pid, car, 11.266825675964359, -7.0033565362294565, -3.813877749443054, 0.8076993823051453,-132.8129348559249
000235.pid, person, 3.89365877824672, -15.62126681383919, -3.528652092989754, 0.7901557683944702,-104.93794034255097
000235.pid, person, 2.7981936633586937, -15.734712958335876, -3.4649124741554247, 0.40990662574768066,-44.36576993525593
000235.pid, car, 11.151669963713617, -7.12050645582138, -3.7138427457501817, 0.7815217971801758,-136.50290328067965
000236.pid, person, 3.876407876610765, -15.62593865394593, -3.4690357744693756, 0.799811601638794,-102.0168793192698
000236.pid, person, 2.887932257218796, -15.8186616897583, -3.5907894047823814, 0.41069647669792175,-45.95574146124406
000236.pid, car, 10.951563666848578, -7.113537213381603, -3.6368346144171326, 0.7480884790420532,-141.59506427148992
000237.pid, person, 3.8722319761912107, -15.610881741841641, -3.4506966114044193, 0.799908459186554,-100.97230973145096
000237.pid, car, 10.717045702253072, -7.2994809286935025, -3.6864179066249303, 0.7712656259536743,-141.14426165092664
000238.pid, person, 3.873260319232948, -15.707375705242164, -3.4346236437559132, 0.8191945552825928,-98.86515378979067
000238.pid, person, 2.9937401034615316, -15.864347197792746, -3.513384255495937, 0.44255074858665466,-39.35424225019416
000238.pid, car, 10.213164544874624, -7.596635172444009, -3.5924937032884166, 0.7965184450149536,-140.9403827945749
000239.pid, person, 3.8877908388773688, -15.606567192077645, -3.4507348060607916, 0.834035336971283,-102.76468641091728
000239.pid, person, 3.02462400330438, -15.765148692660862, -3.4268337355719662, 0.5016499757766724,-28.65996585366441
000239.pid, car, 10.120027279031692, -7.483245241230936, -3.48789014487431, 0.7936446666717529,-130.1174974967829
000240.pid, person, 3.847754627466211, -15.68701648712159, -3.5119421184062958, 0.8237892389297485,-106.7704286904526
000240.pid, person, 3.0981663923997194, -15.689819556016193, -3.5853522007281953, 0.4698183834552765,-5.143188239346593
000240.pid, car, 9.676752431052074, -6.43136256436507, -3.7803965523129412, 0.8252811431884766,78.94476749494689
000240.pid, car, 9.59617848623367, -7.718254452659977, -3.4840800648643855, 0.7657103538513184,-132.60024858849772
000241.pid, person, 3.900197931698397, -15.72939211981638, -3.469839589936393, 0.8190961480140686,-103.51213965079481
000241.pid, person, 3.061277151107791, -15.760451952616373, -3.5649361610412593, 0.4587666094303131,-39.126225103086654
000241.pid, car, 9.706883343783295, -7.88336024501107, -3.749949325214732, 0.8028256297111511,-150.29271044811222
000242.pid, person, 3.909678799765459, -15.628973143441344, -3.5083679471697127, 0.8062530159950256,-106.41292256974597
000242.pid, person, 3.100943395069671, -15.668731008257184, -3.5545339414051584, 0.4606490433216095,1.5318128667788793
000242.pid, car, 9.601513486159478, -7.951970602336686, -3.7858993442435014, 0.8475019931793213,-141.45637264806467
000243.pid, person, 3.8843147924968244, -15.736366067613883, -3.4732643706457957, 0.7993313074111938,-107.05471064292402
000243.pid, person, 3.1812250980964114, -15.720366551325876, -3.4401926994323726, 0.45930546522140503,-31.89186334448315
000243.pid, car, 9.551741109575547, -7.91888457706997, -3.7495198794773645, 0.8420729637145996,-136.9784906763062
000243.pid, car, 9.245189038718621, -7.964642931775349, -3.676734930131493, 0.785230278968811,-148.37379321368329
000244.pid, person, 3.9425918505742095, -15.640609814570508, -3.5296401243943434, 0.799347460269928,-100.31029202695362
000244.pid, person, 3.2125538190205933, -15.68091278076172, -3.4848492304484036, 0.4488663375377655,-26.021260087630758
000244.pid, car, 9.263043546676638, -8.124726438522341, -3.8002376715342203, 0.8515059947967529,-136.8460687488836
000244.pid, car, 8.813282233018146, -7.757577964892759, -3.715582031470078, 0.726973831653595,81.03138319800608
000245.pid, person, 3.8961649735768717, -15.667219082514455, -3.5280001958211265, 0.8017752766609192,-107.65533096992777
000245.pid, person, 3.2628098084376456, -15.66082448225755, -3.473742980223434, 0.42778006196022034,-39.66782414805066
000245.pid, car, 8.812195733189586, -8.237574681639675, -3.8315020427107815, 0.8757665753364563,-136.62584698645216
000246.pid, person, 3.8995079653603772, -15.732037680489682, -3.470291699681963, 0.8163383603096008,-103.86759006312658
000246.pid, person, 3.2757326761881553, -15.701261202494303, -3.4061219692230207, 0.47567033767700195,-45.588662943945856
000246.pid, car, 8.502614945173269, -8.298979848623283, -3.7380885928869247, 0.8729616403579712,-134.28466679559145
000246.pid, car, 8.099420894276017, -8.420682668685918, -3.5932336937297467, 0.570220947265625,-142.53868234585838
000247.pid, person, 3.929252129334679, -15.663600481473491, -3.440708490518423, 0.8078535199165344,-113.64538773001172
000247.pid, person, 3.2767666303194556, -15.564519368685213, -3.4185134630936833, 0.4821801781654358,-3.4410339102721377
000247.pid, car, 7.839252211830838, -8.805210561463332, -3.6754498915238814, 0.8930827379226685,-138.62272767961704
000248.pid, person, 3.831464147567757, -15.804081535339362, -3.542254622777303, 0.8124072551727295,-113.88553340220764
000248.pid, person, 3.3189856370290167, -15.649466323852543, -3.4743306001027414, 0.4552059471607208,-42.17115037226813
000248.pid, car, 7.104453267722298, -9.547706225822715, -3.802328446815754, 0.8836624026298523,-118.12324349894928
000248.pid, car, 6.934510707855227, -8.597471258579159, -3.3410144035632787, 0.5755978226661682,68.64432661172334
000249.pid, person, 3.8989921212196443, -15.804164091746022, -3.568536082903544, 0.8126315474510193,-113.286848365346
000249.pid, car, 7.11908719118904, -9.125476206050205, -3.7305681354859295, 0.8751924633979797,-117.08415934204925
000249.pid, car, 6.704739007082855, -8.88232339241288, -3.269555043090473, 0.6932935118675232,64.92444433074941
000250.pid, person, 3.8788129431860865, -15.770844868251263, -3.516281706946237, 0.8089810609817505,-108.49049254542967
000250.pid, person, 2.931774568557748, -15.45355606079102, -3.6502388954162575, 0.3640862703323364,54.58706957683532
000250.pid, car, 6.64119863510132, -9.42133606804742, -3.5611107216940985, 0.8833736181259155,-115.57820307713854
000250.pid, car, 5.35401967336547, -11.11275957215507, -3.7817347634513423, 0.536883533000946,-106.17487274029781
000251.pid, person, 3.8274069002696534, -15.793923514229919, -3.5288627658571516, 0.8140361309051514,-113.39812002426922
000251.pid, person, 2.89160505930583, -9.042464468214247, -4.427161110772025, 0.4499516189098358,78.76299700926315
000251.pid, car, 6.323241967421315, -9.910929435338732, -3.7132235245826917, 0.8776795268058777,-112.89968014649438
000251.pid, car, 4.361868095397955, -12.338764822483064, -3.683052879571914, 0.5017410516738892,74.90976592912524
000252.pid, person, 3.9022166912372387, -15.69986424079309, -3.4886306982774005, 0.8102433085441589,-117.7343316007375
000252.pid, person, 2.57991177302141, -8.793309395129866, -4.274686171458317, 0.4828612804412842,-129.70877719607122
000252.pid, car, 6.0998658805057975, -10.092288510552773, -3.8677198475804824, 0.8849160671234131,-112.42160527023734
000252.pid, car, 4.553602972695998, -12.467678413834683, -3.6734333260114798, 0.6325015425682068,71.2956824309412
000253.pid, person, 3.8881517648696993, -15.769703115735743, -3.5168591737747192, 0.7930963039398193,-109.91692651909509
000253.pid, person, 2.490575410701616, -8.615992863972984, -4.183732951128924, 0.47059985995292664,13.901706772525149
000253.pid, car, 4.200493967210931, -12.400679949167614, -3.785574249319127, 0.5358926057815552,78.85454683860354
000254.pid, person, 3.82609973847867, -15.817611992359168, -3.5574000775814056, 0.8102226853370667,-111.01479163979914
000254.pid, person, 3.313835541407273, -12.928524971008303, -3.69219755243372, 0.35261040925979614,93.89447956218464
000254.pid, car, 4.973645624907126, -10.267068158025326, -3.9844094670337173, 0.32920199632644653,-92.94172160918671
000255.pid, truck, 3.561608632405606, -12.924490637249416, -3.605608615610334, 0.33986350893974304,92.04823668540594
000256.pid, truck, 3.439731553622661, -12.779559544154576, -3.653006315231323, 0.30606719851493835,94.66565272367141
000257.pid, person, 3.936529670442861, -15.92664514269149, -3.673217058181763, 0.5930348038673401,-118.03683236800384
000257.pid, car, 3.3225444625405776, -13.133532888749066, -3.5994469277998977, 0.3766742944717407,97.45700018218042
000258.pid, person, 3.9019119739532564, -16.01164070765179, -3.7546444733937574, 0.6589947938919067,-121.93610155353448
000258.pid, car, 3.1420321712891317, -12.837949355443321, -3.596623500188191, 0.43030843138694763,100.92891194076684
000259.pid, person, 3.910233646631249, -15.73742425441743, -3.7007043361663823, 0.6967278122901917,-116.35169567566143
000259.pid, car, 2.973963312366436, -12.850372258354636, -3.6393455056583175, 0.4749871790409088,104.98532776586981
000260.pid, person, 3.8929142157236813, -15.74353525373672, -3.706501934263442, 0.7423757314682007,-114.52477187799744
000260.pid, car, 2.986249512390185, -13.045309150920197, -3.60597855904523, 0.47541946172714233,105.86950935138115
000260.pid, car, -1.2291646770068527, -8.621297881716776, -4.062045665014357, 0.4641759395599365,-131.2820580129558
000260.pid, car, -0.5094054924405074, -8.387986390487015, -3.919766011445418, 0.36938706040382385,5.180121169873001
000261.pid, person, 3.8974844349755267, -15.895735846625447, -3.6391330824957953, 0.7552260160446167,-118.901244923386
000261.pid, car, 2.5688789265381375, -12.296539461290516, -3.660200350993388, 0.8406829237937927,110.69720337019459
000261.pid, car, -1.4902097930510778, -8.483251995510527, -4.01947530110677, 0.37725821137428284,-145.76276347403066
000262.pid, person, 3.9078226685524067, -15.73489296436311, -3.7015718817710876, 0.7186304926872253,-117.16773708069701
000262.pid, car, 2.306940156966454, -12.14552767276764, -3.6925347447395316, 0.8531078696250916,113.521927914916
000262.pid, car, -1.9917007287343291, -8.432067993359688, -4.043264743609306, 0.40747302770614624,-147.9751122710521
000263.pid, person, 3.8537231021457328, -15.824910481770846, -3.7220694753858776, 0.6860934495925903,57.34168205584846
000263.pid, car, 2.2103399522602607, -12.325371479988096, -3.662834578752517, 0.8128044605255127,115.26306096723486
000263.pid, car, -1.9559922463753576, -8.288039992837346, -3.9736557567820823, 0.38466620445251465,-170.50943555849992
000264.pid, person, 3.5758966952562417, -15.374204277992256, -3.4246330559253697, 0.6809779405593872,-36.22355497837413
000264.pid, person, 3.853707678177784, -15.547483332016892, -3.5263071060180646, 0.4136766493320465,-105.11173343089538
000264.pid, car, 1.0529756289241614, -10.383336702982588, -3.7999508040291916, 0.8418108224868774,-57.07739690460264
000264.pid, car, -2.4527796448254153, -8.265023622356479, -4.028508123804311, 0.5344163179397583,-169.96207103731936
000265.pid, person, 3.8900554180145357, -15.871244218614379, -3.634967803955079, 0.678595781326294,-117.86098427647647
000265.pid, person, 3.679166409704426, -15.495589680141872, -3.4515917036268435, 0.5161662101745605,-59.41267986101921
000265.pid, car, -1.4023632429585429, -8.284842322357989, -3.9510394471936516, 0.6144112944602966,174.95992484342574
000266.pid, person, 3.9821500097002387, -15.738436017717646, -3.7532142911638533, 0.6530490517616272,-113.76104938743993
000266.pid, person, 3.730195999145514, -15.448973464965821, -3.4808269858360275, 0.521966278553009,-48.01690400618654
000266.pid, car, -1.6318228343599668, -8.26869434557463, -3.9535182024303235, 0.6467111706733704,173.7644651765855
000267.pid, person, 3.836147546768197, -15.87583221088757, -3.6222534613175825, 0.6917737722396851,-122.35238786235004
000267.pid, person, 3.6885652108625995, -15.476819428530606, -3.507340485399419, 0.502467691898346,-60.098795302918354
000267.pid, car, -1.8655212476283636, -8.260083295121978, -3.9637955351720877, 0.7032967209815979,170.16892791047897
000268.pid, person, 3.9067139192061076, -15.814521356062466, -3.556261691180143, 0.705157458782196,-112.32342338046428
000268.pid, person, 3.7088544585488106, -15.406892906535756, -3.5257285724986676, 0.5214051604270935,-49.3655559211555
000268.pid, car, -2.302990078926081, -8.26953801241788, -4.01446365587639, 0.7121968865394592,168.93887841815672
000269.pid, person, 3.948506420308901, -15.713680614124655, -3.650409156625921, 0.7347855567932129,-110.84817370806616
000269.pid, person, 3.751164186000829, -15.402712965011599, -3.554655110836028, 0.4304976761341095,-54.03003648824522
000269.pid, car, -2.6446640988190913, -8.313316774368287, -4.07573051850001, 0.7302929759025574,164.51660619872916
000270.pid, person, 3.882728491510673, -15.621650763920384, -3.5923157930374146, 0.6932612061500549,-100.7302920486515
000270.pid, car, -2.910226674306955, -8.28085840316046, -4.096700441269647, 0.6547777652740479,-26.00489435925344
000271.pid, person, 3.8521534112783664, -15.591275508587186, -3.6314661319439234, 0.7068675756454468,-97.21311062318915
000271.pid, car, -3.2117517562139555, -8.252640088399254, -4.130389168148948, 0.6246429085731506,-28.82888045826877
000272.pid, person, 3.9372405355626983, -15.604515335776599, -3.5948213013735693, 0.7043914198875427,-101.17603135438509
000272.pid, person, 3.74211684862773, -15.366753525204128, -3.566377639770507, 0.4618595540523529,-58.88723521342137
000273.pid, person, 3.9033175064967316, -15.576687519366933, -3.6650545413677516, 0.7061423063278198,-96.34520829509756
000274.pid, person, 3.818103756223415, -15.576035158974792, -3.711112873894828, 0.7257056832313538,-80.01656886527229
000275.pid, person, 3.8541711293734124, -15.592085471520067, -3.6648230919471154, 0.6991971731185913,-94.5976948630994
000276.pid, person, 3.8154149204492644, -15.676858127117164, -3.645948871970177, 0.7051900625228882,-98.20281345839098
000276.pid, person, 3.760038670371566, -15.335299379685345, -3.546973214429967, 0.5492497682571411,-76.81111985716149
000277.pid, person, 3.900321895425978, -15.722358703613292, -3.8242605382745922, 0.7141790390014648,-111.91883730870961
000277.pid, person, 3.783070378833351, -15.34499560462104, -3.5904399289025193, 0.5524876117706299,-82.07669525223875
000278.pid, person, 3.9025571686881, -15.809887749808187, -3.8441129071371902, 0.6922696232795715,53.679006973262055
000278.pid, person, 3.784282128016158, -15.31393220689562, -3.5562708775202427, 0.534063994884491,-80.8459941475219
000279.pid, person, 3.938867296491359, -15.793306078229646, -3.834841728210449, 0.6644425392150879,-115.73095079245965
000279.pid, person, 3.792604543946013, -15.32331653074785, -3.619735956192016, 0.4915372431278229,-84.15149395661285
000279.pid, car, 3.7591839194297867, -15.103082942962653, -3.559142184257508, 0.662457287311554,-90.56933857047127
000280.pid, person, 3.803525717362119, -15.297521508258322, -3.564620256423949, 0.5038774609565735,-87.23267246882182
000280.pid, car, 3.779156136512764, -15.103552341461187, -3.530028486251832, 0.6689702868461609,-95.45699768331204
000281.pid, person, 3.8272261420885774, -15.367939909299215, -3.5604727367560063, 0.48973870277404785,-89.74580953984619
000281.pid, car, 3.7965505003929225, -15.136454105377203, -3.508490121364594, 0.6717986464500427,-94.56156634508878
000282.pid, person, 3.932682037353525, -15.92365131378175, -3.7406057357788085, 0.6152536869049072,-132.98268884713124
000282.pid, person, 3.864426022484195, -15.279985972813197, -3.5477716468629374, 0.36556461453437805,-87.67495292715552
000282.pid, car, 3.835007654296035, -15.124220265282531, -3.5147750642564564, 0.6711613535881042,-95.79487529149077
000283.pid, person, 3.8532555484771787, -15.306601943969726, -3.512762308120727, 0.40370115637779236,-89.96424300919583
000283.pid, car, 3.8209595441818314, -15.10085821151734, -3.4395954608917236, 0.6643043160438538,-97.28598841816964
000284.pid, person, 3.885028398953957, -15.26509582079374, -3.5352400633004994, 0.3821989893913269,-92.24718589947551
000284.pid, car, 3.8684045246669307, -15.100851013546905, -3.4867958568391346, 0.6687201261520386,-96.42028395971394
000285.pid, bicycle, 4.071358839670822, -15.810495376586923, -3.702343543370566, 0.6764429211616516,67.36294453375339
000285.pid, car, 3.8814210664658395, -15.100298336574015, -3.454325255893526, 0.6738560795783997,-99.7993550825683
000285.pid, truck, 3.8870478272438107, -15.259993632634481, -3.4964265227317806, 0.33178195357322693,-94.0316700249079
000286.pid, person, 4.043575435876855, -15.47404193878175, -3.88942489027977, 0.6034197211265564,-101.3651174051846
000286.pid, truck, 3.8979613184928943, -15.248891353607178, -3.5242257118225093, 0.3449798822402954,-94.6106376104998
000287.pid, person, 4.079492039150671, -15.495592435201022, -4.014497015211317, 0.5692691802978516,-109.56582036908208
000287.pid, car, 3.908321807259015, -15.1335587250559, -3.3643895575874736, 0.6651992201805115,-104.08003246982287
000288.pid, car, 3.9199598312377986, -15.07953162193299, -3.461447834968567, 0.6677036285400391,-105.50371666878283
000289.pid, person, 4.1097047328949055, -15.410931240428589, -3.887364539233121, 0.5980762243270874,-103.45423661746523
000289.pid, car, 3.965025822321582, -15.071658951895582, -3.466540529614403, 0.6644253730773926,-107.8478459059385
000290.pid, person, 4.095424254735319, -15.462763309478769, -3.9160675605138144, 0.6101229786872864,-106.94962502869478
000290.pid, truck, 3.987967738083437, -15.253124816077095, -3.564894241946084, 0.39115220308303833,-103.31604168179362
000291.pid, person, 4.023902440071113, -15.493397521972668, -3.8624843597412117, 0.5663843154907227,-113.88655357217564
000291.pid, truck, 4.017302150726324, -15.220564308166503, -3.5058454895019526, 0.35999351739883423,-111.04266345641602
000292.pid, person, 4.196455478668221, -15.30578184127809, -3.8091544628143312, 0.6065347790718079,-109.40194008776535
000292.pid, truck, 4.057503223419195, -15.212963617764988, -3.5551218986511226, 0.3613443970680237,-111.07226104640918
000293.pid, person, 4.155855941772468, -15.421756458282482, -3.6342914819717413, 0.6655832529067993,-115.9633187157117
000293.pid, truck, 4.046304903030402, -15.252251548767092, -3.527419691085815, 0.34504514932632446,-113.94266926760321
000294.pid, person, 4.2119257648785995, -15.291449308395395, -3.7387592196464543, 0.7116944789886475,-116.20724685041597
000294.pid, truck, 4.097458887100224, -15.246346244812012, -3.5272743988037103, 0.32254067063331604,-118.52550345435023
000295.pid, person, 4.369240313768396, -15.213459730148328, -3.7832015752792363, 0.7401473522186279,-115.55297614444618
000296.pid, person, 4.4381881554921545, -15.249918301900241, -3.858252127965292, 0.7092072367668152,-116.44802968503441
000297.pid, person, 4.499152762549273, -15.250719070434581, -3.8159844194139754, 0.6889458894729614,-121.58872595768815
000298.pid, person, 4.431098673078757, -15.393689473470065, -3.588978370030721, 0.6490429043769836,-124.96528234461587
000299.pid, person, 4.448231432172996, -15.43044842614069, -3.5889443821377225, 0.6401293277740479,-127.9983970177459
000300.pid, person, 4.415633440017706, -15.510787725448619, -3.603234976530075, 0.6721784472465515,43.34388915903183
000300.pid, truck, 4.05341109775362, -15.456631615048362, -3.3269023214067723, 0.3165230453014374,-131.31241596329167
000301.pid, person, 4.560923904180535, -15.266795635223396, -3.5163091123104095, 0.7114249467849731,-122.62793706725432
000302.pid, person, 4.588761234283455, -15.338317871093757, -3.434610255559285, 0.7544332146644592,-130.401969602357
000303.pid, person, 4.48266765945837, -15.426473567360333, -3.429299003199527, 0.7507213354110718,-128.88223134127878
000304.pid, person, 4.655876261847367, -15.343227999550964, -3.3925266265869145, 0.7472605109214783,-133.9485563791737
000305.pid, person, 4.776296819959376, -15.315311431884775, -3.350064294678824, 0.6863557696342468,-130.31323889573653
000306.pid, person, 4.8658813635508285, -15.335182428359994, -3.364742398262024, 0.5015964508056641,-84.20207298936148
000307.pid, person, 4.9431602614266605, -15.461293765476784, -3.4527787821633473, 0.38448333740234375,-111.80158801937367
000308.pid, person, 4.946864207585662, -15.54837481180828, -3.4549484650293985, 0.532627522945404,70.79916942457234
000309.pid, person, 4.93706017732621, -15.617649555206311, -3.4773715734481816, 0.5048803687095642,-122.7118135882586
000309.pid, person, 4.736703634262093, -15.369985103607187, -3.2168138623237614, 0.4900400936603546,-154.83049852624396
000310.pid, person, 4.8225616216659635, -15.518184006214149, -3.331281885504723, 0.49129289388656616,-26.33352970622495
000311.pid, person, 4.808091074228294, -15.575817704200752, -3.340584486722946, 0.6994575262069702,-25.662317272111427
000312.pid, person, 4.80325589460486, -15.619706883149995, -3.343987142338473, 0.7528108954429626,167.40947458158698
000313.pid, person, 4.932229518890389, -15.802046230861132, -3.4921269757407054, 0.7538294196128845,-119.77943809614408
000313.pid, car, 4.304192922733453, -15.62271499633789, -3.3772598637474904, 0.30498358607292175,-167.85692991166056
000314.pid, person, 4.978364058903294, -15.791573115757544, -3.4832032748631074, 0.7309812307357788,-107.40713251153616
000315.pid, person, 4.978891015052805, -15.807312488555919, -3.460980653762818, 0.6758365631103516,-107.31500364389245
000316.pid, person, 5.009402963850241, -15.823063744439029, -3.4645637141333685, 0.7068744897842407,-105.30130172450481
000317.pid, person, 5.046240117814814, -15.799709002176932, -3.4309688674079046, 0.8456119298934937,-89.28749497808323
000318.pid, person, 5.070330572128305, -15.818450355529796, -3.415974569320679, 0.8421702980995178,-84.58737624670539
000318.pid, person, 4.742907319750114, -15.747135026114337, -3.2892792224884038, 0.4582374393939972,-128.89610832910054
000318.pid, person, 3.7494453787803748, -16.16672730445863, -3.799576222896577, 0.33978262543678284,44.199516351760245
000319.pid, person, 5.0906350796039375, -15.809547791114227, -3.3970572581657996, 0.8289079070091248,-72.74893894585836
000319.pid, person, 3.877832412719734, -15.928157567977914, -3.6345943808555603, 0.3173852264881134,-123.22108366362357
000319.pid, bicycle, 4.757346749305736, -15.794278383255016, -3.2990850210189815, 0.5116799473762512,-119.33775616142984
000320.pid, person, 5.09576293826104, -15.825058579444892, -3.3806347995996475, 0.8500248789787292,-71.85333708093958
000320.pid, person, 3.70744172732036, -16.23854446411134, -3.814560492833456, 0.3093903958797455,46.59677717582445
000321.pid, person, 5.112142324447641, -15.826053440570838, -3.3671985864639282, 0.8433230519294739,-23.768644162683344
000322.pid, person, 5.146094220025207, -15.851622036525189, -3.36804347378867, 0.8315759301185608,-72.00448948375339
000323.pid, person, 5.243730862935394, -15.857031901677459, -3.3969790935516357, 0.833336591720581,-74.3124375941266
000323.pid, bicycle, 4.919236278533944, -15.848466873168954, -3.318932151794434, 0.6232472062110901,-113.45278432756669
000324.pid, person, 5.24006382624309, -15.889282862345388, -3.4016463359196987, 0.828850507736206,-86.62144752376352
000324.pid, person, 3.7618509133656914, -16.117519060770686, -3.7928797403971353, 0.36297306418418884,-121.82064233995246
000324.pid, bicycle, 4.979672241210946, -15.80398349761964, -3.314068412780762, 0.6272098422050476,-115.62638177391389
000325.pid, person, 5.214746134621764, -15.902212483542314, -3.3932609728404453, 0.8150454759597778,-91.74271443084689
000325.pid, bicycle, 5.00730021794638, -15.782051086425794, -3.3115058739980068, 0.6843676567077637,-128.7971243950119
000326.pid, person, 5.223562937516442, -15.92116568638729, -3.3901898860931396, 0.822288990020752,-88.75542144854313
000326.pid, person, 3.8619397481282642, -15.966715176900237, -3.6029886404673257, 0.3641352951526642,-116.15226341652843
000326.pid, bicycle, 5.035617033640553, -15.785390218098973, -3.313859224319458, 0.7011967897415161,58.76525651721879
000327.pid, person, 5.277198791503913, -15.923156950208885, -3.399588717354669, 0.8178396821022034,-87.47641481858767
000327.pid, person, 3.747752368450171, -16.162778854370124, -3.7995703816413893, 0.37465566396713257,44.646838289177126
000327.pid, bicycle, 5.068098449707039, -15.798191452026378, -3.3183045864105223, 0.6918407678604126,-116.97451735069467
000328.pid, person, 5.321338480169131, -15.947765610434802, -3.409203117544001, 0.8181801438331604,-85.218896017058
000328.pid, person, 3.8038368701934893, -16.03500347137452, -3.6842432498931883, 0.37220528721809387,56.88627969882709
000328.pid, bicycle, 5.1075930595398, -15.797842597961438, -3.3206580162048347, 0.7097179293632507,-119.18843531697192
000329.pid, person, 5.327052203091716, -15.991655869917446, -3.413678017529575, 0.8053434491157532,-84.32936514678156
000329.pid, bicycle, 5.127525210380563, -15.839899063110366, -3.3298754692077632, 0.6785259246826172,53.75667621781266
000330.pid, person, 5.336787428174708, -15.961024216243207, -3.392663598060608, 0.7864688634872437,-73.64894570165652
000331.pid, person, 5.370066897074389, -15.982380040486659, -3.390730301539103, 0.7891083359718323,-73.66696078745346
000332.pid, person, 5.424615417207998, -16.014982495989127, -3.3902345214571272, 0.8047876954078674,-75.6827673920109
000333.pid, person, 5.481390256148126, -16.08617078340971, -3.401006808647743, 0.8048815131187439,-76.53199664679806
000334.pid, person, 5.495529871720543, -16.066956740159263, -3.3923100141378555, 0.764535129070282,-80.28620743214083
000335.pid, person, 5.549088732401537, -16.116698328653975, -3.4015113512674966, 0.7294487357139587,-84.0618613530226
000336.pid, bicycle, 5.591610060797806, -16.172515975104446, -3.40720632341173, 0.6854990124702454,-81.79363596262911
000337.pid, person, 5.732122421264657, -16.370285987854015, -3.414213836193085, 0.5424887537956238,62.67203025365646
000337.pid, bicycle, 5.6009047985077, -16.06411771774293, -3.396729993820191, 0.669935405254364,-104.44267621618599
000338.pid, person, 5.749716202418018, -16.393574714660655, -3.4127195278803515, 0.6123238205909729,-116.4351570251925
000338.pid, bicycle, 5.643646478652962, -16.04855362574261, -3.391749382019043, 0.6542547941207886,-117.86314571111745
000339.pid, person, 5.80568272726877, -16.38161059788296, -3.4001267637525285, 0.5914586186408997,-114.52323864139095
000339.pid, bicycle, 5.716781003134599, -16.00604738507953, -3.390967130661011, 0.6812517046928406,-134.8413683248251
000339.pid, car, 4.702848827137672, -15.951893021078671, -3.472905229119693, 0.31793612241744995,-7.321486097335644
000340.pid, person, 5.920367990221304, -16.278763771057136, -3.377905300685338, 0.5907206535339355,72.84866207424203
000340.pid, bicycle, 5.729633740016401, -16.02564198630198, -3.403923715863909, 0.6736109852790833,-125.8435104110302
000340.pid, truck, 4.79938836395741, -16.00193750858307, -3.4422224313020693, 0.3056696951389313,172.35154825343716
000341.pid, person, 5.974802289690297, -16.24133804866247, -3.378126893724714, 0.500359296798706,-97.41954583708716
000341.pid, bicycle, 5.792677164077767, -16.03515195846559, -3.4099566539128623, 0.6709018349647522,-127.38218614155596
000341.pid, truck, 4.709782168269163, -15.87983101606369, -3.4288570433855052, 0.32689204812049866,-8.782603542366632
000342.pid, person, 6.020079708099373, -16.18745555877687, -3.3874486684799203, 0.5414761900901794,-89.22895725006327
000342.pid, bicycle, 5.765398979187019, -16.140369415283217, -3.4278687636057534, 0.6773106455802917,-117.36096160725046
000342.pid, truck, 4.89043055261885, -15.977125985281813, -3.4169636113303037, 0.3539103865623474,169.492057006614
000343.pid, person, 6.046825011571258, -16.223614931106578, -3.3755075534184775, 0.6308842301368713,-88.43449327338027
000343.pid, truck, 5.000381072362271, -15.974006017049154, -3.4468956788380924, 0.38774365186691284,166.21651473337172
000344.pid, person, 6.063997705777493, -16.227165301640834, -3.3816685676574707, 0.7418884038925171,-92.64949476944403
000344.pid, car, 4.852807059007539, -15.97889193366556, -3.456755806418026, 0.37808892130851746,-5.544247706904789
000345.pid, person, 6.146589517593393, -16.250511074066175, -3.3852426052093505, 0.7434542179107666,-110.60434608520538
000345.pid, car, 4.859780592076923, -16.059215096866385, -3.4632724032682525, 0.355234831571579,-1.6769323389946118
000346.pid, person, 6.160732428232838, -16.313398043314624, -3.3917718728383384, 0.7229660153388977,-109.89469781800264
000346.pid, truck, 4.994834303855902, -15.959768950939178, -3.4366692006587964, 0.36867213249206543,165.34516287377318
000347.pid, person, 6.196524583376378, -16.34792122474084, -3.4003702310415416, 0.7573299407958984,-108.06965555118802
000347.pid, car, 5.091392946243291, -16.04542814890544, -3.373265361785888, 0.3523673415184021,165.89039602636504
000348.pid, person, 6.22544462030585, -16.42960947210139, -3.39108664339239, 0.6271932125091553,-105.61724729067024
000348.pid, car, 4.924638271331793, -16.0595999399821, -3.4797948678334545, 0.30664607882499695,-7.717940242835722
000349.pid, person, 6.283435197976928, -16.45256262559158, -3.4079591861137977, 0.683265745639801,-84.90572660376844
000350.pid, person, 6.323061513900765, -16.495560264587407, -3.4031830072402953, 0.6233543753623962,-82.85430332141186
000350.pid, truck, 4.84778292038862, -16.01230537190157, -3.5183075596304496, 0.3272135257720947,-12.12927986631561
000351.pid, person, 6.369255946232732, -16.518658124483554, -3.3131667467264028, 0.7592357993125916,-61.366358044655364
000352.pid, person, 6.37307310104371, -16.545447716346157, -3.313821737582867, 0.7682054042816162,-49.702989218223394
000352.pid, truck, 5.318389622370407, -16.264720408121743, -3.300023841857909, 0.36552977561950684,162.55716699259924
000353.pid, person, 6.435589483806072, -16.59275286538261, -3.2994435855320523, 0.7132691144943237,-78.66923350661523
000353.pid, car, 5.3406194511212846, -16.204956757394893, -3.3499030188510286, 0.3107776641845703,159.54641123297304
000354.pid, person, 6.474816755814993, -16.604442076249565, -3.283453789624301, 0.7163650393486023,-87.92090804817246
000354.pid, truck, 5.113294707404249, -16.172192944420708, -3.387156142128838, 0.38713207840919495,161.9688420928738
000355.pid, person, 6.5220110813776735, -16.624548753102626, -3.2810469865798955, 0.7251020669937134,-75.91792755776353
000355.pid, truck, 5.255965550740565, -16.301911301083035, -3.361770007345411, 0.3675644099712372,164.97369953497375
000356.pid, person, 6.496890647070757, -16.632484163556786, -3.3240777594702586, 0.7960537075996399,-110.52860653594678
000356.pid, car, 5.399133934694184, -16.25560575373033, -3.3658774179570807, 0.32334139943122864,159.68628616034485
000357.pid, person, 6.552112469306366, -16.63353039668157, -3.302492013344398, 0.7866483330726624,-140.2363729389688
000357.pid, truck, 5.407299995422371, -16.25319553824032, -3.360958520103902, 0.33367711305618286,160.19506372447697
000358.pid, person, 6.610299513890201, -16.59614797738883, -3.339504682100736, 0.7976436614990234,-56.63552589984288
000359.pid, person, 6.73223797480266, -16.61151583989462, -3.2941575646400456, 0.7337110638618469,-77.90331938769168
000360.pid, person, 6.772326175983144, -16.59998981769269, -3.282690561734713, 0.7819833159446716,-94.89088009944226
000361.pid, person, 6.820071437142119, -16.610296075994324, -3.2984688065268775, 0.7689099311828613,-82.83152144788704
000362.pid, person, 6.849004427591968, -16.60882091522218, -3.256133615970612, 0.7680158019065857,-91.44547933222248
000363.pid, person, 6.883819619814564, -16.613567988077808, -3.2560042738914494, 0.7116259932518005,-93.16949826452387
000364.pid, person, 6.93802197774252, -16.65449301401775, -3.225005149841309, 0.7555866241455078,-82.38248195660404
000365.pid, person, 6.941644081702607, -16.663411213801464, -3.286852854948777, 0.7609631419181824,-80.6899842953095
000365.pid, car, 5.612772534875314, -16.324963625739606, -3.3070283076342406, 0.3004130423069,164.26739461872307
000366.pid, person, 7.00566137754001, -16.663221359252937, -3.260153293609619, 0.7415509223937988,-60.96510581906332
000366.pid, truck, 5.582742333412178, -16.22413052452935, -3.313396387630038, 0.3128516376018524,162.07682140112246
000367.pid, person, 7.0467497018667435, -16.729152679443363, -3.268697335169866, 0.5870172381401062,-73.73448997186816
000367.pid, truck, 5.485161793859387, -16.30821117601897, -3.31350541114807, 0.34472009539604187,163.85364184742926
000368.pid, person, 7.120602020850557, -16.77967291611892, -3.2377394529489374, 0.5899564027786255,-71.51082937692084
000368.pid, truck, 5.624134209420953, -16.295046382480198, -3.2950301567713414, 0.34311148524284363,160.53732793525143
000369.pid, person, 7.141611644199926, -16.76940645490375, -3.2997944184712003, 0.6056206822395325,-73.44393298997338
000369.pid, truck, 5.666493164168471, -16.29015652338664, -3.320548084047105, 0.36747032403945923,160.5902297151232
000370.pid, person, 7.167459901173918, -16.76273714701335, -3.320220947265625, 0.6320511698722839,-64.65349065445409
000371.pid, person, 7.199454593658457, -16.76481704711915, -3.288674513498942, 0.6974242925643921,-66.85671269126522
000372.pid, person, 7.233624594552183, -16.77237238202777, -3.259352922439575, 0.7160318493843079,-60.354823082351565
000372.pid, truck, 5.697969555854803, -16.346351623535156, -3.251886659198336, 0.3542899489402771,162.71871821629773
000373.pid, person, 7.22286015290481, -16.720124758206886, -3.3227735115931583, 0.7650266885757446,-52.75945350623809
000374.pid, person, 7.247956991195685, -16.68300898869833, -3.292457381884257, 0.7843098044395447,-54.83681810964849
000374.pid, truck, 5.413830855313475, -16.162863002103922, -3.313935097526101, 0.3672400116920471,-10.581295345539413
000375.pid, person, 7.242054462432871, -16.657962481180835, -3.2892812490463257, 0.7776772975921631,-63.25121652967139
000375.pid, truck, 5.515247479081159, -16.17191886901856, -3.317744687199591, 0.38287732005119324,-10.525393384352224
000376.pid, person, 7.252077539761871, -16.590913454691577, -3.280432959397634, 0.7862316966056824,-66.01283083623466
000376.pid, car, 5.618857749303189, -16.270249366760254, -3.3187864144643138, 0.3195149004459381,166.77460180748787
000377.pid, person, 7.2632698218027825, -16.553963979085296, -3.2295772234598803, 0.8122588396072388,-56.87122124247478
000377.pid, truck, 5.513562295171957, -16.152563042110867, -3.3285013437271105, 0.350113183259964,-7.47064831305631
000378.pid, person, 7.262331042970938, -16.48349421364921, -3.272452814238412, 0.8172736763954163,-53.68969779721038
000379.pid, person, 7.27524302222513, -16.405348864468667, -3.269175811247393, 0.8178516030311584,-39.34746941760427
000380.pid, person, 7.324045562744149, -16.407870674133314, -3.2649916410446176, 0.8119955062866211,-41.674443636196486
000380.pid, person, 3.822532976374912, -15.71864537631764, -3.459453077877267, 0.33321645855903625,-106.4714493301407
000381.pid, person, 7.2999803622563775, -16.376845200856533, -3.3133207758267726, 0.796596884727478,-40.25586852448323
000382.pid, person, 7.324192404747016, -16.31679598490398, -3.3031885027885437, 0.811310350894928,-35.63838870662088
000383.pid, person, 7.351905822753915, -16.271518413837143, -3.2593275216909556, 0.8039974570274353,-36.67357315688063
000384.pid, person, 7.348717280796604, -16.23279244559152, -3.2345990112849643, 0.807573676109314,-32.843602319453886
000385.pid, person, 7.373718500137335, -16.221590178353452, -3.1983981984002257, 0.7936692237854004,-41.137252231431724
000386.pid, person, 7.366697568159845, -16.190539873563335, -3.2258130220266494, 0.788581132888794,-32.955702045476116
000387.pid, person, 7.303912639617927, -16.14845752716065, -3.2308506965637203, 0.8057587742805481,-160.52848185995444
000388.pid, person, 7.316648996793314, -16.114742352412307, -3.2562912794259877, 0.8000466823577881,-46.79844976385832
000389.pid, person, 7.287325675670924, -16.130275652958804, -3.1626448631286626, 0.7900898456573486,-63.903915108935614
000390.pid, person, 7.234047651290901, -16.122068609510155, -3.2154605388641357, 0.7830041646957397,-99.34962098378296
000391.pid, person, 7.155965988452626, -16.087746546818668, -3.2169755422152004, 0.7715932726860046,-58.87483154928787
000392.pid, person, 7.117973987872793, -16.08163063342755, -3.2192903665395884, 0.7938191890716553,-59.81526570120797
000393.pid, person, 7.058507323265084, -16.07449952761333, -3.232606530189514, 0.7998048663139343,-55.80370707381259
000394.pid, person, 7.037882702691225, -16.081188338143495, -3.2143785953521733, 0.796125590801239,-71.49456307766607
000395.pid, person, 6.992009466344668, -16.093079220164917, -3.2813572883605957, 0.7918521165847778,-72.39001888196569
000396.pid, person, 6.904724216461192, -16.037046051025403, -3.3024977922439582, 0.7837434411048889,-97.04988023728254
000397.pid, person, 6.93827085494996, -15.983707809448248, -3.2568633794784545, 0.7874666452407837,-76.3298501853823
000398.pid, person, 6.8681045638190446, -16.00223795572918, -3.2426947752634683, 0.7474075555801392,-76.0521154478113
000399.pid, person, 6.74792113304139, -15.922469711303723, -3.2893075704574586, 0.798717737197876,-68.01513118249656
000400.pid, person, 6.748721885681161, -15.859918785095227, -3.2836187601089484, 0.7627392411231995,-69.9540822994436
000401.pid, person, 6.731301248073587, -15.954354882240308, -3.2283112406730656, 0.7367888689041138,99.20999452312114
000402.pid, person, 6.672291994094856, -15.88631808757783, -3.258761823177338, 0.7948247790336609,-71.22869369488456
000403.pid, person, 6.635129499435434, -15.847315120697033, -3.2639196157455452, 0.8056697249412537,-69.10833455043851
000403.pid, truck, 5.426979738123283, -15.780359716976394, -3.3819710086373713, 0.3386903703212738,176.12582474602226
000404.pid, person, 6.574248075485238, -15.827897429466258, -3.2906374335289006, 0.7620672583580017,-71.69059946202225
000405.pid, person, 6.5501118898391795, -15.956249117851268, -3.2527904212474823, 0.5676846504211426,76.09682318447797
000406.pid, person, 6.48752935727438, -16.05624993642172, -3.2562332153320312, 0.5441024303436279,-122.93137547689571
000406.pid, truck, 4.996868467330939, -15.85162385304769, -3.440981896718342, 0.325131893157959,2.3813682826280234
000407.pid, person, 6.486798490796779, -15.995977129255037, -3.2500955377306258, 0.6439965963363647,87.82464334660344
000407.pid, truck, 5.183056592941289, -15.868975003560385, -3.3527873833974193, 0.32488083839416504,174.78880401819907
000408.pid, person, 6.419547625950412, -15.942763328552255, -3.2787513051714217, 0.644292950630188,-78.13345309269559
000408.pid, truck, 4.842873796820647, -15.905733048915863, -3.4286601543426505, 0.3901052474975586,4.784131456008771
000409.pid, person, 6.333749771118172, -16.018000875200556, -3.295804500579835, 0.6594544649124146,79.50992796552814
000409.pid, truck, 5.115261004521301, -15.855111782367413, -3.440621265998251, 0.41401323676109314,173.5857924924986
000410.pid, person, 6.332572868892133, -16.051535061427536, -3.280570779527937, 0.7199352979660034,86.42533741823459
000410.pid, car, 5.304495297945466, -15.968551782461313, -3.395341157913207, 0.3408476412296295,175.39589458071916
000411.pid, person, 6.3010276556015095, -16.081310629844676, -3.2864188253879547, 0.6802084445953369,87.31729439919253
000411.pid, truck, 5.007737994194038, -15.866901278495789, -3.3950060904026023, 0.39236512780189514,171.20906182290796
000412.pid, person, 6.190575599670421, -16.045182991027843, -3.3312424421310425, 0.7270515561103821,89.49686366083154
000412.pid, truck, 5.028979217304909, -15.916869612301097, -3.4495819316190826, 0.395285427570343,174.40929147212125
000413.pid, person, 6.190589284896857, -16.060134315490735, -3.3220035791397087, 0.7499787211418152,87.05605913034006
000413.pid, bicycle, 5.976872444152841, -15.82781720161439, -3.383807718753815, 0.7009903788566589,61.48289630470958
000413.pid, car, 5.137404784560211, -15.830923080444336, -3.373071327805518, 0.32552412152290344,169.47281364245066
000414.pid, person, 6.18181037902833, -16.052120327949538, -3.320858418941498, 0.7696068286895752,93.41510734386573
000414.pid, bicycle, 5.932250976562507, -15.828465302785249, -3.3808005650838218, 0.7025015950202942,-113.58987550174808
000415.pid, person, 6.130980423518599, -16.084538187299465, -3.3189888000488286, 0.7934669256210327,93.21611594024951
000415.pid, bicycle, 5.892050425211597, -15.800913492838554, -3.3728251457214355, 0.7131521105766296,-112.88864254715963
000416.pid, person, 6.079561630884815, -16.060717582702647, -3.3304874102274575, 0.7843575477600098,-82.59823761970458
000416.pid, bicycle, 5.825482164110462, -15.823265620640354, -3.372432981218611, 0.7092913389205933,-105.254981357768
000416.pid, car, 4.968249543507899, -15.81369686126709, -3.4340758323669416, 0.3266099691390991,172.9794174051211
