000030.pid, stop_sign, 28.664459652370883, -10.243869675530332, -3.9198308520846874, 0.3965792655944824,159.04687071328405
000031.pid, stop_sign, 31.125283718109134, -18.30865442752838, -3.4885616004466993, 0.3794797658920288,-66.49861699674676
000032.pid, stop_sign, 34.6639872959682, -31.449096952165878, -3.220679691859652, 0.40903741121292114,105.8906922053698
000033.pid, stop_sign, 33.19161592211042, -25.704949651445663, -3.2474198256220133, 0.5251317024230957,-67.51339125848222
000034.pid, stop_sign, 28.652951921735497, -10.239247594560899, -3.9012419836861727, 0.4623669981956482,159.54324536249214
000035.pid, stop_sign, 28.672597612653465, -10.258087839399067, -3.9163129670279355, 0.6069492697715759,160.1373594665184
000036.pid, stop_sign, 30.748778533935553, -16.7913366317749, -3.4427715778350807, 0.5630828142166138,-65.73991709245004
000037.pid, stop_sign, 33.81768798828125, -28.7102239396837, -3.2430174483193275, 0.46770593523979187,105.53168468305554
000038.pid, stop_sign, 33.34504440852574, -26.651434353419713, -3.227907896041868, 0.46696728467941284,-67.66587016142998
000039.pid, stop_sign, 34.66081701006208, -31.34301233291626, -3.0976268393652773, 0.5233809947967529,105.88756987085479
000040.pid, stop_sign, 33.52638317988469, -26.884805239163914, -3.193744182586668, 0.46926528215408325,106.22704607881852
000041.pid, stop_sign, 30.60986349317763, -17.26751232147217, -3.485115581088594, 0.48252829909324646,-68.03425286453412
000042.pid, stop_sign, 34.92665561040243, -31.976907014846805, -3.0260664423306767, 0.44259095191955566,106.15199198364175
000043.pid, stop_sign, 32.65696907043458, -24.699388186136886, -3.357096354166665, 0.4153502583503723,-68.12199372435254
000044.pid, stop_sign, 28.64046614510673, -10.226737976074219, -3.9140572207314617, 0.40619808435440063,-13.417957583849649
000045.pid, stop_sign, 32.445774714152016, -22.890902916590374, -3.295782973368962, 0.4118102490901947,-67.17121799221945
000046.pid, stop_sign, 33.32552967071534, -26.643524551391607, -3.266063034534453, 0.3881658613681793,-67.79173457949466
000047.pid, stop_sign, 28.658496220906574, -10.258158206939699, -3.908713499704995, 0.3632376194000244,161.1312671742926
000048.pid, stop_sign, 32.239015102386475, -22.611478447914124, -3.5458101928234083, 0.33987802267074585,-67.49718286694718
000049.pid, stop_sign, 32.84083903919567, -25.26290442726829, -3.418167666955427, 0.41901102662086487,-68.13800492257383
000050.pid, stop_sign, 28.638242721557624, -10.225944382803783, -3.9137209483555373, 0.43004053831100464,-13.456620961594066
000051.pid, stop_sign, 33.611809031168626, -27.75966167449951, -3.3003958066304504, 0.5553168058395386,105.94821031514014
000052.pid, stop_sign, 28.643356005350753, -10.244805812835695, -3.9206043084462454, 0.5291008949279785,161.61285644187882
000053.pid, stop_sign, 33.886238234383725, -28.15972001211984, -3.1856717297009047, 0.4900461435317993,106.16999042850495
000054.pid, stop_sign, 28.62456925710043, -10.23389848073324, -3.929259379704792, 0.43912994861602783,-12.07276800537377
000055.pid, stop_sign, 33.04532353083293, -25.607894500096638, -3.2105039457480093, 0.3396601974964142,-67.86997979212492
000056.pid, stop_sign, 28.644100189208988, -10.223893301827571, -3.9115944589887337, 0.30019864439964294,160.31537192114652
000057.pid, stop_sign, 34.28612836201986, -29.31439232826233, -3.0802278121312443, 0.43075570464134216,106.40489496160036
000058.pid, stop_sign, 30.995628595352176, -18.47830080986023, -3.6025778949260694, 0.4711433947086334,-67.60662712704195
000059.pid, stop_sign, 28.627827008565266, -10.22540235519409, -3.901038765907286, 0.36773332953453064,-16.209773309696864
000060.pid, stop_sign, 30.72210273742676, -16.7721794128418, -3.452614259719847, 0.3875810205936432,-65.77798269767115
000061.pid, stop_sign, 31.485090800694056, -19.450321469988143, -3.418934600693837, 0.3972705006599426,-66.43842187531115
000062.pid, stop_sign, 34.10170898437501, -29.91127719879151, -3.3616336107254012, 0.4122675061225891,105.60710793419052
000063.pid, stop_sign, 34.778640111287444, -31.17125873565674, -3.0006190697352086, 0.5318480730056763,106.16755424138357
000064.pid, stop_sign, 35.01431172688803, -31.758975537618003, -2.9712916612625113, 0.3786766827106476,106.4820639349793
000065.pid, stop_sign, 33.54049873352051, -26.896128214322605, -3.1965303604419404, 0.41165655851364136,106.27466475822445
000066.pid, stop_sign, 28.62761910756429, -10.232716242472334, -3.9289391040801984, 0.5665487051010132,-12.531445726391215
000067.pid, stop_sign, 32.29870287577311, -21.907459788852268, -3.1613630321290738, 0.48010414838790894,-66.88155716080115
000068.pid, bicycle, 0.15807829350233718, -21.324799346923836, -0.32689169347286207, 0.328212171792984,-111.86098252488546
000068.pid, stop_sign, 35.39722183772496, -33.394583633967805, -2.9951304452759873, 0.47504866123199463,106.29783403953803
000069.pid, stop_sign, 32.95889727274577, -24.892716301812065, -3.2229345507091924, 0.5087552666664124,-67.28142928910893
000070.pid, stop_sign, 28.661198752267023, -10.249516895839148, -3.923900502068655, 0.4149680733680725,162.43350823007364
000071.pid, stop_sign, 28.623270852225172, -10.226817948477613, -3.915579387119837, 0.5136951804161072,-12.719916865863812
000072.pid, stop_sign, 34.31949119567871, -29.70617593129476, -3.1033110221227003, 0.4526832401752472,106.23562944633865
000073.pid, stop_sign, 28.649848620096847, -10.247749328613288, -3.914962490399676, 0.35063838958740234,160.61072600410034
000074.pid, stop_sign, 33.1763645807902, -25.511946439743042, -3.337519923845926, 0.41327354311943054,-67.2611465707341
000076.pid, stop_sign, 33.7888131575151, -28.113050200722434, -3.303241621364245, 0.35023123025894165,106.16487342771283
000077.pid, stop_sign, 28.674027760823574, -10.234691513909237, -3.9200977219475623, 0.40554481744766235,158.91517762637997
000078.pid, stop_sign, 33.2647180557251, -26.775160694122313, -3.380319571495055, 0.3720060884952545,-68.19452176364891
000079.pid, stop_sign, 33.24525674184164, -26.667968193689983, -3.35271382331848, 0.42159926891326904,-67.86328329989618
000080.pid, stop_sign, 28.66880861918132, -10.226434548695883, -3.921000997225441, 0.4244112968444824,151.45207106558266
000081.pid, stop_sign, 28.68784523010254, -10.245863723754885, -3.935461568832396, 0.397562175989151,154.92340647828962
000082.pid, stop_sign, 31.132323026657108, -18.305343866348267, -3.4886891841888406, 0.449674129486084,-66.469655943991
000084.pid, person, -0.17197993211447038, -21.672840595245372, -0.5993021726608271, 0.37848958373069763,144.06217439230565
000084.pid, stop_sign, 34.26389074325562, -29.289390722910564, -3.082417349020638, 0.30806925892829895,106.38768693907689
000085.pid, person, -0.21254712343215232, -21.917995071411145, -0.48399466872215263, 0.331370085477829,-154.35955351585338
000085.pid, stop_sign, 33.682942317082336, -27.767196141756497, -3.190171140890853, 0.38454416394233704,106.17105513587101
000086.pid, stop_sign, 28.630781173706055, -10.224991480509445, -3.8993459939956647, 0.30381307005882263,-12.192093823150124
000087.pid, stop_sign, 33.73233883197491, -27.927702536949745, -3.1802859398034893, 0.5212793946266174,106.0224570447791
000088.pid, stop_sign, 28.69781227111817, -10.249300575256353, -3.929919433593748, 0.5144352316856384,155.11989330170533
000089.pid, stop_sign, 32.902337604098854, -24.67194472418891, -3.422232230504352, 0.5165970325469971,-67.08589366077561
000090.pid, stop_sign, 34.363862991333015, -30.5164207311777, -3.310941356879013, 0.5022644996643066,105.77936671565807
000091.pid, stop_sign, 28.63383620125907, -10.221359661647252, -3.9158856528145916, 0.4426523745059967,-12.835451323951858
000092.pid, stop_sign, 32.85649553934733, -24.786531342400444, -3.62483943833245, 0.4270460903644562,-67.43858240076338
000093.pid, stop_sign, 34.82767105102539, -32.20348874727885, -3.0679482916990897, 0.6220895648002625,105.54773353427761
000094.pid, stop_sign, 29.756621497018, -15.023436818804063, -3.6525329862322105, 0.5783050060272217,-70.4330543310441
000095.pid, stop_sign, 33.461618169148764, -25.8199405670166, -3.2503926992416368, 0.6322858929634094,-66.80741900935143
000096.pid, stop_sign, 33.64226135840783, -26.855135917663574, -3.105191221603979, 0.6457282304763794,-67.24339147023161
000097.pid, stop_sign, 28.644422531127933, -10.224167278834754, -3.9134521824972954, 0.51496821641922,-11.983328752369708
000098.pid, person, -0.1382453851401717, -21.92046594619752, -0.4783125519752498, 0.39565762877464294,14.656191447377868
000098.pid, stop_sign, 34.01827116573559, -28.82555473552031, -3.153749809545628, 0.5822657346725464,106.04079409889506
000099.pid, stop_sign, 28.6341298421224, -10.241731166839601, -3.924444198608397, 0.5000354051589966,161.49310293117264
000100.pid, stop_sign, 33.62276102701823, -27.78758220672608, -3.2534624735514317, 0.5656510591506958,105.91779416936456
000101.pid, stop_sign, 28.628415788922997, -10.2237606048584, -3.915663174220493, 0.5292423963546753,160.54531704491836
000102.pid, stop_sign, 31.939399719238285, -20.99395306905111, -3.3249835968017556, 0.5283250212669373,-66.41500046859719
000103.pid, stop_sign, 34.588769504002165, -30.150252069745743, -3.0077065399714864, 0.6253713965415955,106.38200832662748
000104.pid, stop_sign, 30.633456336127395, -17.476487159729004, -3.675535043080646, 0.4761258363723755,-68.19510520498946
000105.pid, stop_sign, 28.613465627034504, -10.214687983194992, -3.910961707433063, 0.37484458088874817,-10.764854823015703
000106.pid, stop_sign, 33.74334983825683, -26.275530624389653, -3.0868476867675767, 0.3891907334327698,-66.09036704538278
000107.pid, stop_sign, 33.69383725253019, -28.227136525240812, -3.2443684664639547, 0.4148316979408264,105.74220126670744
000108.pid, stop_sign, 34.022268295288086, -28.984320640563965, -3.182136731488363, 0.4125936031341553,106.09568643560685
000109.pid, stop_sign, 34.35917854309082, -29.896157646179198, -3.1880464394887285, 0.4767802953720093,106.28129223936449
000110.pid, stop_sign, 29.81732559204102, -14.382047057151805, -3.8436889648437482, 0.4643445909023285,-67.82699974754141
000111.pid, stop_sign, 31.13363027572632, -18.311080694198616, -3.4886093884706475, 0.4644160568714142,-66.45568178790981
000112.pid, stop_sign, 29.96284076145718, -14.968662806919648, -3.82734155654907, 0.34387636184692383,-67.79400134431813
000113.pid, stop_sign, 35.11988317049467, -32.98737731346717, -3.1073710368229777, 0.47669610381126404,105.98085229543607
000114.pid, stop_sign, 34.57109555331144, -31.11750888824463, -3.1933612606742154, 0.5049732327461243,105.7765605545634
000115.pid, stop_sign, 28.63278357187907, -10.241090933481857, -3.9248842795689876, 0.49534791707992554,161.82175525045722
000116.pid, stop_sign, 32.13931153037332, -22.228116729042746, -3.47095868804238, 0.4599573314189911,-67.3520450539153
000117.pid, stop_sign, 33.82176035100763, -26.785648172551934, -2.96977825598283, 0.4788835644721985,107.1436839055279
000118.pid, stop_sign, 28.643281119210382, -10.224674088614327, -3.911742857524325, 0.5428658723831177,-13.649622243739046
000119.pid, stop_sign, 35.0291790008545, -31.952149391174316, -3.058285919825234, 0.4979987144470215,106.51502648533169
000120.pid, stop_sign, 30.007376670837402, -15.848282178242998, -3.665728449821471, 0.4829375445842743,-70.43729284974324
000121.pid, stop_sign, 33.97017683301653, -29.00484132766724, -3.251665915761674, 0.4710642695426941,105.97337433576865
000122.pid, stop_sign, 28.615048090616867, -10.212691942850753, -3.9102615912755305, 0.42059460282325745,-12.882739758675104
000123.pid, stop_sign, 34.56516236525316, -30.280766340402458, -3.077118745216955, 0.5379631519317627,106.45902397838124
000124.pid, stop_sign, 32.29712657928467, -23.499293613433842, -3.4177745819091783, 0.4833395481109619,-68.20033174553882
000125.pid, stop_sign, 29.547055925641747, -12.984445980616982, -3.597476346152168, 0.4538680911064148,-66.15914579780411
000126.pid, stop_sign, 30.14484214782715, -14.909436770847865, -3.603587576321192, 0.5124956965446472,-65.84751583949415
000127.pid, stop_sign, 33.534421348571776, -26.741982078552248, -3.246442878246307, 0.5456641316413879,-67.40133848763014
000128.pid, stop_sign, 34.562136576725884, -30.26908676440899, -3.071260085472692, 0.4623987078666687,106.40866455780352
000129.pid, stop_sign, 34.63499402999878, -30.588637232780457, -3.116066329181194, 0.47548866271972656,106.49384101688847
000130.pid, stop_sign, 33.64397855905386, -27.9381945683406, -3.2458802369924675, 0.43746015429496765,105.927628371543
000131.pid, stop_sign, 31.07597841535296, -19.76382541656494, -3.543238435472759, 0.5139285922050476,-69.14684987756107
000132.pid, stop_sign, 31.952548662821453, -21.012261549631756, -3.315202275911965, 0.474210649728775,-66.4690740766325
000133.pid, stop_sign, 33.899545669555664, -27.82305981131161, -3.144037106457878, 0.5715159177780151,106.37722595630498
000134.pid, stop_sign, 33.3407169342041, -26.74184579849243, -3.4350816965103137, 0.5222883224487305,-67.78828462984254
000135.pid, stop_sign, 28.60827522277832, -10.22630062103272, -3.9190770149230945, 0.48794791102409363,-14.030774893621977
000136.pid, stop_sign, 28.676287651062015, -10.253821730613716, -3.9274427890777566, 0.4453117549419403,161.2524563611755
000137.pid, stop_sign, 28.667993545532227, -10.242986679077152, -3.910494232177733, 0.4321897625923157,161.7389419988728
000138.pid, stop_sign, 33.22440735499064, -25.621900796890262, -3.2708457509676605, 0.4760581851005554,-67.23380666826495
000139.pid, stop_sign, 32.830998334017664, -25.2538386258212, -3.42342332276431, 0.5192530155181885,-68.12449652578763
000140.pid, stop_sign, 28.644586563110355, -10.246391614278162, -3.919181903203326, 0.5140269994735718,-13.335772568551587
000141.pid, stop_sign, 33.47408676147461, -25.72994958437406, -3.16502022743225, 0.4968549609184265,-66.66564634181572
000142.pid, stop_sign, 30.487147903442388, -16.59393806457519, -3.650764703750609, 0.524597704410553,-67.14025041719748
000143.pid, stop_sign, 33.01148173014323, -24.7267858505249, -3.346910222371418, 0.4886815547943115,-67.12205426124947
000144.pid, stop_sign, 28.64080047607422, -10.228903089250839, -3.9108800888061515, 0.4679470658302307,-13.609932632999506
000145.pid, stop_sign, 28.610328674316413, -10.244462251663215, -3.8872862458229043, 0.5151733160018921,-12.664101024739757
000146.pid, stop_sign, 30.38014157613119, -15.679687976837164, -3.545596877733864, 0.3934415876865387,-65.80210191386035
000147.pid, stop_sign, 33.648227104773895, -27.90579003554124, -3.30424404144287, 0.37530502676963806,105.84692124066906
000148.pid, stop_sign, 34.53421181898851, -30.360484710106483, -3.1300183534622184, 0.46962621808052063,106.28763135894899
000149.pid, stop_sign, 33.726116327139046, -28.028719021723823, -3.275107273688681, 0.4526548981666565,106.08544296806163
000150.pid, stop_sign, 33.18680681501117, -25.819285120282853, -3.2284359761646804, 0.4457561671733856,-67.62617227223893
000151.pid, stop_sign, 32.13272597573021, -22.09630159898238, -3.4303076483986574, 0.44121894240379333,-67.26708261623918
000152.pid, person, 9.02179241180421, -17.37634963989259, -3.9422024726867675, 0.368321031332016,1.4173296782551583
000152.pid, stop_sign, 28.681552569071457, -10.22129774093628, -3.924193819363909, 0.4885014295578003,151.47752166058658
000153.pid, stop_sign, 33.943127950032554, -28.070022837320963, -3.074814430872598, 0.5168477892875671,106.09656897638327
000154.pid, stop_sign, 28.6403181893485, -10.225600515093126, -3.9134140014648415, 0.4897036552429199,-13.769301377418117
000155.pid, stop_sign, 33.04837920448997, -25.14572473005815, -3.4132058837197037, 0.3808373212814331,-67.13113178684182
000156.pid, stop_sign, 33.2397933959961, -26.761459732055663, -3.3675235509872423, 0.367500901222229,-68.0988599165849
000157.pid, stop_sign, 28.63234765189035, -10.224662099565778, -3.9168126923697315, 0.35795900225639343,-12.710754457949964
000158.pid, stop_sign, 33.73123873197115, -28.030712787921612, -3.2774989054753214, 0.443844735622406,106.12182408441748
000159.pid, stop_sign, 30.71217422485352, -16.7679708480835, -3.455044960975647, 0.43801552057266235,-65.80092056058695
000160.pid, stop_sign, 28.627661841256277, -10.230665206909181, -3.910481929779052, 0.4462539553642273,-13.100008220509348
000161.pid, stop_sign, 33.854056725135216, -27.935626983642578, -3.2346082834097043, 0.4339574873447418,106.37347711860785
000162.pid, stop_sign, 34.50077854503285, -31.134456027637828, -3.331872614947231, 0.3669128715991974,105.75744667057204
000163.pid, stop_sign, 28.640933718000145, -10.223618916102817, -3.9126625401633115, 0.3732646405696869,160.48410553662612
000164.pid, stop_sign, 33.571149031321205, -26.615352153778076, -3.35227976242701, 0.4481281638145447,-66.87850128492428
000165.pid, stop_sign, 33.88197413357821, -28.091482335870918, -3.242680051110007, 0.44898125529289246,106.41404228397982
000166.pid, stop_sign, 28.634843826293945, -10.226901463099889, -3.9125873020717057, 0.38285112380981445,-12.229144762812393
000167.pid, stop_sign, 33.89055993821886, -28.58024236891005, -3.503951019710964, 0.43288320302963257,105.88141170759661
000168.pid, person, 9.596339416503914, -17.721416473388683, -4.006608438491822, 0.4876631498336792,-124.36138919002997
000168.pid, stop_sign, 32.10876482183283, -22.19089984893799, -3.5001374157992258, 0.3172290027141571,-67.45890779315096
000169.pid, stop_sign, 29.995919908796047, -14.927022525242398, -3.832268204007828, 0.4176795780658722,-67.21246935352764
000170.pid, person, 9.647289276123058, -17.794125747680678, -3.9983987331390387, 0.38755032420158386,57.19102970108316
000170.pid, stop_sign, 28.627038319905605, -10.229615847269697, -3.898737271626788, 0.4071810245513916,-13.163784664388096
000171.pid, person, 9.612550497055063, -17.78216028213502, -4.006578624248505, 0.41859304904937744,99.18741746753555
000171.pid, stop_sign, 28.64655658176967, -10.227874347141812, -3.9109950406210747, 0.5179955959320068,-14.202993947006956
000172.pid, person, 9.67818260192872, -17.63005943298341, -3.978709602355957, 0.3901667296886444,114.92064599325435
000172.pid, stop_sign, 28.62735830034529, -10.215641839163649, -3.9215251718248623, 0.44376176595687866,-11.38293250130901
000173.pid, stop_sign, 31.172278812953405, -19.632516316005162, -3.3793183054242806, 0.5164949893951416,-68.9558948718417
000174.pid, stop_sign, 32.908141454060875, -24.81955782572429, -3.1753554476631987, 0.3436364531517029,-67.27497473405364
000175.pid, stop_sign, 34.057626247406006, -29.36038891474406, -3.2484347422917677, 0.32480815052986145,105.87821830894879
000176.pid, person, 9.795893124171675, -17.70719173976354, -3.9839530672345846, 0.3461906611919403,124.40115829619772
000176.pid, stop_sign, 32.477796363830564, -23.42267475128174, -3.589222455024718, 0.4034235179424286,-67.37878391052732
000177.pid, stop_sign, 33.23963356018067, -26.75400333404541, -3.4043931484222396, 0.47690901160240173,-68.08069264810001
000178.pid, stop_sign, 28.644089290073943, -10.22628498077393, -3.9131430557795923, 0.3904944360256195,-12.582720575079332
000179.pid, person, 9.770609140396125, -17.63718366622926, -3.957562506198884, 0.33726996183395386,-45.92934778125254
000179.pid, stop_sign, 34.34604791494516, -29.44059122525729, -3.197651202862078, 0.4761093556880951,106.30464318705272
000180.pid, stop_sign, 32.651194953918456, -23.358281040191653, -3.197713923454283, 0.4599637985229492,-66.69527328075958
000181.pid, stop_sign, 28.638904844011584, -10.228383064270023, -3.9100657190595336, 0.6156211495399475,-13.185547174852005
000182.pid, stop_sign, 34.15374442509243, -29.018233435494558, -3.2575281006949277, 0.5192399621009827,106.45487671530805
000183.pid, stop_sign, 32.11517786979676, -22.542469739913944, -3.4519513547420484, 0.4514943063259125,-67.84718272067946
000184.pid, person, 9.879165543450256, -17.815414640638572, -3.9815615812937417, 0.31510162353515625,155.31609680359432
000184.pid, stop_sign, 30.955761909484867, -18.352722287178047, -3.6847212314605704, 0.48480287194252014,-67.58121850768848
000185.pid, stop_sign, 33.66523522597093, -27.905974534841693, -3.310987380834725, 0.5018917322158813,105.73791595462325
000186.pid, person, 9.944746547275129, -17.92064476013185, -3.9836726983388266, 0.31878599524497986,163.63702403103372
000186.pid, stop_sign, 28.65565147399903, -10.198160362243659, -3.918991708755491, 0.5154504179954529,-15.572211267792056
000187.pid, stop_sign, 33.19927062988281, -26.60157241821289, -3.3579251289367655, 0.5117119550704956,-68.15019051293692
000188.pid, stop_sign, 32.86522934653542, -24.911284620111644, -3.4588005109266784, 0.502433180809021,-67.61557784235563
000189.pid, stop_sign, 28.64886501857213, -10.2237264088222, -3.9126910141536158, 0.5084478259086609,163.51497530005622
000190.pid, motorcycle, 10.059684038162239, -17.984454870224006, -3.9867376685142526, 0.30321452021598816,116.87947979663168
000190.pid, stop_sign, 33.63229872963646, -27.08375748721036, -3.098634448918428, 0.5442814826965332,106.23207432632127
000191.pid, motorcycle, 10.159020529852983, -18.029278437296558, -3.949916786617703, 0.3452335298061371,117.19648305081587
000191.pid, stop_sign, 32.812093098958336, -24.886799388461647, -3.3197875552707234, 0.5148770809173584,-67.57865680642297
000192.pid, stop_sign, 28.629829406738285, -10.255017280578615, -3.8830397129058825, 0.5395205020904541,147.99001149328768
000193.pid, stop_sign, 33.07713402642145, -24.797441270616318, -3.0925958951314283, 0.4693027436733246,-66.66195620378201
000194.pid, person, 10.192901717291946, -18.107746548122844, -3.9465225537618003, 0.33850452303886414,143.31011838907247
000194.pid, stop_sign, 34.09734185536703, -29.276710033416748, -3.1263839900493604, 0.3683091700077057,106.12346488493624
000195.pid, motorcycle, 10.164885838826509, -18.277828640408, -4.038083182440864, 0.3571569621562958,-79.61141824342874
000195.pid, stop_sign, 30.00764192853656, -14.886976787022183, -3.63302639552525, 0.4161239564418793,-67.11903365680942
000196.pid, stop_sign, 32.295437335968025, -22.289965391159065, -3.3223760426044446, 0.4577353298664093,-66.94883723744238
000197.pid, stop_sign, 32.768106188092915, -24.303163255964012, -3.291778768811905, 0.3783996105194092,-67.2204248785855
000198.pid, stop_sign, 33.31931577410017, -26.549035004207067, -3.2392585362706856, 0.3792600929737091,-67.6695530982573
000199.pid, stop_sign, 30.861402299669052, -17.404711087544765, -3.528591791788736, 0.3873775005340576,-66.52076228928394
000200.pid, stop_sign, 32.225550174713135, -22.59799289703369, -3.359661877155302, 0.4980466663837433,-67.31817388144094
000201.pid, motorcycle, 10.42117182413738, -18.264832178751636, -3.9032968944973425, 0.42083075642585754,152.73373235437384
000201.pid, stop_sign, 34.06052287419637, -29.39845681190491, -3.375427921613056, 0.6041322350502014,105.8267301180938
000202.pid, motorcycle, 10.467339229583747, -18.688442420959483, -4.063815236091614, 0.437782883644104,-97.00479113865705
000202.pid, stop_sign, 28.619992891947433, -10.24627955754598, -3.890264153480528, 0.4360426664352417,-27.04784868998592
000203.pid, motorcycle, 10.535800192091209, -18.404701020982543, -3.8614082866244845, 0.38247135281562805,125.83839079014248
000204.pid, car, 10.280257275230008, 23.766764841581644, -3.7336837241524137, 0.301282674074173,-83.00892983557856
000204.pid, stop_sign, 28.65828132629395, -10.208065441676553, -3.9092962741851798, 0.30710363388061523,-16.739507378877708
000205.pid, car, 10.357088420702066, 26.69132182909095, -3.736396229785421, 0.3482852578163147,109.99100342022236
000206.pid, stop_sign, 33.05125745137533, -26.521545569101974, -3.1650085647900887, 0.30517351627349854,-68.56718559728003
000207.pid, stop_sign, 33.34355621337891, -26.73517065048218, -3.336599564552306, 0.4909139573574066,-67.83476075465433
000208.pid, person, 10.44119386672974, 23.22063522338867, -4.29331088066101, 0.3337193429470062,105.12513339149618
000208.pid, stop_sign, 28.642713819231307, -10.218750817435124, -3.9142762933458584, 0.3142586946487427,-4.147249463886025
000209.pid, stop_sign, 34.92742602030436, -32.29629622565376, -3.0610149436526806, 0.3302353024482727,105.53987949366858
000219.pid, car, 13.431675878064388, 9.165829066572519, -3.8580200672149654, 0.3097568154335022,84.83039767226387
000220.pid, car, 13.496743904916867, 7.571095240743537, -3.771177969480815, 0.3436470329761505,70.28087352656222
000221.pid, motorcycle, 11.10184301648822, -18.890936306544717, -3.5827465227672026, 0.35413241386413574,-38.10545449054671
000225.pid, stop_sign, 37.87755457560221, -43.274298350016274, -2.9049359162648507, 0.3895268738269806,78.71719911109358
000226.pid, stop_sign, 28.592604500906816, -10.276172774178649, -3.8916771752493706, 0.42876118421554565,-0.6332545168959403
000227.pid, stop_sign, 32.77636840126732, -25.170788331465292, -3.397852117365055, 0.31856828927993774,-68.01582739381092
000228.pid, stop_sign, 28.597723325093593, -10.397433121999114, -3.9036022424697854, 0.34962719678878784,151.5398729596829
000229.pid, person, 10.976998805999761, -14.159570370401658, -3.607450093541826, 0.46037888526916504,93.21069207961636
000230.pid, person, 10.946897574833466, -14.166424989700321, -3.6022514956338054, 0.31146469712257385,93.26761373907914
000230.pid, stop_sign, 28.544199807303293, -10.522728102547784, -3.8799347196306475, 0.40048715472221375,-30.25833230008024
000231.pid, stop_sign, 28.53325516836984, -10.576030322483605, -3.877116782324653, 0.3133222460746765,-34.3479528909553
000232.pid, stop_sign, 32.14186401367188, -23.48923463821411, -3.377992773056028, 0.40421760082244873,-67.65908416001668
000234.pid, person, 10.988436698913581, -13.420502523581192, -3.6386812130610138, 0.3098728656768799,93.73657901187369
000234.pid, stop_sign, 29.77195167541504, -15.264995438711981, -3.696608373097009, 0.3546713888645172,-66.5082036092293
000235.pid, person, 11.072425475487346, -13.893410288370577, -3.6324820335094734, 0.3883172571659088,93.89839339774421
000236.pid, person, 11.503521982828783, -19.270391972859706, -3.53841676712036, 0.31637075543403625,-31.86134752764235
000236.pid, bicycle, 11.503521982828783, -19.27039197285971, -3.5384167671203612, 0.3225347399711609,-31.861347527642188
000237.pid, person, 11.179515004158022, -14.925831131637096, -3.6003109067678443, 0.34385842084884644,93.76153353162867
000237.pid, stop_sign, 28.324925231933594, -11.135700893402102, -3.7815831184387187, 0.33886754512786865,152.60989538968343
000238.pid, stop_sign, 33.77880055563791, -29.423721109117782, -3.095040168081011, 0.30581969022750854,106.99143599852027
000239.pid, person, 11.178590647379563, -14.646967244148259, -3.6093336264292395, 0.36584487557411194,94.02488181241117
000240.pid, person, 11.132064755757655, -13.533663908640543, -3.6712769190470373, 0.337764173746109,94.07446307236998
000241.pid, stop_sign, 28.090219497680668, -11.636843681335451, -3.749986833996241, 0.5157678127288818,-26.809263562433735
000242.pid, stop_sign, 30.4138629436493, -19.48252010345459, -3.4643226861953726, 0.5175025463104248,-66.45438684385195
000243.pid, person, 28.007444109235497, -11.935093334742957, -3.709779671260288, 0.369156152009964,163.13156309146646
000244.pid, person, 29.490070025126144, -17.258028984069828, -3.5348622401555367, 0.3426414430141449,-66.96841870084333
000244.pid, person, 11.158176845974397, -13.656913850042562, -3.6212934388054734, 0.3331502079963684,94.35551761412958
000246.pid, car, 16.53238339857622, -7.289073705673223, -3.614976546981118, 0.7780999541282654,-73.6162184488374
000247.pid, person, 27.806472396850587, -12.424234485626224, -3.6616443395614615, 0.3794303834438324,-7.1802012475050745
000247.pid, car, 18.066515456798466, -9.187778716863589, -3.2321893725284303, 0.39170461893081665,112.49464681192389
000248.pid, car, 18.242770113263813, -9.507302597590854, -3.167470380238124, 0.377027690410614,-57.420352375514824
000249.pid, car, 18.305138288225447, -9.746899414062502, -3.1609202316829133, 0.44787871837615967,-55.21658457950118
000250.pid, car, 18.653407072409607, -10.078560988108318, -3.0721439459385014, 0.3963778614997864,-64.52985106322234
000252.pid, person, 27.53182559543186, -13.051080173916288, -3.6760449144575316, 0.3606225848197937,-21.910726242286692
000253.pid, car, 19.22234926725689, -10.971234974108246, -3.1237800811466414, 0.3562982380390167,-56.64059221409684
000254.pid, car, 18.424481800624307, -10.3278649875096, -3.2427317755562917, 0.8608291745185852,-69.39548108480105
000254.pid, car, 19.401738860390406, -10.998832615939053, -3.073860818689519, 0.5033145546913147,-56.5044606405131
000254.pid, dog, 11.995677198682525, -19.991418702261797, -3.5802337442125594, 0.30387431383132935,-145.88650009860353
000255.pid, car, 19.504676586244166, -11.299862024260733, -3.116416779960074, 0.8388093113899231,-58.63719124281531
000256.pid, car, 19.6621083577474, -11.403929858737524, -3.0563573837280273, 0.89517742395401,-56.20522438085101
000257.pid, car, 19.96206514886085, -11.769411979837622, -3.114144355692762, 0.8158535957336426,-54.69549456802828
000258.pid, car, 20.276069045066837, -12.02275077501933, -3.0184383591016135, 0.9080120921134949,-50.97647121370165
000259.pid, car, 20.457901710687683, -12.22174473695977, -3.073367190915485, 0.9224386215209961,-51.774460493849766
000260.pid, car, 20.66727202871572, -12.33790090809698, -3.0393492605375205, 0.8935309648513794,-50.14863246534874
000260.pid, car, 21.0929183278765, -12.60566324847085, -3.0685804358550475, 0.31265100836753845,-43.03970653792616
000261.pid, car, 20.913073387146, -12.67789598464966, -3.02487651348114, 0.9245247840881348,-49.32261617389139
000261.pid, car, 20.29386978149414, -12.264137922014509, -3.088389614650181, 0.33960437774658203,-58.43314002194207
000261.pid, car, 21.724014649024376, -13.185644369858961, -3.0430338199322033, 0.32253965735435486,121.154665043508
000262.pid, car, 20.98567979986018, -12.72556030967019, -3.0070825186642733, 0.9163561463356018,-45.86598939927586
000262.pid, car, 20.340190775254193, -12.386589891770308, -3.112468018251306, 0.35986676812171936,115.01867511997008
000262.pid, car, 21.613923885204176, -13.153785776208949, -3.0146740233456644, 0.33729445934295654,119.80509064233557
000263.pid, car, 21.222929477691654, -12.84350809183988, -3.0154800306666982, 0.9020815491676331,-46.13965114742608
000264.pid, person, 27.020598729451503, -14.685649553934732, -3.4321904977162663, 0.34598830342292786,161.68886694279487
000264.pid, person, 12.264532852172856, -20.50763111114502, -3.5869054794311515, 0.34230837225914,-142.52676270107787
000264.pid, car, 21.357566274445638, -13.03383702245252, -3.0218895755965134, 0.8799256086349487,-42.78535893527766
000265.pid, car, 21.31449724833171, -12.944084119796754, -3.0237324833869934, 0.8981078267097473,-40.37979942582172
000266.pid, car, 21.755244439108335, -13.285065149006092, -3.026965392263312, 0.9018369913101196,-42.73044964627014
000267.pid, car, 21.813184601919996, -13.432026539530074, -3.059992415564401, 0.7775242328643799,-38.34296736247931
000268.pid, car, 21.847184333248418, -13.434825164684353, -3.0558463525081025, 0.9008686542510986,-39.33492086032818
000269.pid, car, 21.92656956949542, -13.480367106776086, -3.0457852886569117, 0.9010099172592163,-35.27468607764688
000270.pid, car, 21.948537513857985, -13.571088102997328, -3.01919074918403, 0.8992834091186523,-37.69567563035977
000271.pid, car, 22.032926594769517, -13.592239485846628, -3.039033951582732, 0.8883149027824402,-35.10263739746762
000272.pid, car, 21.975821000558362, -13.626943288026034, -3.078802559110853, 0.8972179293632507,-35.61515640415093
000273.pid, car, 22.19732975137645, -13.679675743497652, -3.074446361640404, 0.8989785313606262,-34.8287520496072
000274.pid, car, 22.14650684292034, -13.606691247325834, -3.1105065184124445, 0.8939489722251892,-32.105587356898226
000275.pid, car, 22.006914755014275, -13.63978506234976, -3.088399956776546, 0.8861957788467407,-34.64831385894568
000276.pid, person, 12.512360890706388, -21.10845470428468, -3.532522598902382, 0.30341726541519165,-142.02461674864634
000276.pid, car, 22.063066667126076, -13.673737802813132, -3.0687109039675806, 0.8882506489753723,-32.057949068766035
000277.pid, car, 21.965667930016153, -13.538465162423943, -3.1032842452709493, 0.8995635509490967,-34.040060240869835
000278.pid, car, 22.06308705012004, -13.638104724884036, -3.071588162581126, 0.8921834826469421,-34.84314787783153
000279.pid, car, 22.18348356393668, -13.671045413384073, -3.1224513879189124, 0.9036999344825745,138.61997125251176
000280.pid, car, 22.170230959282552, -13.697211187393942, -3.065009121034967, 0.9009842276573181,-33.70625229406006
000281.pid, car, 22.15876443569477, -13.669411824299742, -3.1435216940366306, 0.9092424511909485,139.52169102093106
000282.pid, car, 22.06800963661888, -13.687037866765804, -3.134795800122348, 0.9042556881904602,139.18591067068715
000283.pid, car, 22.059990837460475, -13.652892037043497, -3.0794638187166243, 0.9107794165611267,-35.47274502613592
000284.pid, car, 22.066143682447535, -13.63513224003679, -3.0910469839128396, 0.9148585796356201,-34.50812591535261
000285.pid, car, 22.184136424745837, -13.762795192854748, -3.147224477359227, 0.9080653786659241,141.49689152743548
000286.pid, person, 25.834175109863285, -17.49444304572212, -3.295781003104316, 0.3105626702308655,165.76556487484996
000286.pid, car, 22.127508848905567, -13.743344441056253, -3.103187493979931, 0.9139174818992615,-33.254082620440755
000287.pid, car, 22.05565640330315, -13.599242851138117, -3.0825588181614876, 0.9093881249427795,-33.161382674875135
000288.pid, car, 22.01741965611776, -13.468864329655966, -3.116193648179372, 0.9099554419517517,-35.30862547863386
000288.pid, car, 21.691179058768533, -13.149319713765925, -3.061201962557705, 0.5320320725440979,-34.531174362066025
000289.pid, car, 22.156946323536065, -13.680787792912238, -3.1195204611177796, 0.9079504609107971,-31.80792180930237
000290.pid, car, 21.986622988167458, -13.539111622309283, -3.0943559307163047, 0.9042119979858398,-34.785776526306094
000290.pid, car, 21.74655168321398, -13.28706209394667, -3.0358892758687333, 0.41276001930236816,-37.27582935368396
000291.pid, car, 22.068261951208118, -13.650042772293093, -3.117243763059378, 0.9112460613250732,-31.608334503243647
000292.pid, car, 22.09670597314835, -13.620628774166109, -3.073497373610735, 0.9153030514717102,-34.51733406373315
000292.pid, car, 21.85174382816662, -13.338003765452992, -3.00215289809487, 0.3620467185974121,-37.59047151276268
000293.pid, car, 21.71773924827576, -13.170185017585757, -3.003056681156159, 0.9066711068153381,-34.81116610258432
000293.pid, car, 22.074090639750164, -13.649821622031078, -3.0201169195629296, 0.46400725841522217,-43.36864639905366
000294.pid, car, 21.99597305721707, -13.39589481883579, -3.076295773188273, 0.9061634540557861,-44.34572764695387
000294.pid, car, 22.362624692916874, -13.904941487312318, -3.147688019275665, 0.4773845970630646,-46.239399745408925
000295.pid, car, 21.986686216081896, -13.4992185320173, -3.0036858763013567, 0.9086363315582275,-43.44672578573495
000295.pid, car, 22.46029257774353, -14.018028783798218, -3.0919405937194817, 0.49598169326782227,-45.36025778828416
000296.pid, car, 22.030385547214088, -13.607287459903295, -3.0584387646781077, 0.918482780456543,-45.13445189430738
000297.pid, car, 22.406659636386607, -14.084054436794549, -3.069140229114267, 0.9082523584365845,-48.92724422567714
000298.pid, car, 22.482616371578644, -14.179729037814674, -3.0702355636490717, 0.9057174324989319,-50.062728879119426
000299.pid, car, 22.243151200123325, -13.984473937597032, -3.101224501927694, 0.9082334041595459,-47.924503703511306
000300.pid, car, 22.41508709756952, -14.020072585658026, -3.096413938622726, 0.9082789421081543,-50.776315185448006
000301.pid, car, 22.354961633682255, -14.113995289802554, -3.128012561798096, 0.9050989151000977,-51.956692334544115
000302.pid, car, 22.43982475682309, -14.232518171009268, -3.0820426313500655, 0.9097129702568054,-53.10713341308526
000303.pid, car, 22.10757684707642, -13.978434297773576, -3.1211831503444247, 0.9076123237609863,-52.97964127288945
000304.pid, car, 22.19192940149552, -14.017027219136558, -3.0855580232082267, 0.9051743149757385,-54.202113806977316
000305.pid, car, 22.34470955530803, -14.319108247756962, -3.120308326350318, 0.9089296460151672,-55.53667327804342
000306.pid, car, 22.451429790920685, -14.433972040812177, -3.097954716947344, 0.9116812348365784,-56.21021071518465
000307.pid, car, 22.494690192373177, -14.762097057543306, -3.152508992897837, 0.8484119772911072,-57.80086786739043
000308.pid, car, 22.478438764005098, -14.41212148924132, -3.0994065516703837, 0.8921566605567932,-57.51800235834612
000309.pid, car, 22.55588464736939, -14.665514659881595, -3.1265285432338716, 0.8988161683082581,-59.155336902872826
000309.pid, car, 21.3292490111457, -13.103199190563627, -3.002790530522664, 0.30938029289245605,-59.29996336592068
000310.pid, car, 22.59116497555295, -14.545003530141473, -3.118817999556258, 0.9098841547966003,-61.19561299769949
000311.pid, car, 22.408837430617393, -14.42857489866369, -3.1197351287393005, 0.912388265132904,-60.570807991920994
000312.pid, car, 22.457858330862866, -14.640229524884909, -3.1239894935062957, 0.9057831168174744,-61.979191889481164
000313.pid, car, 22.410529727027534, -14.30882533391317, -3.0367385205768405, 0.9039296507835388,-61.62788428202084
000314.pid, car, 22.25399831446206, -14.009607198761733, -3.062585702756556, 0.8930458426475525,-61.59359955466184
000315.pid, car, 22.444966179983957, -14.311694099789577, -3.093472883814857, 0.8877209424972534,-62.663030302268275
000316.pid, car, 22.5573174403264, -14.835245279165418, -3.1425659350859814, 0.8971041440963745,-64.69200774185876
000317.pid, car, 22.340648837205844, -14.198154193599052, -3.0739114284515385, 0.9011541604995728,-63.13772862584619
000318.pid, car, 22.46297951900598, -14.579915942567771, -3.111701170603434, 0.894555926322937,-66.6625533614405
000319.pid, car, 22.41698116209449, -14.841725605290113, -3.09893644146803, 0.894426703453064,-66.19733040349999
000320.pid, car, 22.43703993884, -14.5472149848938, -3.034812033176422, 0.9066706895828247,-67.62221844567114
000321.pid, car, 22.30630493164063, -14.72263626825242, -3.074772658802214, 0.9067532420158386,-67.49338016597477
000322.pid, car, 22.487902554598726, -15.047048250834148, -3.158615256800796, 0.9057539701461792,-68.27123828306506
000323.pid, car, 22.31095499462552, -14.386379533343849, -3.1013906598091125, 0.9030027985572815,-66.5578799589045
000323.pid, car, 22.378682839243037, -14.968724300986842, -3.08925019439898, 0.35285499691963196,-68.02906350080559
000324.pid, car, 22.361996603012088, -14.462518548965457, -3.053142446279526, 0.9007831811904907,-68.80401327688529
000325.pid, car, 22.263105844196524, -14.32831608621698, -3.0662439057701514, 0.8921618461608887,-68.62317340162832
000326.pid, car, 22.250353442298046, -14.404145214292742, -3.095215287473467, 0.8974382281303406,-69.14710043886666
000327.pid, car, 22.420621871948246, -14.536842902501427, -3.0603257682588367, 0.8928646445274353,-70.90576190178373
000327.pid, car, 22.478024265982892, -15.353650309822775, -3.1064480976624917, 0.3761972486972809,-71.33482097881324
000328.pid, car, 22.09188886369978, -13.905383981977192, -3.0564369065420967, 0.886371374130249,-68.68579158580474
000328.pid, car, 22.419608336228592, -15.351026755112867, -3.104892742939484, 0.339101642370224,-71.7914658215204
000329.pid, car, 22.23303830623627, -14.160340219736101, -3.0814511701464653, 0.8931488990783691,-69.55634997207986
000329.pid, car, 22.50311539812786, -15.838326826328185, -3.1312356227781706, 0.3239544928073883,-72.74384933964117
000330.pid, car, 22.08527315230597, -13.61795402708508, -3.019380279949733, 0.8908904194831848,-67.38726755559813
000330.pid, car, 22.363435467084255, -14.797700146834055, -3.1011436035235715, 0.39731135964393616,-72.437899058684
000331.pid, car, 22.15905601913865, -13.652528943242256, -2.9956103917714714, 0.8902991414070129,-68.50653732958898
000331.pid, car, 22.25414828459422, -14.730478922526041, -3.0366683602333064, 0.33710432052612305,-72.32316187698018
000332.pid, car, 22.14067700329949, -13.691756444818836, -3.061102502486285, 0.8919594287872314,-68.83170821005638
000332.pid, car, 22.45408139910017, -15.766294297717867, -3.1520292475110003, 0.33473512530326843,-73.6232029172335
000333.pid, car, 22.23955077094001, -13.751303956315326, -3.0233655169203475, 0.9023190140724182,-68.13906156257454
000333.pid, car, 22.39336344401042, -15.818594974941677, -3.118233172098795, 0.3613963723182678,-73.68899584712076
000334.pid, car, 22.04848686854045, -13.64085846477085, -3.0986245671908064, 0.9085481762886047,-68.34830098915478
000334.pid, car, 22.42084021795364, -16.0759030296689, -3.182698664211091, 0.40306103229522705,-73.90201560661538
000335.pid, person, 13.422374407450368, -23.903752009073898, -3.4039453665415444, 0.30686691403388977,-166.14842412090357
000335.pid, car, 22.05793616646215, -13.632313828719292, -3.0483424036126388, 0.912533164024353,-68.74095358255971
000335.pid, car, 22.40606356776038, -15.118793798047443, -3.0709630389546234, 0.35693782567977905,-74.93742166185055
000336.pid, person, 13.416764789157453, -23.939324273003486, -3.409804582595825, 0.34878161549568176,-166.25672369665122
000336.pid, car, 22.105003666233376, -13.419054160246981, -3.0393222538200586, 0.9082154035568237,-62.22588810072347
000336.pid, car, 22.339045358740766, -15.462705902431322, -3.0565304134203033, 0.31343546509742737,-75.15035230228736
000337.pid, car, 22.258315978511693, -13.72594536504438, -3.104979568912137, 0.9027535319328308,-34.781723231429304
000338.pid, car, 22.28294307902708, -13.776180687597245, -3.127413543604188, 0.8944616317749023,-36.339988884153755
000339.pid, car, 22.394907336764867, -13.825556945800784, -3.105367030037774, 0.8917872905731201,136.92592439270888
000339.pid, car, 22.600393186296735, -15.868454497201101, -3.1380575452532082, 0.45960476994514465,-77.37990828472553
000340.pid, car, 22.25154025738056, -13.681438739483175, -3.151799880541288, 0.895760178565979,-33.11113747277001
000340.pid, car, 22.2248107225467, -15.504049447866587, -3.086034041184645, 0.44269710779190063,-75.4855499084239
000341.pid, person, 13.445420698686087, -24.05150690945713, -3.4178150350397285, 0.30132535099983215,-168.41360791061226
000341.pid, car, 22.257216421763108, -13.712629222869875, -3.1071850021680194, 0.906652569770813,-32.354279985965796
000341.pid, car, 22.306296398765166, -14.996532515475625, -3.061282666105973, 0.3704058527946472,-75.71964735842116
000342.pid, car, 22.29407238237786, -13.690290349902531, -3.0596458875771724, 0.9146386384963989,-35.28235445011413
000343.pid, car, 22.38881562550863, -13.915220562616986, -3.118432946999868, 0.908094584941864,-35.98167817896506
000344.pid, person, 13.461634635925302, -24.091937594943584, -3.4149802260928688, 0.3043127655982971,-161.05377784011753
000344.pid, car, 22.523565062161154, -13.994381657962144, -3.1535114625404628, 0.9028990864753723,138.7451512699468
000345.pid, car, 22.600475770455823, -13.94388982984755, -3.0670793542155512, 0.9152305722236633,-36.280677616176725
000346.pid, car, 22.62246640523275, -14.013762858876014, -3.043315711774324, 0.914848268032074,-34.01262163339796
000347.pid, person, 13.436029434204112, -24.17517037825152, -3.425698258660056, 0.36220207810401917,-155.79496486671232
000347.pid, car, 22.516497884477893, -14.042772701808387, -3.0631368458271027, 0.9116567969322205,-33.72085630239095
000347.pid, car, 22.503105310293343, -16.22535045330341, -3.1316159016046763, 0.47119471430778503,-79.18944078848762
000348.pid, person, 13.482505321502696, -24.216934967041023, -3.409213066101074, 0.39497700333595276,150.68693555371246
000348.pid, car, 22.569140059607374, -14.058644465037757, -3.013898015022278, 0.9055210947990417,-35.673337924451715
000348.pid, car, 22.569222177777974, -15.80535804657709, -3.0252723580314997, 0.41895154118537903,-79.46990100647426
000349.pid, person, 13.429220962524425, -24.1850685119629, -3.4247596979141237, 0.3582504391670227,-167.5892589422805
000349.pid, car, 22.67394820503567, -14.040664900904119, -3.0912372288496606, 0.8927245736122131,-35.89120728110789
000349.pid, car, 22.599467533390698, -15.882612507517745, -3.1383217369637832, 0.49071407318115234,-79.86184046830624
000350.pid, person, 13.484646606445319, -24.248391342163092, -3.4122109174728394, 0.3914487659931183,164.8320163105296
000350.pid, car, 22.69020227285532, -14.37577382112161, -3.0481053560208053, 0.8789156079292297,-76.54379542794544
000350.pid, car, 22.81634459384652, -14.896900199180426, -3.087888961614564, 0.43832483887672424,-78.93893327592113
000351.pid, person, 13.430088806152352, -24.21195316314698, -3.4273476600646973, 0.4524655342102051,-163.54823787566758
000351.pid, car, 23.00003534682254, -15.461337312738948, -3.0604888834851853, 0.8940117359161377,-81.70031238073113
000351.pid, car, 22.941818990205462, -14.899663122076737, -3.023771574622706, 0.5800611972808838,-78.6145526985606
000352.pid, person, 13.469438023037391, -24.217337926228854, -3.419070747163561, 0.3517014980316162,-166.68493212959095
000352.pid, car, 23.212789869308473, -16.17543127536774, -3.134321469068527, 0.8902735710144043,-83.46457254785736
000352.pid, car, 23.364607654918323, -14.782580184936524, -3.1592925548553463, 0.47640252113342285,-36.75549584412535
000353.pid, person, 13.463531136512765, -24.24035048484803, -3.4070350527763367, 0.41821977496147156,-161.33709047782037
000353.pid, car, 23.361688613891605, -15.221847939491274, -3.085932111740113, 0.8943722248077393,-80.57644110900966
000353.pid, car, 23.618878117314093, -14.777051130930582, -3.1041919876027984, 0.5030331015586853,-36.98543904828674
000354.pid, person, 13.457731670803504, -24.28401290045845, -3.424106412463718, 0.40528035163879395,171.4420203416066
000354.pid, car, 23.56941547909299, -16.08889061695821, -3.232584740664508, 0.8141449689865112,-83.74298553063889
000354.pid, car, 23.871473424574912, -15.025410334269205, -3.1798407470478725, 0.3443746268749237,-40.46236483130283
000355.pid, person, 13.466785192489631, -24.403113365173343, -3.5338732004165654, 0.37159526348114014,-81.47864970469166
000355.pid, car, 23.60917655281399, -16.78426798530247, -3.2132073070691978, 0.8410868048667908,-86.68776700489457
000355.pid, car, 23.855947388543022, -15.026657069170916, -3.123519725269741, 0.31259649991989136,-33.86956669431117
000356.pid, person, 13.479435443878181, -24.294933557510387, -3.4125393033027653, 0.3878572881221771,173.3226773700525
000356.pid, car, 23.718849433095833, -15.843149009503819, -3.098645542797289, 0.8358924388885498,-85.77549079882817
000356.pid, car, 24.113807311424843, -15.161694508332472, -3.1020664160068216, 0.3025408983230591,-36.221152809853955
000357.pid, person, 13.456314693797726, -24.31466761502353, -3.426796566356312, 0.4162088632583618,-167.22290125106352
000357.pid, car, 23.849293112754825, -16.28629396359126, -3.011796772480011, 0.835060715675354,-88.06397436702417
000357.pid, car, 24.21776792738173, -15.238067520989311, -2.958952325361746, 0.3095473349094391,-31.708807007095473
000357.pid, car, 22.92858563936674, -25.252945533165565, -3.482642925702607, 0.30018317699432373,158.67324773586344
000358.pid, person, 13.493565718332936, -24.441991647084564, -3.5243545373280845, 0.39874282479286194,-87.41594274601908
000358.pid, car, 23.895573896520283, -17.12634170756621, -3.1642960800844087, 0.8352279663085938,-89.41456967430656
000359.pid, person, 13.477071415294311, -24.435321981256664, -3.475482810627331, 0.4100797474384308,-86.91521946605192
000359.pid, car, 24.167277787861075, -16.40577840805054, -3.1054789643538627, 0.8124205470085144,-90.40854610575735
000359.pid, car, 24.71583197251806, -15.50241763636751, -3.064708124916508, 0.4757959544658661,-33.77396440003293
000360.pid, person, 13.474328517913827, -24.50045242309571, -3.5598063707351693, 0.4026614725589752,-82.84296737081587
000360.pid, car, 25.034905875601424, -15.678688747126884, -3.153615090905167, 0.8634136915206909,-41.188016924843915
000361.pid, person, 13.493151760101327, -24.515520095825202, -3.541877269744873, 0.3243761360645294,-82.98770560903426
000361.pid, car, 25.109555093865648, -15.671151010613695, -3.1496550158450476, 0.8790777325630188,-37.6502918908119
000362.pid, person, 13.516108274459848, -24.5720771153768, -3.5667226115862536, 0.308878093957901,-84.6970759969264
000362.pid, car, 25.365877502842956, -15.703357495759667, -3.1540818904575554, 0.905868411064148,-34.98667290263192
000362.pid, car, 24.60907867976598, -15.63073723656791, -3.3731119462421946, 0.34226587414741516,-73.7045835604587
000363.pid, person, 13.499526405334484, -24.53779735565187, -3.5412261009216315, 0.3206466734409332,-85.8796099776691
000363.pid, person, 27.35578028361003, -16.82156880696615, -2.63681177298228, 0.30122366547584534,110.80907158941757
000363.pid, car, 25.84905630169493, -16.10994185823383, -3.047295584823146, 0.8784072399139404,-39.2723218857738
000364.pid, person, 13.487629985809331, -24.54954109191895, -3.5289414167404174, 0.34729844331741333,-83.84969520481965
000364.pid, person, 27.366126060485847, -16.48279523849488, -2.583894848823548, 0.3268769383430481,116.04671765790104
000364.pid, car, 26.015594573248006, -16.010627474103657, -3.0378597180048623, 0.8619799017906189,-43.52675008839033
000365.pid, person, 13.516499606045818, -24.62176895141602, -3.5873405499891806, 0.3714125454425812,-82.25040927542963
000365.pid, car, 26.50281429290772, -16.27382612228394, -3.154753029346466, 0.8833602666854858,-32.58995345296967
000366.pid, person, 13.503252506256114, -24.632291793823253, -3.6112124919891357, 0.38109055161476135,-81.50980772895076
000366.pid, car, 26.929335089290845, -16.441062562605918, -3.278925306656782, 0.7512186169624329,-40.87698677252476
000367.pid, person, 13.4608605504036, -24.55875253677369, -3.531047761440277, 0.40584614872932434,-93.19427039354446
000367.pid, person, 28.0764102935791, -16.73992000155979, -3.2125644683837886, 0.3676227331161499,-9.945092145568637
000367.pid, car, 27.328307824976307, -16.62983047260958, -3.203243620255414, 0.8286167979240417,-44.47056326496468
000368.pid, person, 13.456674973169973, -24.639661947886154, -3.5801999568939213, 0.3629285395145416,-78.01389378011109
000368.pid, car, 27.88992342455634, -16.80092844469794, -3.146601232989081, 0.8543481826782227,-58.93830834077276
000368.pid, car, 10.953676847311176, -17.853865733513466, -3.8472137267772957, 0.3164249658584595,110.08715520083827
000369.pid, car, 28.021154657999677, -16.985389264424644, -3.2012178897857666, 0.8138128519058228,-58.66521404170371
000370.pid, car, 28.42293923476647, -17.018227149700298, -3.1752649504562904, 0.876423180103302,-80.3826718522835
000371.pid, car, 28.767866221341226, -17.1560829335993, -3.11207960952412, 0.8413636088371277,81.97346878019475
000371.pid, car, 30.914342950891566, -21.684250160499854, -2.953339589966667, 0.3849976062774658,-66.21804443555317
000372.pid, car, 29.29203487577893, -17.316955838884628, -3.1472753343128024, 0.8392547369003296,-58.93608075159113
000373.pid, person, 13.482848379347068, -24.495032840304912, -3.5119894875420474, 0.30615943670272827,-84.6647465950762
000373.pid, car, 29.648006725311284, -17.49638938903809, -3.2162545800209053, 0.8785198926925659,-72.23081419919444
000374.pid, car, 30.197539946612196, -17.53131125955021, -3.2048517255222095, 0.8391461372375488,-66.52906593010619
000375.pid, person, 13.478892517089852, -24.559245109558113, -3.563760590553284, 0.3005083501338959,-82.67976635355586
000375.pid, car, 30.63056838512421, -17.739978790283207, -3.322595477104187, 0.7680307626724243,-67.36915846587385
000376.pid, person, 13.513619349553043, -24.6580128302941, -3.617533427018386, 0.3252807855606079,-78.60373549167443
000377.pid, person, 13.512364040721558, -24.626935785466983, -3.572755358435891, 0.361930251121521,-79.52113913189015
000378.pid, person, 13.502602577209482, -24.60409619258001, -3.5718403229346647, 0.34255263209342957,-83.10478360847506
000378.pid, car, 9.117806324592012, -13.719772045428936, -4.036410203346838, 0.3231121301651001,-62.41315120819632
000380.pid, person, 13.539935874938973, -24.670547103881844, -3.6467134157816568, 0.3237801492214203,-84.78698281767583
000381.pid, person, 13.474723122336655, -24.683210026134148, -3.6397571130232382, 0.34607842564582825,-79.9216532504735
000382.pid, person, 13.484102058410652, -24.709167861938482, -3.650126647949219, 0.3422495126724243,-80.82552487706772
000383.pid, person, 13.448218481881288, -24.508199964250846, -3.5083645411900113, 0.30918583273887634,-80.26277078785301
000384.pid, person, 13.484382282603878, -24.536165757612753, -3.5470446239818227, 0.3153042495250702,-84.67990410044754
000385.pid, person, 13.480194091796882, -24.549632390340182, -3.5475689371426906, 0.304573655128479,-86.28986738471886
000386.pid, person, 13.459636569023143, -24.497710227966316, -3.488549292087556, 0.30797961354255676,-82.6758310788953
000387.pid, person, 13.493389638264981, -24.56619504292807, -3.5543771266937254, 0.3214834928512573,-83.94750142079107
000388.pid, person, 13.497752116276674, -24.58638778099648, -3.5709868761209345, 0.311599999666214,-83.20391768301263
000389.pid, stop_sign, 37.70712471008301, -42.785794258117676, -2.6566944718360883, 0.3721136152744293,106.23563167690857
000391.pid, car, 5.812397913499317, -6.426158861680466, -3.973253726959226, 0.31122177839279175,104.29808925408578
000391.pid, stop_sign, 38.29806984795464, -43.01293436686198, -2.7577237288157135, 0.36090603470802307,42.753917762734226
000392.pid, stop_sign, 37.6572027206421, -41.43393039703369, -2.593470156192778, 0.44769197702407837,100.07715109732568
000394.pid, stop_sign, 38.07330830891927, -43.08182271321615, -2.7344649632771794, 0.32096025347709656,77.91974307977034
000397.pid, stop_sign, 37.496349334716804, -42.62733459472656, -2.6447048981984436, 0.3513490855693817,-84.65785268900197
000400.pid, stop_sign, 38.24364471435547, -42.86059284210206, -2.5919125080108625, 0.31671881675720215,112.52045397339721
000402.pid, stop_sign, 37.792097909109934, -43.030058179582866, -2.7177232674189953, 0.31803327798843384,-105.51840181352702
000405.pid, stop_sign, 37.94725363595145, -43.05763953072684, -2.770372356687271, 0.4565902650356293,112.97804764525848
000406.pid, stop_sign, 37.57490844726563, -40.701145553588866, -2.286753940582274, 0.4413057863712311,99.36009486803663
000408.pid, person, 13.528519312540698, -24.788088862101244, -3.662611166636149, 0.35398757457733154,-78.38279877850553
000409.pid, person, 13.512783432006842, -24.831011708577478, -3.7163077513376876, 0.3732994794845581,95.33436221746844
000410.pid, person, 13.479341904322316, -24.680704275767013, -3.5919952591260276, 0.38117533922195435,-91.2128700681296
000410.pid, stop_sign, 37.78273868560792, -43.132049560546875, -2.629785120487211, 0.41529175639152527,-118.59966104607648
000411.pid, person, 13.477523023431962, -24.689422954212542, -3.5446078777313232, 0.4008912742137909,-89.45797345617095
000412.pid, person, 13.495104276216956, -24.67045607933632, -3.5696794803325953, 0.4030648469924927,-90.07993023614242
000412.pid, stop_sign, 37.72071674891881, -43.062425340924946, -2.5717546258653896, 0.41429704427719116,-126.81025623233805
000413.pid, person, 13.513126960167527, -24.73970119769757, -3.6134524345397954, 0.39651066064834595,-82.70897360043762
000414.pid, person, 13.504582625169029, -24.810416294978218, -3.6675988160646886, 0.36590394377708435,-77.8616042628567
000415.pid, person, 13.513390907874482, -24.751815502460197, -3.612582041667058, 0.36412757635116577,-77.88386025858554
000415.pid, stop_sign, 38.238074493408206, -42.97639465332031, -2.7471334934234606, 0.3604307174682617,104.79046201723962
000416.pid, person, 13.472986062367767, -24.695466200510666, -3.6053877075513205, 0.32554224133491516,-86.12638849793308
000416.pid, stop_sign, 37.737997531890876, -41.218987226486206, -2.4636905342340456, 0.33685460686683655,99.3996891189177
000417.pid, person, 13.464999866485607, -24.654447555542, -3.5661753177642823, 0.45988309383392334,-88.94226295617844
000417.pid, stop_sign, 37.49971516927084, -42.64565785725912, -2.645449399948118, 0.3152540326118469,-84.84206029135137
000418.pid, person, 13.525471907395591, -24.761287835928115, -3.609524011611939, 0.44325125217437744,-77.1207584671692
000419.pid, person, 13.470263994657083, -24.609236056988063, -3.5602942063258243, 0.44674044847488403,-96.64822122323193
000419.pid, stop_sign, 38.067692892892026, -43.126159123011995, -2.728868007659911, 0.4283651113510132,83.2592908423958
000420.pid, person, 13.482275221082906, -24.635990778605148, -3.5070086320241294, 0.4215658903121948,-86.67543133902271
000421.pid, person, 13.487433036168426, -24.60205698013306, -3.5139528711636867, 0.4107411801815033,-94.43023093964274
000422.pid, person, 13.498046701604675, -24.6777458190918, -3.5693852467970415, 0.3978811800479889,-84.51284980855957
000423.pid, person, 13.492146205902108, -24.703384780883795, -3.556562900543213, 0.40407872200012207,-80.55577997353075
000423.pid, car, 7.714284141858424, -11.076476136843368, -3.9392488201459237, 0.32409781217575073,-61.29486319612203
000424.pid, person, 13.478374827991841, -24.707869963212453, -3.605580351569436, 0.43805474042892456,-82.22333988982709
000425.pid, person, 13.500878854231406, -24.66444899819115, -3.5398788668892602, 0.442855566740036,-83.52474863267818
000426.pid, person, 13.48355822129684, -24.638447674837984, -3.498373941941695, 0.4416497051715851,-91.32714350534278
000427.pid, person, 13.481478431008089, -24.6500323902477, -3.550324028188532, 0.4020223617553711,-94.97194739530227
000427.pid, car, 5.871276219685877, -6.594280004501344, -4.060526112715402, 0.31678906083106995,-128.4055726717384
000428.pid, person, 13.48464092841516, -24.614664371197055, -3.505456557640663, 0.3214568793773651,-94.54589802050802
000428.pid, car, 5.874869786776036, -6.614670900198134, -4.055788498658399, 0.30755552649497986,31.272757682471962
000428.pid, stop_sign, 37.930709838867195, -43.11315091451009, -2.7320986588795964, 0.32040587067604065,128.46761831547335
000429.pid, car, 5.876446577218868, -6.606676431802603, -4.051468610763549, 0.3527931869029999,24.638831142212258
000430.pid, car, 5.878514814376839, -6.606992292404179, -4.054843974113463, 0.32510653138160706,22.957162672239527
000431.pid, car, 5.87741633256277, -6.59279274940491, -4.061122298240661, 0.3245849013328552,-139.44692918170492
000431.pid, stop_sign, 37.796988169352225, -40.82950019836426, -2.513986567656198, 0.32729020714759827,100.46745459820305
000434.pid, person, 13.491328716278087, -24.629769134521492, -3.491056704521179, 0.31670817732810974,-92.08813832215549
000436.pid, person, 13.496412423940814, -24.652289170485282, -3.5621505884023814, 0.3314259648323059,-94.41629495263388
000438.pid, car, 5.903057654698695, -6.6000439325968445, -4.051922102769214, 0.3004070520401001,32.748738892756705
000439.pid, car, 5.892103541981095, -6.5716689716685925, -4.054252971302378, 0.3171975910663605,-129.05567211586543
000439.pid, stop_sign, 37.67396211624146, -41.459877014160156, -2.636557400226592, 0.3036167621612549,99.6129254398381
000442.pid, car, 5.903378645579026, -6.577500184377034, -4.044805069764455, 0.3223016858100891,-146.04667793344296
000443.pid, car, 5.869459867477424, -6.621766010920208, -4.052474419275918, 0.3431820571422577,22.38587122762665
000444.pid, car, 5.850290679931648, -6.6359315395355285, -4.0605403661727895, 0.3347342610359192,24.330020290608772
000444.pid, stop_sign, 36.668016815185545, -37.41906547546387, -2.283878922462462, 0.5166714191436768,98.9896578870405
000445.pid, stop_sign, 37.57986386617025, -41.150115648905434, -2.408514579137165, 0.42406025528907776,98.69925738520467
000446.pid, person, 13.495996768657985, -24.82767824026255, -3.639527045763456, 0.3182808756828308,-83.73809994324102
000447.pid, person, 13.508740139007577, -24.774502563476567, -3.5841041088104255, 0.3015184700489044,-86.3798736133025
000447.pid, stop_sign, 37.78855351039342, -43.009490966796875, -2.6213530812944668, 0.37254440784454346,-105.0081188502937
000450.pid, stop_sign, 37.87180948257446, -43.07557535171509, -2.6309448480606066, 0.37719523906707764,89.16011001380171
000451.pid, person, 13.44929810932705, -24.836026600428998, -3.643460614340646, 0.33574092388153076,-84.9694474808673
000451.pid, stop_sign, 38.19990539550782, -42.947209930419916, -2.7453653812408434, 0.41072893142700195,104.01788641282884
000452.pid, person, 13.455132675170907, -24.841236114501957, -3.618335930506389, 0.33746689558029175,-84.6647662530383
000453.pid, person, 13.420486816993133, -24.727616530198326, -3.494170830799983, 0.3252953886985779,-82.59389778792692
000453.pid, stop_sign, 37.59367275238038, -43.29138660430908, -2.5044379532337158, 0.36339786648750305,-126.2082880819058
000454.pid, person, 13.475486210414346, -24.788092204502657, -3.5396631104605545, 0.39123043417930603,-78.3690333788823
000454.pid, stop_sign, 37.897680918375656, -43.080104192097984, -2.730124950408934, 0.46510905027389526,128.7922778850286
000455.pid, person, 13.441058888154878, -24.834276199340827, -3.5496331944185147, 0.3461301028728485,-75.64524908162366
000455.pid, stop_sign, 38.159199714660645, -42.905866622924805, -2.5071888566017138, 0.4509083032608032,100.66336952761844
000456.pid, person, 13.44191539988799, -24.90970678890453, -3.582615950528313, 0.3758368492126465,-92.14752587641308
000457.pid, person, 13.436636322423038, -24.916911677310345, -3.576282676897551, 0.3071790635585785,-89.3834453250274
000457.pid, stop_sign, 37.259761810302734, -42.527724266052246, -2.7966958880424486, 0.44586342573165894,-69.45290906010118
000458.pid, person, 13.434465257745046, -24.932395935058597, -3.668921432997051, 0.31482577323913574,-85.68300840728784
000458.pid, stop_sign, 37.82391484578451, -40.858055432637535, -2.5164518952369677, 0.5014097094535828,100.52113151634363
000459.pid, stop_sign, 36.626851081848145, -36.27394723892212, -2.2041342854499817, 0.4282212555408478,-73.92158307911316
000460.pid, stop_sign, 38.3738505045573, -42.412340799967446, -2.325691024462382, 0.3776940703392029,-25.904687986468417
000463.pid, stop_sign, 37.63779067993165, -41.5616455078125, -2.4143114752239634, 0.4373229742050171,98.1196975080467
000465.pid, person, 13.375962098439542, -25.069085280100513, -3.663627584775289, 0.3176990747451782,82.97321964344272
000466.pid, stop_sign, 37.90603208541871, -42.97299575805664, -2.631609752774237, 0.3548646867275238,69.8312603726602
000467.pid, car, 13.394810721987776, -25.17065947396415, -3.8144370828356062, 0.3057076632976532,77.28416302548997
000469.pid, person, 13.455370008945472, -25.069138526916507, -3.60548709332943, 0.3151538372039795,89.94144761683242
000469.pid, stop_sign, 37.90885053362166, -42.95114735194615, -2.7178567477634954, 0.3948426842689514,111.94935307986206
000470.pid, stop_sign, 37.70449981689453, -40.370696258544925, -2.615819859504698, 0.3653506636619568,100.42182525790425
000471.pid, person, 13.461642456054696, -25.076530710856126, -3.7025375525156656, 0.31336116790771484,-91.70093809257187
000472.pid, person, 13.457873598734546, -25.15139554341635, -3.6033028602600097, 0.31114891171455383,-88.0283678632683
000476.pid, stop_sign, 37.8536434173584, -43.1362419128418, -2.590795814990995, 0.35462117195129395,88.08357561601498
000477.pid, stop_sign, 38.22866516113282, -42.968719482421875, -2.746621751785278, 0.4192659258842468,104.98236788370778
000478.pid, stop_sign, 37.714772224426284, -42.797784805297866, -2.6573459506034838, 0.40667417645454407,107.32520319169959
000481.pid, stop_sign, 37.80946901109484, -43.09724044799805, -2.635039263301424, 0.3559683561325073,-129.16595726221212
000484.pid, stop_sign, 37.8054739634196, -41.024852434794106, -2.5220786730448395, 0.4141453206539154,100.3609758546554
000487.pid, stop_sign, 37.50250752766927, -42.646722157796226, -2.64557361602783, 0.3519221544265747,-83.91599317532135
000488.pid, stop_sign, 38.21706771850587, -42.974734497070315, -2.746514749526974, 0.4063192903995514,104.3053323972502
000490.pid, stop_sign, 37.868565241495766, -43.04634793599447, -2.7274774312973, 0.3801133632659912,124.28226701830228
000493.pid, stop_sign, 37.97571897506714, -43.106369972229004, -2.6769108772277805, 0.3303026854991913,105.05781527914677
000494.pid, stop_sign, 38.19825668334961, -42.95723114013672, -2.7455328464508044, 0.4213932454586029,104.90389864307834
000497.pid, person, 6.254746437072761, -10.54323101043702, -4.309481302897137, 0.33241504430770874,66.66144483934853
000498.pid, car, 10.12712989913093, -18.8533107969496, -3.62686354584164, 0.3445032238960266,115.5842455416488
000498.pid, car, 13.323927711038035, -25.371846479528095, -3.657437815385707, 0.3227938115596771,-82.17278801880713
000498.pid, stop_sign, 37.15328598022461, -39.301679611206055, -2.4092680386134546, 0.4416116178035736,100.01808630839875
000499.pid, person, 6.4501196543375725, -10.78421115875245, -3.797458012898762, 0.5726280212402344,173.60930692522075
000499.pid, stop_sign, 37.875809805733816, -41.13057409014021, -2.4454006978443674, 0.42991068959236145,99.79087452293685
000501.pid, stop_sign, 38.16618401663644, -42.825202396937776, -2.6271537542343135, 0.31578412652015686,71.20451418960339
000506.pid, stop_sign, 38.054672241210945, -43.09910265604655, -2.7354761362075792, 0.38964030146598816,79.64265720935703
000508.pid, person, 6.462191581726083, -11.321532726287852, -3.989147067070008, 0.37661972641944885,-81.2928799686945
000508.pid, stop_sign, 37.729702631632485, -41.09318923950195, -2.410422325134277, 0.4413560926914215,99.83188910517764
000509.pid, person, 6.398647189140326, -11.435522794723521, -4.1865750551223755, 0.5709506273269653,-113.93218088848454
000510.pid, person, 6.379334068298349, -11.574481773376474, -4.236821365356446, 0.5708413124084473,-110.34276666082005
000510.pid, stop_sign, 37.81468264261881, -40.84485658009847, -2.515866339206694, 0.3542476296424866,100.47061195614286
000511.pid, person, 6.405114746093757, -11.608720588684093, -4.24241008758545, 0.49341896176338196,68.85548480756013
000512.pid, person, 6.399577808380134, -11.65488929748536, -4.246281147003174, 0.35331982374191284,66.9366396285437
000513.pid, person, 6.392300009727485, -11.740587949752818, -3.7422451972961426, 0.3343469500541687,-140.2687110394367
000514.pid, person, 6.4085640907287695, -11.790372053782155, -4.179941455523173, 0.5708786845207214,-143.96175494676888
000514.pid, stop_sign, 38.08109919230144, -43.10422897338867, -2.7352017164230324, 0.33054375648498535,81.2226288660799
000515.pid, person, 6.445659637451179, -11.892045736312877, -4.082386195659638, 0.6321784853935242,-60.74748859108012
000516.pid, person, 6.348781824111947, -12.036426305770883, -3.809908628463746, 0.5621723532676697,-127.80191615334277
000516.pid, stop_sign, 38.048973083496094, -42.981190575493706, -2.6765953832202474, 0.3150295615196228,85.1420079266269
000517.pid, stop_sign, 38.22770462036134, -42.96529083251952, -2.746454286575316, 0.31616318225860596,105.27177803232914
000518.pid, person, 6.382289409637459, -12.161257743835456, -4.03407629330953, 0.6978867650032043,-99.3389020325572
000521.pid, person, 6.384981155395518, -12.310187975565606, -4.246235688527426, 0.6141752600669861,-98.9458399561698
000522.pid, person, 6.338618119557704, -12.311594009399423, -3.8764936923980717, 0.5511074662208557,-135.39840462370873
000524.pid, person, 6.2653052012125725, -12.520166079203298, -3.919266303380331, 0.5332054495811462,61.53398646009694
000524.pid, stop_sign, 37.11221228705512, -38.45092434353299, -2.31688466336992, 0.3195171356201172,99.95871546287977
000526.pid, stop_sign, 37.81575870513916, -42.884976863861084, -2.7494460344314553, 0.31461647152900696,119.68136424275966
000527.pid, person, 6.166656812032073, -12.786073366800954, -3.9739002386728917, 0.6664367914199829,-117.86521707305687
000532.pid, person, 6.1100521087646555, -13.204974555969253, -4.0731758117675785, 0.7640606164932251,70.01674511256952
000533.pid, stop_sign, 37.84012095133463, -42.83775287204318, -2.517593608962163, 0.33198946714401245,75.0773998764048
000534.pid, person, 6.0700414180755695, -13.474725246429456, -3.948668360710144, 0.8175498843193054,-139.06090750798958
000540.pid, person, 5.98477816581727, -13.939289093017589, -3.9586793780326843, 0.7122797966003418,133.57701121140445
000541.pid, person, 5.964421987533578, -13.982218503952037, -3.964136183261872, 0.695850670337677,126.51738306955436
000545.pid, person, 5.997424364089975, -14.266037464141858, -4.030996382236481, 0.7345278263092041,145.98350793133062
000546.pid, person, 5.939054203033455, -14.375520515441902, -4.106722736358643, 0.6878044605255127,-167.50147188460176
000547.pid, person, 5.972431739171355, -14.450933774312348, -4.1687852938969945, 0.48515695333480835,-128.06179878827092
000547.pid, stop_sign, 37.909316592746315, -43.145667182074654, -2.7147593100865666, 0.3065633773803711,-115.07553211202705
000548.pid, person, 5.942717620304661, -14.579027175903333, -4.228489943913051, 0.7242020964622498,-103.90521538378667
000549.pid, person, 5.9726656675338825, -14.593496918678296, -4.100793898105621, 0.6319310665130615,79.65715649213682
000549.pid, stop_sign, 37.58842522757394, -41.33534186226982, -2.585787534713744, 0.3739608824253082,100.04015794117525
000550.pid, person, 5.9669409592946465, -14.625638484954846, -4.2098364035288505, 0.7040096521377563,-91.72193207303775
000551.pid, person, 5.979094028472908, -14.697912216186536, -4.016710042953492, 0.7038167715072632,77.89992520140626
000552.pid, person, 5.984563350677497, -14.763830343882253, -3.8202084302902226, 0.7509907484054565,83.27580517793032
000552.pid, stop_sign, 37.75653553009034, -43.089802742004395, -2.5878332257270795, 0.31925809383392334,127.34195593517966
000553.pid, person, 5.9812233448028636, -14.88488801320395, -3.633310874303182, 0.6913893818855286,-127.63472083699006
000554.pid, person, 5.966699520746875, -14.879486878712983, -3.627806146939596, 0.5806311964988708,-37.08240239959567
000555.pid, person, 5.964387098948168, -14.910079479217538, -3.8452319701512656, 0.5582151412963867,-36.95048981843099
000555.pid, stop_sign, 38.00404739379883, -42.81165059407552, -2.6682122945785505, 0.35758426785469055,124.8294417132477
000556.pid, person, 6.026871395111091, -15.012134742736828, -3.225947856903077, 0.34486907720565796,-26.52467153365039
000556.pid, stop_sign, 37.53798065185547, -42.60950546264648, -2.580076789855956, 0.3624340891838074,-55.25115296497341
000557.pid, person, 6.008745193481453, -15.0284078915914, -3.6534772713979087, 0.4264647662639618,-42.70597124983819
000558.pid, person, 6.0615445772806895, -15.182175954182954, -3.2574060757954917, 0.7400172352790833,179.65490601801173
000558.pid, stop_sign, 37.15646471296038, -39.34654671805246, -2.6026657649448928, 0.33502426743507385,99.93174258282903
000559.pid, person, 6.151809533437102, -15.265249729156507, -3.2616047859191895, 0.7470839023590088,138.82009558897215
000559.pid, stop_sign, 37.811131477355964, -42.83564472198486, -2.6632069349288923, 0.38890355825424194,115.3795502197981
000560.pid, person, 6.133340060710915, -15.387476086616529, -3.2885834872722626, 0.7777462005615234,-157.69743438629843
000561.pid, person, 6.15935182571412, -15.515237671988364, -3.307906797954015, 0.7448267340660095,-138.39232895529977
000562.pid, person, 6.056702057520557, -15.549702167510999, -3.319690148035686, 0.5500682592391968,-145.65727599929616
000563.pid, person, 6.120666912623823, -15.600746427263543, -3.316258362361363, 0.41298067569732666,-162.00952529879228
000564.pid, stop_sign, 36.98686218261719, -39.208565848214285, -2.4014742033822176, 0.32924431562423706,99.02960524977476
000565.pid, stop_sign, 37.29083421495226, -40.067591985066734, -2.502511209911769, 0.465128630399704,100.07522071191103
000566.pid, person, 6.182390451431284, -15.762013117472343, -3.347488125165304, 0.5503433346748352,-62.20220619769116
000566.pid, stop_sign, 37.80573081970215, -42.869099140167236, -2.6647706627845755, 0.4754352569580078,116.41408314888194
000567.pid, person, 6.13076877593995, -15.872102737426768, -3.359825938940048, 0.3955579996109009,-168.21689975921484
000567.pid, stop_sign, 37.79235839843751, -40.822601318359375, -2.514226535956063, 0.4737147390842438,100.36983877955892
000568.pid, person, 6.14473576015897, -15.942684809366872, -3.352637476391263, 0.3915112614631653,-154.2711151996376
000569.pid, person, 6.251223981380472, -15.958715558052075, -3.358745783567429, 0.6261536478996277,162.60758436352975
000569.pid, stop_sign, 37.99972788492838, -42.79764048258463, -2.6677043040593453, 0.37545454502105713,123.75184861098141
000570.pid, person, 6.261107376643598, -16.065254347664983, -3.3622243063790465, 0.5691319108009338,-152.73302393218495
000571.pid, stop_sign, 37.59183665684292, -41.26833861214774, -2.3441686289651047, 0.49717575311660767,99.33772048104508
000573.pid, stop_sign, 38.19739456176758, -42.94946517944336, -2.7452490806579575, 0.3375288248062134,105.25150890398277
000577.pid, fire_hydrant, 6.489316987991342, -16.406490135192882, -3.4173168420791624, 0.30333322286605835,41.23073545159269
000577.pid, stop_sign, 38.00180864334107, -42.683921337127686, -2.581631541252135, 0.3772701919078827,76.41366441388625
000579.pid, fire_hydrant, 6.525673548380541, -16.55305014716255, -3.4020108116997614, 0.31037870049476624,-134.88464739831912
000580.pid, fire_hydrant, 6.573597749074308, -16.582574632432735, -3.3994875484042697, 0.30162084102630615,53.561185591031645
000580.pid, stop_sign, 37.84781742095948, -43.127368450164795, -2.5906503647565824, 0.3096120357513428,-109.82228089789385
000582.pid, stop_sign, 37.903253343370224, -42.65092510647244, -2.4742450184292237, 0.4506024420261383,84.5592270391227
000584.pid, stop_sign, 37.6572691599528, -42.83079973856608, -2.715148369471231, 0.5507100224494934,-58.96365161495678
000587.pid, stop_sign, 37.82683781215123, -43.19657897949219, -2.6286090612411495, 0.6304218173027039,-155.23477378296212
000591.pid, stop_sign, 37.96856580461775, -43.07309341430664, -2.771548952375138, 0.4459655284881592,110.54417223088087
000593.pid, person, 7.142678087407901, -16.75737935846503, -3.316902529109608, 0.5839295983314514,-128.40564079367314
000593.pid, stop_sign, 37.91350500924246, -42.60145950317383, -2.425731079918996, 0.3383152186870575,119.16491255835963
000594.pid, person, 7.152272582054145, -16.82025480270386, -3.2816228667894998, 0.4293164014816284,-93.29017275464383
000595.pid, person, 7.1689430750333445, -16.786189739520736, -3.3077854743370643, 0.7850848436355591,-111.0315245757208
000596.pid, person, 7.227014578305769, -16.79004727877104, -3.328920052601741, 0.7947989106178284,-107.99652317098224
000596.pid, stop_sign, 37.12848377227784, -39.544477701187134, -2.4734608381986614, 0.3589407205581665,99.63308634035414
000597.pid, person, 7.292219565464908, -16.76145949730507, -3.3415191723750186, 0.6942922472953796,-104.28043816296557
000598.pid, person, 7.319898275228656, -16.80162957998423, -3.2665763818300686, 0.42053186893463135,-119.53400434053495
000598.pid, stop_sign, 37.65173530578614, -40.820014317830406, -2.455271641413369, 0.39254462718963623,100.0327861563696
000599.pid, fire_hydrant, 7.344521652568478, -16.74481391906739, -3.334842595187101, 0.3271978795528412,-109.89037480104747
000599.pid, stop_sign, 37.541368103027345, -42.616146850585935, -2.580421113967893, 0.40944918990135193,-54.06914443566544
000601.pid, person, 7.435320414029645, -16.73821449279786, -3.3404473524827223, 0.5285283327102661,-96.15168807847732
000602.pid, person, 7.456435753748976, -16.728185360248283, -3.3424296745887174, 0.3850957155227661,-113.0969519455276
000603.pid, person, 7.460404829545462, -16.740429791537206, -3.286298318342729, 0.4811233580112457,-105.70382979751489
000603.pid, stop_sign, 38.024901253836504, -42.84724099295481, -2.6703291961124944, 0.35351723432540894,125.18885035947284
000604.pid, fire_hydrant, 7.467545111974087, -16.881151517232265, -3.334531327088674, 0.3430679738521576,-105.2922574557341
000605.pid, person, 7.544539048121532, -16.749574807974014, -3.3004931853367725, 0.5762233138084412,-111.98436042954361
000605.pid, stop_sign, 37.923389979771216, -42.92664391653879, -2.669674532754079, 0.4593971371650696,109.8024913981038
000606.pid, fire_hydrant, 7.536151289939888, -16.929808298746753, -3.2752402822176614, 0.4109979569911957,-107.66686923935123
000607.pid, person, 7.645988186200468, -16.805817127227787, -3.266091207663219, 0.4106239080429077,-75.68731230615887
000607.pid, stop_sign, 38.007191340128585, -42.815083821614586, -2.668611526489256, 0.4110015332698822,124.75771249501925
000608.pid, fire_hydrant, 7.684088967063218, -16.808326027610093, -3.276412790471858, 0.3093375265598297,-84.33335145049162
000609.pid, fire_hydrant, 7.733457763989776, -16.859276294708263, -3.263538261254629, 0.3800638020038605,-81.9033511461819
000609.pid, stop_sign, 37.78740310668945, -42.948878696986604, -2.6663774762834804, 0.3833352327346802,126.92058935712149
000610.pid, fire_hydrant, 7.788089309419914, -16.85792813982283, -3.3293531962803433, 0.31322813034057617,-101.21040236311157
000611.pid, person, 7.747682167933544, -16.987775069016685, -3.374018852527325, 0.4214140474796295,-115.18820657956053
000612.pid, stop_sign, 37.621208190917976, -43.05606555938721, -2.581928223371505, 0.34226134419441223,-90.96497748780504
000614.pid, person, 7.898363200100994, -16.934242942116484, -3.2949111678383574, 0.6768136024475098,-64.93760955393515
000615.pid, fire_hydrant, 7.951792716979988, -16.944145043691005, -3.265177766482036, 0.4698847532272339,-55.123639884439875
000615.pid, stop_sign, 37.81705236434937, -42.83267593383789, -2.6637417674064614, 0.3274762034416199,120.1950236696114
000616.pid, fire_hydrant, 7.98556629816692, -16.94037818908692, -3.285666121376886, 0.44626596570014954,-49.575163370122716
000617.pid, fire_hydrant, 8.047235488891609, -16.989414453506477, -3.1407963931560516, 0.4633117616176605,131.22630019879665
000617.pid, stop_sign, 37.12843322753906, -39.18773923601423, -2.5003265653337734, 0.4033373296260834,99.95147480582085
000619.pid, stop_sign, 37.49194946289063, -43.15714492797853, -2.261536097526549, 0.34792107343673706,-126.57803553816524
000620.pid, fire_hydrant, 8.234379577636728, -17.038923263549812, -2.94053864479065, 0.3854629695415497,150.39197392423404
000621.pid, car, 18.69023236920757, -28.00796650302026, -3.553865678848759, 0.30135291814804077,5.8357241399358735
000621.pid, fire_hydrant, 8.231667995452888, -17.070116996765147, -2.955469965934754, 0.30974316596984863,173.93644791570784
000622.pid, stop_sign, 37.220348358154304, -39.84202218055725, -2.4863879382610308, 0.38154253363609314,99.62162973288682
000623.pid, fire_hydrant, 8.334953784942634, -17.067805926005054, -2.9419681231180825, 0.5340999364852905,-16.85116231954012
000624.pid, fire_hydrant, 8.363613510131845, -17.088996505737317, -2.940769290924073, 0.4115992784500122,148.33305866788504
000625.pid, fire_hydrant, 8.392462730407724, -17.126084518432627, -2.947283220291138, 0.3729286193847656,159.75458103422915
000627.pid, fire_hydrant, 8.431871891021737, -17.19047005971274, -2.9509850343068447, 0.5342995524406433,-51.11572664290423
000629.pid, stop_sign, 37.1802978515625, -39.322156361171174, -2.410278524671281, 0.3266024887561798,100.00980376589014
