000029.pid, person, 25.878020858764653, -22.60534534454346, -2.782985067367552, 0.3681538701057434,130.3543513024642
000031.pid, person, 25.88325985995206, -22.58044242858887, -2.785222335295242, 0.3523145020008087,122.53583809917045
000032.pid, person, 26.386059522628788, -25.246812105178833, -2.4970763996243464, 0.35120633244514465,-72.45303506481756
000033.pid, person, 25.913608233133957, -22.590989112854004, -2.858644068241118, 0.3461410105228424,116.60928398104733
000034.pid, car, 26.39443016052246, -25.22962236404419, -2.549341730773448, 0.3140057623386383,-72.47596667865147
000035.pid, person, 26.406419277191166, -25.247430086135864, -2.4966207519173613, 0.329694002866745,-72.2536472714718
000036.pid, person, 25.910330636160715, -22.57112775530134, -2.8350765364510653, 0.3520587384700775,122.56415155101487
000037.pid, car, 25.904614962064308, -22.59419690645658, -2.8450627877162042, 0.306308776140213,127.48088473113094
000041.pid, car, 25.904308727809365, -22.598637308393204, -2.830808469227381, 0.32031866908073425,121.68121591749087
000044.pid, person, 26.934065103530884, -27.959595441818237, -2.2687545418739306, 0.3638169467449188,-72.01666758043291
000045.pid, person, 25.89773025512696, -22.63399028778076, -2.8039274930953964, 0.36060184240341187,127.98833280414523
000046.pid, person, 25.890220642089844, -22.593021074930828, -2.802509486675261, 0.35935458540916443,122.54848631272247
000047.pid, person, 25.87046623229981, -22.59244121204723, -2.7490417090329244, 0.3732503354549408,129.2363645306457
000048.pid, person, 25.870520973205565, -22.558517837524413, -2.7687064886093133, 0.3782491385936737,123.40029394864004
000049.pid, person, 25.743776321411133, -22.44852485656738, -2.6282756328582755, 0.375070184469223,65.90915779096946
000050.pid, person, 25.74968051910401, -22.464097023010257, -2.5893645882606484, 0.3510686457157135,64.37790602925507
000051.pid, person, 25.77452500661214, -22.429746945699055, -2.6558127800623565, 0.3462439775466919,63.6089547260839
000053.pid, person, 26.108182907104496, -50.425397237141915, -1.331714630126952, 0.5352510809898376,-34.4624588290902
000054.pid, person, 25.922664789053115, -22.629719514113205, -2.850236195784348, 0.36640894412994385,123.6442239258003
000055.pid, person, 25.915796279907227, -22.585677283150808, -2.849130426134381, 0.37187033891677856,132.1743457247936
000056.pid, person, 26.009368419647217, -50.661959648132324, -1.3107720911502836, 0.5170539021492004,-102.31673793955667
000056.pid, person, 25.92798941476005, -22.603461538042342, -2.843872666358947, 0.38607966899871826,124.17697260946964
000057.pid, person, 26.349654912948612, -25.23590874671936, -2.4704711511731143, 0.36555159091949463,-72.33316586621467
000058.pid, person, 25.91488942232999, -22.602887240323152, -2.830115014856511, 0.36341381072998047,123.27447055972178
000059.pid, person, 25.907425562540695, -22.59289836883545, -2.8258906801541634, 0.36047133803367615,126.5905433955412
000060.pid, person, 26.44966397966658, -25.629506247384207, -2.4233713831220345, 0.3734167218208313,-72.31790567080972
000061.pid, person, 25.90359086256761, -22.579765026385967, -2.818043653781596, 0.3701011836528778,124.32281384596622
000062.pid, person, 25.90573533376058, -22.597739219665527, -2.82390511035919, 0.37115710973739624,130.1339259395291
000063.pid, person, 25.870962905883793, -22.58329792022705, -2.795730686187743, 0.3698894679546356,127.00466151322743
000065.pid, person, 26.48014227549235, -26.087244669596355, -2.294285317262012, 0.3256574273109436,-72.21198775282727
000067.pid, person, 25.855041080051002, -22.53812683953179, -2.7486133575439435, 0.3410262167453766,-52.31073056005627
000068.pid, person, 25.883213255140518, -22.57294273376465, -2.765275425381129, 0.3477655053138733,126.73883172305757
000069.pid, person, 25.880890607833866, -22.605154037475593, -2.763774216175078, 0.3470424711704254,132.85670324181686
000070.pid, person, 25.876090526580814, -22.605427742004387, -2.7631196379661547, 0.35142457485198975,132.2056675946271
000071.pid, person, 26.10220781962077, -50.41526540120443, -1.3336420059204102, 0.5221262574195862,-26.99311848754219
000071.pid, person, 25.886843872070312, -22.602828598022462, -2.783735370635985, 0.3570835292339325,130.7863510867824
000074.pid, person, 25.913084910466125, -22.606950759887695, -2.8340551302983203, 0.38117262721061707,125.80641328979726
000075.pid, person, 25.892765998840332, -22.591369311014812, -2.8014935255050655, 0.36844778060913086,123.04803998315217
000076.pid, person, 26.479806900024414, -26.08820120493571, -2.294386029243468, 0.3591659963130951,-72.19680430799397
000077.pid, person, 25.77244091033936, -22.434165636698413, -2.6559367577234894, 0.36634689569473267,66.4263937523552
000078.pid, person, 25.76013336181641, -22.435824584960937, -2.6285453796386706, 0.36185869574546814,65.73659439965384
000079.pid, person, 25.757485198974614, -22.448714065551755, -2.6290568828582748, 0.3622932732105255,76.05772481654768
000080.pid, person, 25.73096179962159, -22.473206996917728, -2.588771700859068, 0.3564382493495941,67.444102978586
000081.pid, person, 25.878255844116214, -22.568071153428818, -2.7662365966373006, 0.35704466700553894,123.30728072070448
000082.pid, person, 25.762839508056647, -22.448640060424804, -2.6293451309204094, 0.36381834745407104,76.93035007935116
000083.pid, person, 25.747152328491218, -22.459414005279545, -2.5889810323715188, 0.3663947582244873,63.9242961416749
000084.pid, person, 25.882924153254585, -22.59730471097506, -2.793947366567757, 0.41180112957954407,131.7057156107669
000085.pid, person, 25.905396938323975, -22.607824325561523, -2.8200987180074044, 0.39242345094680786,124.92654045185873
000086.pid, person, 25.91915616122159, -22.61830572648482, -2.81793037327853, 0.39920660853385925,134.78124343397752
000087.pid, person, 25.877160814073353, -22.572964350382488, -2.8108481831020757, 0.38915571570396423,122.22177437482145
000088.pid, person, 25.877737998962402, -22.60171389579773, -2.765513062477111, 0.3547830879688263,130.69969335501312
000089.pid, person, 25.887268638610845, -22.601546669006346, -2.784700489044188, 0.3584476411342621,129.57587383689366
000090.pid, person, 25.898801803588867, -22.60959710015191, -2.7831714948018376, 0.3640677034854889,129.88336645649923
000091.pid, person, 25.87513966030545, -22.581315782335075, -2.7657249768575016, 0.37058958411216736,130.2252118400267
000092.pid, person, 26.617673492431642, -26.83632125854492, -2.195912003517149, 0.34751448035240173,-72.20167795620307
000093.pid, person, 25.87900829315186, -22.60016393661499, -2.76350051164627, 0.35288313031196594,130.732891804154
000094.pid, person, 25.926263289018117, -22.613318009810015, -2.818591074510053, 0.3800112307071686,126.01478590490665
000095.pid, person, 26.339566124810112, -24.962010701497395, -2.5101384984122372, 0.3760387897491455,-72.46690849671126
000096.pid, person, 25.336172580718994, -49.28675079345703, -1.2191217094659792, 0.48506155610084534,106.75717000963611
000097.pid, truck, 25.918420664469405, -22.62167625427246, -2.8513106505076076, 0.30405813455581665,124.9063277315363
000098.pid, car, 25.901202568641075, -22.579351571890022, -2.8208237978128277, 0.32545387744903564,122.69908427911353
000099.pid, person, 25.896395423195585, -22.60270118713379, -2.8047175190665503, 0.3231376111507416,126.91421204642425
000100.pid, person, 25.907825990156695, -22.626194867220793, -2.827038721604779, 0.3404841125011444,123.21545529695749
000101.pid, person, 26.27009868621826, -24.711979103088378, -2.508364874124525, 0.3310222029685974,-72.38687055443992
000102.pid, person, 25.757095336914062, -22.455222702026365, -2.6293823242187493, 0.31867972016334534,73.35909197178938
000104.pid, truck, 25.923299962824046, -22.602046619762078, -2.8234677748246613, 0.32179495692253113,125.99021538189096
000105.pid, person, 25.87074136734009, -22.60303243001302, -2.776392579078673, 0.366441935300827,129.7212706661519
000107.pid, person, 25.901601271195844, -22.576637268066406, -2.810638015920464, 0.3336085379123688,132.1805018269499
000108.pid, person, 25.905754407246906, -22.59401257832845, -2.8228413065274545, 0.35276347398757935,129.19358573432967
000109.pid, person, 25.90926392873128, -22.605841636657715, -2.8178739547729488, 0.3526866137981415,125.54721133618072
000110.pid, person, 25.91044304587625, -22.612368496981535, -2.8295049667358385, 0.35528892278671265,126.09839384585976
000111.pid, person, 25.90041097005209, -22.603719234466553, -2.8259607950846335, 0.339391827583313,128.00800138020796
000112.pid, person, 25.868816648210803, -22.572457994733536, -2.737857239586965, 0.3280310332775116,127.27791142153754
000113.pid, person, 25.88575808207194, -22.613179047902424, -2.8268830776214595, 0.34359827637672424,123.25308917565465
000114.pid, person, 26.35175442695618, -25.23891258239746, -2.468860261142253, 0.366161584854126,-72.38221324116202
000115.pid, person, 25.892057858980618, -22.59750879727877, -2.8206993616544267, 0.364279568195343,119.28852999659627
000116.pid, person, 26.11051495869955, -50.44043095906576, -1.3312094211578362, 0.5835320949554443,-32.24277187756774
000116.pid, person, 25.756793498992927, -22.490880489349365, -2.591201126575468, 0.37257957458496094,-114.7360686712756
000118.pid, person, 25.765679931640626, -22.425821304321293, -2.6283594131469714, 0.36695995926856995,65.22052717422483
000119.pid, person, 25.76711692810059, -22.438891220092785, -2.6291033744811996, 0.36506640911102295,74.74893385275881
000120.pid, person, 25.88365554809571, -22.605773925781257, -2.764294683933257, 0.3765186071395874,131.72825202657577
000121.pid, person, 25.916940542367794, -22.612729879525993, -2.827913522720336, 0.37621748447418213,127.53318077497106
000122.pid, person, 24.422548294067386, -46.47101338704427, -1.015227754910785, 0.5798211097717285,-73.5609789532156
000122.pid, person, 25.875674507834695, -22.576264294711027, -2.792166969992897, 0.38207367062568665,120.23103416586915
000123.pid, person, 25.85468183244978, -22.587986537388385, -2.7393195629119864, 0.3839006721973419,130.07257766956812
000124.pid, person, 25.887968858083095, -22.589850902557373, -2.803474247455595, 0.35523587465286255,119.75211879428548
000125.pid, person, 25.88059444427491, -22.59766540527344, -2.782474470138548, 0.3410273790359497,129.62944945964722
000126.pid, person, 25.870129966735846, -22.562160682678222, -2.7695646047592146, 0.3419744670391083,123.17407814352622
000127.pid, person, 25.862863063812263, -22.556506872177124, -2.744169652462004, 0.3331228196620941,127.75348623770299
000128.pid, person, 25.895862155490455, -22.62851905822754, -2.788529819912379, 0.3532758951187134,131.13697208891855
000129.pid, person, 26.448116030011864, -25.66226305280413, -2.409121547426495, 0.3488180339336395,-72.3539625279571
000131.pid, person, 25.8968093178489, -22.60106728293679, -2.805406353690407, 0.36149895191192627,126.98689586171965
000134.pid, person, 24.564801534016933, -46.57400512695313, -0.9120572010676048, 0.4306221008300781,-77.62174645446495
000134.pid, car, 25.904194259643557, -22.601211293538416, -2.844441493352252, 0.3543150722980499,117.986712814188
000135.pid, person, 26.09413464864096, -50.41694005330404, -1.3367720444997129, 0.4178118109703064,-25.127970359439406
000135.pid, person, 25.92040933881487, -22.579710960388184, -2.8544773544583992, 0.3656604290008545,126.69854998190773
000137.pid, person, 25.90452041625977, -50.78624801635742, -1.1945829629898057, 0.3918922245502472,-99.98446818305263
000139.pid, person, 26.170236587524418, -50.5048828125, -1.2591372330983475, 0.43292805552482605,150.52596922899107
000139.pid, person, 25.756568527221685, -22.46432495117188, -2.629819345474241, 0.3218575417995453,73.88483227162347
000143.pid, person, 25.762485504150398, -22.424633026123047, -2.6280990123748764, 0.35333335399627686,66.3332786287096
000144.pid, person, 21.259501457214366, -28.14877748489381, -3.100346565246582, 0.31102126836776733,-45.106353875413205
000149.pid, car, 25.91665179912861, -22.637908055232124, -2.851718242351824, 0.3498308062553406,124.60217190267576
000150.pid, person, 26.464964730398997, -25.6416563306536, -2.409313704286301, 0.3547176122665405,-72.28837335117248
000151.pid, person, 25.846078872680668, -50.68909581502279, -1.2206604282061264, 0.6115614175796509,-119.48661576039362
000151.pid, person, 22.26092497507732, -27.327938079833995, -3.663370490074158, 0.5059803128242493,-104.45392195512659
000151.pid, person, 25.873885393142704, -22.586405515670776, -2.7720341384410836, 0.357140451669693,128.1326392304895
000152.pid, truck, 26.363853454589844, -24.9373115963406, -2.5515161289109116, 0.3565199673175812,-72.41298921835556
000154.pid, person, 21.860443695731785, -27.826428537783414, -2.909351836080136, 0.478267639875412,63.29211612749623
000154.pid, car, 25.906887690226238, -22.596635977427166, -2.821596364180245, 0.35678884387016296,131.55792441884373
000155.pid, person, 21.969071252005442, -27.623716763087682, -3.037622485842022, 0.4392959475517273,58.160326939007156
000155.pid, person, 25.920101801554367, -22.620787779490154, -2.8365963498751303, 0.3741489350795746,128.9106629996873
000156.pid, person, 22.393293717328245, -30.271672080544864, -2.8568147491006277, 0.4170891046524048,-73.11520471157499
000156.pid, person, 25.893887779929422, -22.59747210415927, -2.809348734942348, 0.40049391984939575,127.43745919284142
000157.pid, person, 22.004913330078125, -28.923708915710453, -2.8757322260311655, 0.4503133296966553,-78.34737264100323
000157.pid, person, 25.906349590846474, -22.592346600123815, -2.831068260329109, 0.40432217717170715,121.54679114833324
000158.pid, person, 22.011502742767338, -27.4766432762146, -3.146144568920135, 0.5352650880813599,63.116877549351734
000158.pid, person, 25.910067367553715, -22.614688682556153, -2.8057330369949325, 0.41238439083099365,125.78453177171505
000159.pid, person, 21.956869735717778, -27.593198776245117, -3.083241186141967, 0.4767281115055084,67.40184173387907
000159.pid, person, 25.890320117657005, -22.610964848445015, -2.783325433731078, 0.40045660734176636,131.4341300199959
000160.pid, person, 22.27299367464506, -29.43044486412635, -2.759420825884891, 0.41760626435279846,-74.96668223922629
000160.pid, person, 25.898988723754883, -22.593546231587727, -2.8234561880429574, 0.39263179898262024,128.15987752545564
000161.pid, person, 21.910239890769677, -27.88025396841544, -2.6774360956969074, 0.4458024799823761,-37.783860301598715
000161.pid, person, 25.940014012654625, -22.635068130493163, -2.8618452390034985, 0.41040071845054626,125.48998322018086
000162.pid, person, 25.87490099126643, -22.571064342151995, -2.7959920276295036, 0.39142853021621704,119.01504312504692
000162.pid, person, 21.96196413040161, -27.88597243172782, -2.7014895847865503, 0.3771061897277832,-32.28011099751693
000163.pid, person, 22.061307157788963, -27.681945460183282, -3.0208019954817638, 0.42892342805862427,75.88350894856455
000163.pid, person, 25.893647974187683, -22.59520894830877, -2.8101315498352033, 0.38744667172431946,122.71084681200138
000163.pid, person, 21.99953736199273, -27.91346698337131, -2.7604438640453193, 0.37824925780296326,152.7007787453316
000164.pid, person, 22.1156846182687, -27.69028347560338, -2.9789012227739606, 0.4931051433086395,82.92583755429749
000164.pid, person, 25.881306908347394, -22.581666252829816, -2.786048455671829, 0.33604225516319275,122.9676082236195
000165.pid, person, 22.123116700545605, -27.65396955738897, -2.9850722395855436, 0.42138054966926575,84.92505674559521
000165.pid, person, 25.910544308749117, -22.623775828968395, -2.8236955079165345, 0.35420432686805725,128.31827577708555
000166.pid, person, 22.179577069404797, -27.74759639837803, -3.04917427821037, 0.47701263427734375,88.33409057200186
000166.pid, person, 26.377783536911014, -25.244798183441162, -2.4583209082484236, 0.3546004891395569,-72.44553652953408
000167.pid, person, 22.187836422639737, -27.744019676657285, -3.0085899268879603, 0.5649521350860596,90.0169139947301
000167.pid, person, 25.92591794331869, -22.606843789418537, -2.837365090847014, 0.36165791749954224,129.40223247618306
000168.pid, person, 22.20524230756258, -27.789562727275648, -2.9645151966496512, 0.6096577048301697,87.8432069252052
000168.pid, person, 25.89908174368052, -22.59191762484037, -2.8178772926330558, 0.379686176776886,120.11295450747583
000169.pid, person, 22.23232287168503, -27.778365314006805, -3.0456825941801067, 0.6247088313102722,93.32430319205669
000169.pid, person, 25.906235781582925, -22.63065667585893, -2.823625109412451, 0.37757623195648193,127.52273682077484
000170.pid, person, 22.213140824261835, -27.705787602592917, -3.084747763241038, 0.522097110748291,91.22591493193265
000170.pid, person, 25.89923303777522, -22.590210134332832, -2.805511517958206, 0.35946792364120483,130.83921775441476
000171.pid, person, 22.212374536614668, -27.734680376554792, -3.08865874064596, 0.46519941091537476,92.59360902006149
000171.pid, person, 25.895819590641906, -22.58307383610652, -2.8227098171527554, 0.35353291034698486,119.87839964329895
000172.pid, person, 22.214208841323853, -27.68903684616089, -3.079728178679942, 0.42969170212745667,94.89397805721299
000172.pid, car, 25.924547513326015, -22.600485165913906, -2.843418955802916, 0.3500116765499115,121.7337477895378
000173.pid, person, 25.89040218700062, -22.588180195201527, -2.8136569803411304, 0.3493584990501404,129.2028127393888
000173.pid, car, 22.178152960699958, -27.670604190310918, -3.067121254431234, 0.3603370487689972,92.50196064853002
000174.pid, person, 22.198234372022675, -27.671630952416397, -3.032910777301322, 0.3545893430709839,92.60125643089742
000175.pid, person, 22.18124846524971, -27.592056008272394, -3.0654776318128714, 0.35749155282974243,91.02789018695304
000176.pid, car, 22.147825099803782, -27.535121635154443, -3.0259624322255445, 0.32457447052001953,87.26633845023012
000177.pid, car, 22.165843055361798, -27.600989069257462, -3.0494951804478956, 0.3035776913166046,91.06746017134796
000178.pid, person, 22.175225918109604, -27.57043814047789, -3.0090793951963763, 0.3376094400882721,85.9937097844357
000179.pid, person, 22.180951570209707, -27.62548958627801, -3.040959690746508, 0.34578707814216614,90.86068098430411
000180.pid, person, 22.19247711406035, -27.54520663093118, -3.0732319074518535, 0.4058401882648468,88.15239925516552
000180.pid, person, 25.739434814453126, -22.458345413208004, -2.6285267353057846, 0.3080366551876068,67.8228929504165
000181.pid, person, 22.198553525484527, -27.510197419386643, -3.0949064340346895, 0.39250466227531433,88.03287125730687
000181.pid, person, 25.744606971740726, -22.468402385711673, -2.589306473731993, 0.3007271885871887,63.916641877332
000182.pid, person, 22.175880627754406, -27.59028517894256, -2.981903638595189, 0.38096103072166443,90.93588845369716
000183.pid, person, 22.153778314590454, -27.49960857629776, -3.075423672795295, 0.32742369174957275,85.31498459263386
000197.pid, person, 26.44506508963449, -25.661954879760742, -2.4095541068485784, 0.30450424551963806,-72.36403368019165
000198.pid, person, 42.06905937194825, -38.82257652282715, -0.39832289516925745, 0.3079296052455902,-66.24583257128106
000200.pid, person, 25.90728823343913, -22.59501886367798, -2.824177761872608, 0.356190025806427,125.0191676229523
000201.pid, person, 25.915258089701336, -22.627619266510006, -2.8369356393814082, 0.3476109802722931,129.30862112820415
000203.pid, car, 26.294101715087894, -24.928795920477974, -2.460925314161511, 0.34926849603652954,-72.40641913956298
000216.pid, person, 25.897416548295453, -22.607216921719637, -2.8044564290480167, 0.33990997076034546,129.97960004898908
000217.pid, car, 25.903294018336705, -22.60314873286656, -2.830006837844848, 0.3423841595649719,118.54518536618558
000219.pid, person, 25.911706288655598, -22.591839631398518, -2.8205550909042354, 0.34384405612945557,130.7081287206024
000219.pid, car, 17.08252811431887, -55.97486795697894, -3.234640308788844, 0.42005518078804016,-92.9393183366939
000220.pid, person, 25.89331674575806, -22.591230392456055, -2.8284076054890943, 0.3546898663043976,125.46986423951205
000220.pid, car, 17.14476120471956, -54.79520964622498, -2.9562402665615077, 0.5500321388244629,-95.00861692874102
000221.pid, person, 25.910487435080793, -22.603193803267047, -2.8336966037750235, 0.3510158061981201,119.78915525137933
000221.pid, car, 17.300491679798487, -54.133533824573874, -2.941724495454268, 0.5763072371482849,-96.49869458849432
000222.pid, person, 25.905749797821045, -22.595954418182377, -2.8243044217427564, 0.327775776386261,128.84835669116748
000222.pid, car, 17.523919494063776, -52.8835142630118, -3.1149007126137063, 0.3876413404941559,-100.45094850110027
000223.pid, person, 26.354083538055427, -25.237366437911987, -2.4682843238115293, 0.33831360936164856,-72.3582767510199
000223.pid, car, 17.3808757464091, -52.43131637573242, -2.861880024274189, 0.6484199166297913,-90.96468708371572
000223.pid, car, 17.752160727977763, -51.68063855171204, -3.2064870819449425, 0.5027267932891846,-104.19325230615604
000224.pid, person, 25.92920171297514, -22.61086478600135, -2.8513034673837505, 0.3285294771194458,123.90791553803375
000224.pid, person, 22.177641481966585, -27.514271091770482, -2.9978205835497054, 0.31236162781715393,86.48535425897012
000224.pid, car, 17.595318041349714, -51.50467139796207, -2.8099387570431347, 0.6516864895820618,-86.59041028047298
000224.pid, car, 17.921396108774044, -50.82947775033805, -3.183104276657104, 0.41258910298347473,-105.65631768760346
000225.pid, person, 22.173168126274557, -27.559374809265137, -3.003389064003439, 0.3166387975215912,87.56365668087804
000225.pid, car, 18.17436071542593, -50.34666809668908, -2.973657919810368, 0.659689724445343,-101.45567681579917
000225.pid, car, 18.249013115378, -50.031639996696924, -3.207161587827346, 0.34485557675361633,-91.69810940476194
000226.pid, person, 25.923200020423305, -22.625739611112156, -2.8520545042478114, 0.30474376678466797,119.95060728243847
000226.pid, car, 18.33051531655448, -49.44020175933838, -3.0057497961180544, 0.6473661065101624,-98.07847776216275
000226.pid, car, 22.173342093443264, -27.525394733135517, -2.981838110165718, 0.3092140853404999,86.50410239543379
000227.pid, car, 18.22722527288622, -48.82535589894941, -2.9921964522330984, 0.7158704996109009,-86.5173427942972
000227.pid, car, 25.901315053304042, -22.597413221995037, -2.826299965381622, 0.3130805790424347,128.21201742960832
000228.pid, person, 25.881098937988288, -22.60324001312256, -2.78936834335327, 0.33112195134162903,125.33209464595399
000228.pid, person, 22.193995294116792, -27.506555193946475, -3.0378519864309395, 0.329088032245636,84.41627688684989
000228.pid, car, 18.144335389137268, -48.34845757484436, -2.90341030806303, 0.7236326336860657,88.6272126977621
000228.pid, car, 18.377004022951482, -48.32792705959745, -3.184783436633922, 0.3093571662902832,-88.09774936982708
000229.pid, person, 22.182193374633794, -27.507405916849773, -3.0483575264612828, 0.33117979764938354,86.27096395187415
000229.pid, car, 18.357265833261852, -47.66748314934808, -3.0360145311097835, 0.6748750805854797,89.90005772857462
000229.pid, car, 18.442044705760726, -47.39385939617547, -3.2076982478706206, 0.376090943813324,-85.36413115563619
000230.pid, car, 18.46101586023967, -46.65077940622965, -3.0566156903902684, 0.6712570190429688,-82.87135086761825
000230.pid, car, 22.17973511794518, -27.443394693835028, -3.0350131330818955, 0.3325828015804291,80.88899199832873
000231.pid, person, 22.160466194152836, -27.550086617469788, -2.9291172921657553, 0.31984302401542664,82.33803582397847
000231.pid, car, 18.57271246476607, -45.88778807900169, -3.1113050959326998, 0.6744136810302734,-83.65424315174218
000232.pid, person, 22.193483414188513, -27.440447222801946, -3.0957704436394473, 0.3542539179325104,83.08426670823694
000232.pid, person, 25.90809265772502, -22.611234188079834, -2.8165478308995553, 0.34577253460884094,132.10992666769565
000232.pid, car, 18.564514958581263, -45.32148627347725, -3.0606475541757976, 0.633813202381134,93.7691418619025
000233.pid, person, 22.15287882089615, -27.5396186709404, -2.9878517389297476, 0.3474995791912079,85.62217580183888
000233.pid, person, 25.889711380004886, -22.603388352827594, -2.8015330271287384, 0.34364578127861023,133.38289429674273
000233.pid, car, 18.665330341884072, -44.18619296015525, -3.1866305166361277, 0.5920041799545288,-85.0169616439106
000234.pid, person, 22.16153599665715, -27.4475831251878, -3.0028717426153326, 0.369613915681839,80.6518583993774
000234.pid, person, 25.918305483731363, -22.619924718683418, -2.818247491663151, 0.3314317762851715,131.49594297427834
000234.pid, car, 18.698580091649838, -43.7357063293457, -3.146558241410688, 0.5865214467048645,93.19126790575669
000234.pid, car, 18.570111429968552, -43.3959162512491, -3.2348138010779093, 0.5509471893310547,-82.63282414676874
000235.pid, person, 22.156539412105786, -27.526644875021542, -2.9727177760180297, 0.3769589364528656,82.92750637134445
000235.pid, person, 25.910820007324222, -22.600140026637487, -2.824558121817451, 0.34473222494125366,123.74249341614583
000235.pid, car, 18.817294994990032, -43.15402436256409, -3.2006334016720452, 0.6633870005607605,88.15491641808103
000236.pid, person, 22.15630019794811, -27.570974263277922, -2.862836079163984, 0.40270036458969116,67.3449252511691
000236.pid, person, 25.870934486389164, -22.593497037887573, -2.771176636219023, 0.31625571846961975,129.83473229154944
000236.pid, car, 18.811717208550903, -42.03697313581194, -3.2034941546770987, 0.7189841270446777,-81.04287019578982
000237.pid, person, 22.16387075185776, -27.525579929351807, -3.013187855482101, 0.4109145998954773,84.76917934763891
000237.pid, car, 18.703361783708846, -41.09049533662342, -3.1525202478681287, 0.7555536031723022,-80.28297183954928
000238.pid, person, 22.166555949619838, -27.4777090208871, -3.0328381742749886, 0.41472387313842773,81.63061773276955
000238.pid, car, 18.78442274440419, -40.56073752316561, -3.2157269987193016, 0.7113158702850342,-79.34515940667981
000239.pid, person, 22.14005967548916, -27.478912694113596, -2.969775668212345, 0.4054137170314789,79.51803759212045
000239.pid, car, 18.830363867417823, -40.0993913614525, -3.2647269446894804, 0.7083900570869446,-79.07385376007389
000240.pid, person, 22.168109226226807, -27.50363368988037, -2.9077487111091607, 0.3970620632171631,63.00303016955107
000240.pid, car, 18.719238978165848, -39.380305583660416, -3.233084155963017, 0.7511480450630188,-80.08966981418587
000241.pid, person, 22.103725346651945, -27.574483264576305, -2.7775373242118135, 0.41511520743370056,64.09786847938446
000241.pid, car, 18.836842654044172, -38.934568773236194, -3.2601514071748965, 0.7485817074775696,-80.76616922970075
000242.pid, person, 22.135550719041092, -27.527247648972732, -2.8527399760026193, 0.4246218204498291,64.38114788332611
000242.pid, car, 18.88071205832742, -38.457978543368256, -3.2587495933879507, 0.7124072909355164,-83.27172789694998
000243.pid, person, 22.166213141547313, -27.470481660630966, -2.9105359624933302, 0.4126851558685303,61.738552514073334
000243.pid, car, 18.927114594657468, -37.8467466246407, -3.254563952392002, 0.7137069702148438,-81.5746261627661
000244.pid, person, 22.16469177246094, -27.467343215942382, -2.891457834243774, 0.4154711365699768,60.92576291425898
000244.pid, person, 25.769038518269863, -22.45225461324056, -2.6566729148228947, 0.3143424391746521,68.32278297832144
000244.pid, car, 19.02151743570964, -37.63207619650323, -3.2116223971048985, 0.640245795249939,-82.52113023135087
000245.pid, person, 22.136117630004883, -27.547460861206055, -2.836337642669678, 0.41090333461761475,61.46888933693612
000245.pid, person, 25.73845799763998, -22.482880274454754, -2.5896939436594635, 0.32131117582321167,63.73985199359224
000245.pid, car, 19.01329603033551, -36.750479552705414, -3.2925605975975425, 0.6969406604766846,-81.31679195901543
000246.pid, person, 22.171333885192873, -27.42459907531738, -2.919687855243682, 0.42775407433509827,65.38874871222579
000246.pid, person, 25.753982925415038, -22.435593032836913, -2.6281919479370104, 0.32002633810043335,64.08635513833377
000246.pid, car, 18.984538992245998, -36.32955535252889, -3.195806751648585, 0.7166346311569214,-80.22115019532183
000247.pid, person, 22.141297225952155, -27.52202194213867, -2.847786769866943, 0.421429842710495,62.78776942340187
000247.pid, person, 25.761746597290045, -22.44503440856934, -2.6291219234466534, 0.31553295254707336,72.97873789895739
000247.pid, car, 18.990526047963943, -36.021640232631135, -3.2517852707514683, 0.7203472256660461,-79.89880195812347
000248.pid, person, 22.183333079020187, -27.428295029534237, -2.9247774283091217, 0.40203243494033813,61.90239807851471
000248.pid, person, 25.75314826965332, -22.441411209106445, -2.6284244537353505, 0.31275996565818787,66.21221014772752
000248.pid, car, 18.952604682357226, -35.46283008434155, -3.2033180748974837, 0.7046481370925903,-80.9806368450293
000249.pid, person, 22.234526120699368, -27.301174750694862, -3.0452026954063998, 0.42613980174064636,-109.15136694303294
000249.pid, car, 18.969576132102095, -35.486043085817435, -3.167016865777188, 0.7626767754554749,-79.15747342989005
000250.pid, person, 22.18177175521851, -27.459129333496094, -2.8893913269042963, 0.43062952160835266,63.64022135722122
000250.pid, person, 25.753435516357428, -22.46427841186524, -2.6296519279479966, 0.31629452109336853,71.12407538837516
000250.pid, car, 19.042733897333562, -35.1420661262844, -3.2249726972718173, 0.7448050379753113,-78.39344977137432
000251.pid, person, 22.250103290264427, -27.30969502375676, -3.0683588614830595, 0.4393049478530884,-110.2296359717705
000251.pid, person, 25.743545150756837, -22.448788833618167, -2.628266382217407, 0.3074479103088379,66.2048409905562
000251.pid, car, 19.064804693368764, -34.607472463754505, -3.145551857581505, 0.7742459774017334,-83.16068416797421
000252.pid, person, 22.172012329101562, -27.47769331932068, -2.873840739329655, 0.397890567779541,61.77359671436451
000252.pid, car, 19.01231818902688, -34.35908226888689, -3.1868459553015036, 0.7659943699836731,-78.4643900049144
000253.pid, person, 22.287020683288574, -26.98261070251466, -3.2579140663146955, 0.4000503718852997,-98.56877352773478
000253.pid, car, 18.9477662571141, -33.950450146784554, -3.179996439667999, 0.7834470868110657,-80.05079479262463
000254.pid, person, 22.22025156021118, -27.269768953323364, -3.018692016601562, 0.3736423850059509,-106.36662979438714
000254.pid, person, 25.88782062530518, -22.60319843292237, -2.7842426776885967, 0.3547145128250122,130.61287949772301
000254.pid, car, 19.0155385116051, -33.599920108400546, -3.177268718851024, 0.7634680867195129,-79.23087968960704
000255.pid, person, 22.240609407424927, -27.354384541511536, -3.0288334339857084, 0.38318395614624023,-112.51638299769155
000255.pid, car, 19.015088112123554, -33.27146148681641, -3.2347814806046022, 0.7543712258338928,-79.6647243380628
000256.pid, person, 25.892365349663628, -22.61051368713379, -2.7891885704464374, 0.34438854455947876,126.59300603928837
000256.pid, car, 19.030078991976655, -33.0311714519154, -3.1735604372891513, 0.7727528810501099,-79.47967502696898
000257.pid, car, 19.099713107995825, -33.22161199335467, -3.2452280144942436, 0.775382936000824,-81.51301466366351
000257.pid, car, 25.898327282496865, -22.60745988573347, -2.7991412367139534, 0.3429165482521057,135.26383201637532
000258.pid, person, 22.295871734619144, -26.970161056518556, -3.2522672176361076, 0.35611268877983093,-104.36479028413001
000258.pid, person, 25.890330844455296, -22.61783811781141, -2.7885394096374494, 0.3475119173526764,126.11805951029723
000258.pid, car, 19.012913049436087, -32.738219392065915, -3.190264673794017, 0.7403528690338135,-78.86117870522537
000259.pid, car, 19.122003774173926, -32.61491506607806, -3.172166789164309, 0.7221910357475281,-82.13248102882324
000260.pid, car, 19.138414188966916, -32.69903987949177, -3.093129760127956, 0.6920785903930664,-82.09591021130919
000261.pid, person, 22.293447113037114, -26.973071670532228, -3.2537892341613763, 0.3678153455257416,-108.15073983851389
000261.pid, car, 19.06741162708828, -32.321087564740864, -3.166072211095265, 0.7273131012916565,-80.93889490680277
000262.pid, car, 19.05805099219607, -32.1316834834584, -3.0964335726018537, 0.7132792472839355,-81.84078428890876
000263.pid, car, 19.080738740808822, -32.178084036883185, -3.1404644531362194, 0.7203330993652344,-83.06822944420551
000264.pid, person, 25.893165747324627, -22.597469647725422, -2.8257766962051374, 0.3680415749549866,128.8660666939523
000264.pid, car, 19.045869112014774, -32.14458936452866, -3.114254977554083, 0.7194485664367676,-85.79779869456056
000265.pid, person, 25.88826009962294, -22.623722500271267, -2.786252790027193, 0.36417025327682495,131.45302336213425
000265.pid, car, 19.084126747260658, -32.0035130775581, -3.1040188740875756, 0.7215035557746887,-79.89239013056047
000266.pid, person, 25.915742140549884, -22.613580997173603, -2.828921519792996, 0.3663829267024994,126.59147607139225
000266.pid, car, 19.012643752559544, -32.017204223140595, -3.1603994523325274, 0.7167264819145203,-82.687026062884
000267.pid, person, 25.89455350240072, -22.60318268669976, -2.7913505501217304, 0.34970352053642273,124.6042646783917
000267.pid, car, 19.08401331305504, -31.85117295384407, -3.113403536379337, 0.6997825503349304,-86.72020513359791
000268.pid, person, 25.89787658055624, -22.58736276626587, -2.798228522141773, 0.3253864645957947,122.87279866032202
000268.pid, car, 19.159347856961766, -31.880529022216805, -3.1741418728461634, 0.7408360242843628,-84.51383492480784
000269.pid, car, 19.08281135559082, -31.858605748956855, -3.1515775247053663, 0.7232359051704407,-90.53004317581917
000270.pid, car, 19.06559244791667, -31.578033083961127, -3.1744388398670016, 0.6896255612373352,-86.38512981493753
000271.pid, car, 19.046938497369943, -31.962986096468843, -3.147645612196489, 0.7365803122520447,-86.23206978979903
000272.pid, person, 25.77149550120036, -22.44031524658203, -2.656200249989826, 0.3157755434513092,66.40295203184459
000272.pid, car, 19.06492925371443, -31.839394487653465, -3.0991976840155466, 0.7241439819335938,-85.23318563271465
000273.pid, person, 25.743698120117188, -22.44984931945801, -2.62831287384033, 0.3119374215602875,67.69021774272794
000273.pid, car, 19.09072471031776, -31.87333418039176, -3.105466971030602, 0.7094800472259521,-84.0545804943091
000274.pid, person, 25.923463648015808, -22.599822998046875, -2.8261020400307384, 0.36404961347579956,122.42377326622938
000274.pid, car, 19.03396911051736, -31.973726244115124, -3.0759364989266467, 0.7363786697387695,90.45646587673559
000275.pid, person, 25.888928572336837, -22.574571927388508, -2.8077933986981702, 0.35819992423057556,121.24670599165317
000275.pid, car, 19.06277258921478, -31.982213327440167, -3.05138920525373, 0.7230990529060364,85.71943330765707
000276.pid, person, 25.907117366790775, -22.61374314626058, -2.8163384000460305, 0.38823288679122925,126.30155962417766
000276.pid, car, 19.092285059266175, -31.96503917241501, -3.073365094298023, 0.7336703538894653,87.5355968990371
000277.pid, person, 25.884361267089844, -22.604955673217777, -2.7630224525928475, 0.39311525225639343,134.28804363738487
000277.pid, car, 19.009476436268205, -32.02625919688832, -3.0816222234205766, 0.7212257385253906,88.43103290199328
000278.pid, person, 25.884343927556817, -22.606504266912285, -2.8036253235556843, 0.3941133916378021,130.65892288366788
000278.pid, car, 19.103372747247874, -32.04790136163886, -3.0844776847145776, 0.7153162360191345,87.46147708511322
000279.pid, person, 25.87364234924317, -22.5560510635376, -2.768202710151671, 0.3816429376602173,122.7193512300427
000279.pid, car, 19.034463205645164, -32.05926848996071, -3.072180886422434, 0.7158440947532654,88.8194938554329
000280.pid, person, 25.750449816385906, -22.463079770406093, -2.5893606742223088, 0.36981335282325745,65.6366401026761
000280.pid, car, 19.10040196201258, -32.04694259375857, -3.0804382750862525, 0.6916840076446533,85.94388276776702
000281.pid, person, 25.75196380615235, -22.43550262451172, -2.6280432224273667, 0.3613477647304535,67.0185110521082
000281.pid, car, 19.17660875320435, -32.06648044586182, -3.062389882405599, 0.6881133317947388,89.98841139330165
000282.pid, person, 25.75387229919434, -22.4625602722168, -2.6295961380004877, 0.3641244173049927,72.96127678039248
000282.pid, car, 19.181321655494582, -31.759848414987765, -3.12008395747862, 0.680718719959259,87.3613497420101
000283.pid, person, 25.758417510986327, -22.435380554199217, -2.628415203094482, 0.3606639504432678,66.1909512401011
000283.pid, car, 19.041810788606348, -31.940209405464042, -3.0396682588677657, 0.6884787082672119,91.65150628347114
000284.pid, person, 25.73749961853028, -22.46300430297852, -2.628610515594481, 0.3079564571380615,70.07364746423495
000284.pid, car, 19.120708077042195, -31.632438341776535, -3.0508730146620016, 0.7072542309761047,84.98629976899421
000285.pid, person, 22.289383316040045, -26.974082946777344, -3.2561679363250713, 0.3403231203556061,-102.28088636171114
000285.pid, car, 19.186633639865455, -31.52817058563233, -3.129777001010047, 0.7026063203811646,-84.5504861208286
000286.pid, car, 19.12305095833792, -31.5407260303766, -3.07628075841447, 0.6814900636672974,86.2772016060235
000287.pid, car, 19.15896058461023, -31.238174953157944, -3.1439271730089944, 0.6991851329803467,-84.07563577067299
000288.pid, car, 19.10429866730221, -31.453324242243696, -3.115932411617703, 0.695086658000946,89.92450750964971
000289.pid, car, 19.166828272892882, -31.071119308471683, -3.1005779266357423, 0.7249377965927124,-81.6065422870953
000290.pid, car, 19.157752151489262, -31.054344456990567, -3.1138614559173585, 0.7098814249038696,90.09579195791446
000291.pid, car, 19.182278060913088, -30.79061212539673, -3.148853047688802, 0.7135127186775208,-84.2089415636899
000292.pid, car, 19.12206646653473, -30.582537760500053, -3.1557517833397037, 0.6889138221740723,-81.72559882524862
000293.pid, car, 19.168259830798135, -30.333600060414465, -3.133040403915664, 0.6875106692314148,-80.98799871039884
000294.pid, car, 19.21498569689299, -29.905272199396506, -3.17744771639506, 0.6378422379493713,-82.55566352235206
000295.pid, person, 25.73353652954102, -22.462676239013668, -2.6284151554107655, 0.3051064908504486,66.11831013308948
000295.pid, car, 19.19310315450033, -30.14992526725487, -3.1889094070152, 0.7201645374298096,91.9357515034622
000296.pid, car, 19.05187659567975, -29.583764055941973, -3.156502069310939, 0.7539728879928589,-79.27927313811463
000297.pid, car, 19.102886118207664, -29.741524696350105, -3.1434278079441618, 0.7476249933242798,90.3143168115548
000298.pid, car, 19.081716725083652, -29.22326291193728, -3.138398717661373, 0.7418296337127686,93.34993206890115
000299.pid, car, 19.138009314443554, -29.005435195623665, -3.1264871615989533, 0.7035076022148132,97.42243219257468
000300.pid, car, 19.090605841742622, -28.643089415535094, -3.1272307804652617, 0.7323110103607178,-79.97547282804138
000301.pid, car, 19.108054555695638, -28.04051070377745, -3.139342558795008, 0.7554209232330322,-83.72017091110314
000302.pid, car, 19.07247730537697, -27.785115030076767, -3.090248580332155, 0.7006095051765442,-84.20944783666823
000303.pid, car, 19.133298943259504, -27.372054394808682, -3.098333172364668, 0.7868841886520386,-86.69051605292063
000304.pid, person, 25.908281673084606, -22.627198652787648, -2.8225198659029855, 0.3446851372718811,129.19598918207143
000304.pid, car, 19.17323896620009, -27.181764355412238, -3.0665003591113615, 0.7527318596839905,-84.9822282791736
000305.pid, person, 25.889371554056808, -22.579103469848633, -2.8084835012753793, 0.3376692533493042,120.46551327318647
000305.pid, car, 19.11380591215911, -27.406829480771666, -3.0068290586824764, 0.7436168193817139,-83.05681517542959
000306.pid, car, 19.259420394897464, -26.701777153015136, -3.0860857295989983, 0.7008408904075623,-83.41174161949931
000307.pid, car, 19.23111237870886, -26.353199208036383, -3.0313508510589595, 0.7141685485839844,-85.7821990057545
000308.pid, person, 25.90325530370077, -22.61932134628296, -2.81890430053075, 0.3183932900428772,126.09446900894281
000308.pid, car, 19.38501552740733, -26.104914824167892, -3.0272410015265145, 0.709479033946991,-87.20870930499478
000309.pid, person, 25.88382450739543, -22.598255157470703, -2.8061401446660343, 0.31376776099205017,119.29228138731469
000309.pid, car, 19.486287183539815, -25.995223910309548, -2.9965202642041575, 0.6826155781745911,-88.05223959658875
000310.pid, car, 19.38974615584972, -25.740635051283725, -2.928399995315906, 0.7445751428604126,-88.44492804593386
000311.pid, car, 19.625834204933863, -25.320976690812543, -2.9194116809151383, 0.8041377067565918,-93.20790725934171
000312.pid, car, 19.658240582080598, -25.06035411104243, -2.889850682400642, 0.7750296592712402,77.22125748843963
000313.pid, person, 25.79876708984375, -22.500595728556323, -2.6878681580225616, 0.31493544578552246,-63.58114695848577
000313.pid, car, 19.641426673302288, -25.01294082250351, -2.944211427982037, 0.8071555495262146,-92.7738968969135
000314.pid, person, 25.772002220153812, -22.45793883005778, -2.6571689049402862, 0.3522922098636627,70.50884421336238
000314.pid, car, 19.806823387145997, -24.16311504364014, -2.844179644584656, 0.8396394848823547,75.37530321730657
000315.pid, car, 20.030560133192278, -23.925250540839308, -2.897965982225206, 0.8330826759338379,72.61942625395349
000316.pid, person, 25.754869842529303, -22.432162857055665, -2.6280525207519507, 0.3452399969100952,66.38033439332428
000316.pid, car, 20.176239854198393, -23.454340886261505, -2.8322959229097524, 0.8344346880912781,68.25873128690074
000317.pid, person, 21.58428239822388, -21.731722593307495, -3.110768795013426, 0.38246968388557434,88.27321482932193
000317.pid, person, 25.76359252929688, -22.447782516479496, -2.6293451309204094, 0.3552536070346832,78.33348479339696
000317.pid, car, 20.31130603381566, -23.229331765856067, -2.8695926538535526, 0.858160138130188,71.005304421013
000318.pid, person, 25.74939804077149, -22.43965606689454, -2.6281083106994614, 0.35023796558380127,66.70464238280984
000318.pid, car, 20.55512066741488, -22.653769194190183, -2.851931073772373, 0.837072491645813,-108.65282424236659
000318.pid, car, 21.62255684534709, -21.85967588424683, -2.9758947690327964, 0.3472345173358917,98.78775179186162
000319.pid, person, 25.764476394653325, -22.424774169921882, -2.628238534927366, 0.3334498703479767,65.34658587984875
000319.pid, car, 20.73103452611853, -22.23714454085739, -2.8495957630651967, 0.8655285835266113,-100.82249140537661
000319.pid, car, 21.773587417602545, -21.61103610992432, -3.006415343284608, 0.3441932499408722,102.41365871203034
000320.pid, car, 21.028425384970276, -22.06871327231912, -2.87821812840069, 0.8273985385894775,58.121078083985786
000321.pid, car, 21.203966795508546, -21.67270048340755, -2.8646325887139166, 0.8561778664588928,66.74869531454056
000322.pid, car, 21.290416949504134, -21.585440481031267, -2.877689661206426, 0.893214225769043,65.95315590277697
000323.pid, car, 21.59101124467521, -21.16785207288019, -2.8719549836783576, 0.9092010259628296,57.48650864967246
000324.pid, person, 25.851754082573787, -22.546117358737522, -2.7495357460445806, 0.32142847776412964,-51.97476857804246
000324.pid, car, 21.85019381841024, -20.85729973656791, -2.9086995039667403, 0.9034359455108643,56.157266371930376
000325.pid, person, 25.73985137939453, -22.460297393798832, -2.6286198139190655, 0.31828317046165466,68.42439396479976
000325.pid, car, 22.12437386145959, -20.453193664550785, -2.9285742906423717, 0.9130011200904846,58.939595591305874
000326.pid, car, 22.500201260602037, -20.24972279866537, -2.993777305991561, 0.9129021763801575,63.55470162797531
000327.pid, person, 25.12584686279297, -20.919114112854007, -2.710344552993773, 0.3311208188533783,-60.21483134430262
000327.pid, car, 22.725555599860428, -19.911850479413882, -3.0665382574189386, 0.9042934775352478,45.41473044340558
000328.pid, person, 25.72977987925212, -22.015090624491375, -2.8246679107348105, 0.3625771105289459,108.52542817795033
000328.pid, car, 22.995994100765312, -20.893465314592635, -2.9860676064783207, 0.885990560054779,-92.00084706116755
000329.pid, person, 25.614802551269538, -21.043603134155276, -2.8451620578765846, 0.37538832426071167,103.88623869834014
000329.pid, car, 23.181962351645197, -20.40226976333126, -2.9574191570281982, 0.8796006441116333,-91.194179132273
000329.pid, car, 23.472352611484816, -20.52846965505116, -2.9474191416555375, 0.8567023277282715,-89.15989588381689
000330.pid, car, 23.979076757663638, -21.72383243281667, -2.9227438903436433, 0.9194544553756714,-95.48748427916121
000330.pid, car, 24.17017567411382, -21.166200637817383, -2.9827139986322275, 0.8864927887916565,-96.65105861997316
000331.pid, car, 23.887081564926522, -22.271013957698173, -3.010005299637957, 0.9211638569831848,-98.45623972329346
000332.pid, person, 22.095389983233286, -27.504901998183307, -2.8538392151103293, 0.3418810963630676,84.0366730141097
000332.pid, car, 24.128642106667545, -22.113680668366264, -3.0188687948080215, 0.9260031580924988,-100.29071897624522
000332.pid, car, 24.418009805679326, -20.804176759719848, -3.1482575714588164, 0.8983811736106873,-98.10203193986331
000333.pid, person, 22.15844302023611, -27.468160321635583, -2.9006548235493317, 0.35925278067588806,58.22247473993582
000333.pid, car, 24.64945324984464, -20.091610301624648, -2.9590615142475474, 0.9181114435195923,-99.50975745970558
000333.pid, car, 25.237568162891964, -18.939942451372538, -2.905450961361192, 0.8965016603469849,-76.58677255065456
000334.pid, person, 22.163856679742988, -27.493399706753817, -2.9969701911463877, 0.40110358595848083,83.70728812543409
000334.pid, car, 25.655445098876957, -19.283335124745093, -3.102096838109634, 0.9150822162628174,-80.19298903681437
000334.pid, car, 27.438745784759526, -17.823844909667972, -3.1127832412719716, 0.3124059736728668,-54.66355516626449
000335.pid, person, 22.167824296390307, -27.497923626619226, -2.9912072700612677, 0.36112725734710693,84.21691964374924
000335.pid, car, 26.197063138408048, -19.40864532224594, -3.281729813544981, 0.9067047834396362,-89.20308540588928
000336.pid, person, 22.15638094934924, -27.44967394861682, -3.0294525458894923, 0.4135573208332062,84.94895092714746
000336.pid, car, 26.595596247705924, -19.174926100106077, -3.149698783611429, 0.9073594808578491,-94.6153565684759
000337.pid, person, 22.166240634340227, -27.460724859526664, -3.040578964984778, 0.4101017415523529,83.40647407477316
000337.pid, car, 26.766760795347157, -19.310618923556422, -3.0553179556323635, 0.9096431136131287,-98.51968373702556
000338.pid, person, 22.163179706882786, -27.47259433849438, -3.040455624863908, 0.438646525144577,81.94417641125015
000338.pid, car, 26.955033962543197, -19.75557745420016, -3.066342518879817, 0.906049907207489,-103.57423984321287
000338.pid, car, 27.152266161782403, -19.482894352504186, -3.057156571320124, 0.8967986702919006,-105.97369339198008
000339.pid, person, 22.157953482407795, -27.475429388192985, -2.938607912797193, 0.4477618932723999,76.04951690026562
000339.pid, car, 27.16529310666598, -19.760492838346046, -3.042917801783635, 0.9150010347366333,-107.47675518339364
000339.pid, car, 27.499018139309353, -19.561659706963432, -3.0160507979216393, 0.8889133930206299,-112.30921574371519
000340.pid, person, 22.148403392118567, -27.51050438600428, -2.986176455722135, 0.4550566077232361,82.70932146745366
000340.pid, car, 27.348747412363693, -19.908483266830448, -3.1056485970815024, 0.9072713255882263,62.07131387672671
000340.pid, car, 28.042923518589568, -19.559624862670898, -2.960419688905988, 0.8514445424079895,-119.97599916148306
000341.pid, person, 25.917471268597772, -22.597487617941464, -3.0050904049592857, 0.5881543755531311,115.55533469562431
000341.pid, person, 22.140095631281536, -27.548162301381428, -2.8687814573446904, 0.526121973991394,69.73280551286443
000341.pid, car, 27.529588699340824, -20.226374282836915, -3.0678982067108156, 0.911101758480072,58.2478629182071
000341.pid, car, 29.74110725190905, -17.620690027872723, -2.92784023284912, 0.8426436185836792,175.44205734238042
000342.pid, person, 22.15570848128375, -27.483105715583353, -2.98919068364536, 0.5053969025611877,82.60552090521388
000342.pid, person, 25.914015489466053, -22.595378651338464, -3.055001132628496, 0.4660237729549408,124.26901798478193
000342.pid, car, 29.550734710693366, -17.923856925964362, -3.220508885383606, 0.9112717509269714,-65.96192689274113
000342.pid, car, 29.891383720166754, -17.78565366340406, -3.0159997217582926, 0.8091395497322083,-68.05921433731754
000343.pid, person, 22.139008435336027, -27.559127460826527, -2.853392806920137, 0.4770315885543823,69.93995874436649
000343.pid, car, 30.0024978849623, -17.972933239407013, -3.3301870822906494, 0.9137369990348816,113.63076311506207
000343.pid, car, 30.228649351331924, -17.687919192843967, -3.2274303966098357, 0.8537986874580383,-92.62288612372103
000343.pid, car, 25.915581566946848, -22.606375421796525, -2.842800566128321, 0.36982613801956177,133.07543241791277
000344.pid, person, 25.897476981667914, -22.577636943143958, -3.0026370497310855, 0.5448095202445984,125.103994823236
000344.pid, person, 22.132992585500087, -27.53235141436259, -2.8396066725254046, 0.46541064977645874,59.683621525180676
000344.pid, car, 30.52456206244392, -17.910083564552103, -2.9769487509856356, 0.8998939394950867,-53.8562325738051
000345.pid, person, 25.868196038638846, -22.557318406946518, -3.0419391043045927, 0.5821605920791626,107.42520673177566
000345.pid, person, 22.18405981624828, -27.51559622147504, -3.0048020376878624, 0.4874054193496704,79.65542166806672
000345.pid, car, 31.799092875586624, -17.58053472306993, -2.919271084997389, 0.5506196022033691,-2.555410600609351
000346.pid, person, 25.902887243973584, -22.590770119114925, -3.014585545188501, 0.479061096906662,104.00863514706309
000346.pid, person, 22.154166030883793, -27.564262880597795, -2.955423804691859, 0.433807373046875,81.97599358912521
000346.pid, car, 32.3521507703341, -18.003427652212288, -2.938710270019677, 0.734241783618927,-61.55875945512434
000347.pid, person, 25.87938944498698, -22.55056177775065, -2.995141235987345, 0.46991443634033203,102.25117475912874
000347.pid, person, 22.13410887847076, -27.532520809689082, -2.986193927558692, 0.44626668095588684,82.75632637082532
000347.pid, car, 32.72334988911947, -17.461572567621864, -2.898972541093826, 0.6927176117897034,15.173819470580359
000348.pid, person, 25.869605183601383, -22.546815395355225, -2.9877086728811246, 0.6510453820228577,-80.49929028923981
000348.pid, person, 22.156641059451633, -27.501732137468125, -3.0497324599160085, 0.4904212951660156,84.5461445981806
000348.pid, car, 33.26996586240571, -17.72298918099239, -2.9288025806690077, 0.7064990401268005,18.622999163454384
000349.pid, person, 25.886908122471404, -22.552554675510954, -3.0140236445835638, 0.5530415177345276,115.05119998958679
000349.pid, person, 22.174217383066818, -27.48434654871623, -3.0098966823683835, 0.45737800002098083,79.43168203165509
000349.pid, car, 33.79516147431873, -18.44518534342448, -2.9295373048101148, 0.748843789100647,-65.3227407422238
000350.pid, person, 22.169067700703938, -27.480222437116836, -2.9764035741488133, 0.3792082965373993,85.30148251991778
000350.pid, car, 33.92204566623854, -17.60540025130562, -3.1664601408916964, 0.8134418725967407,43.765948486303046
000351.pid, person, 22.18406476201238, -27.44616864178632, -3.01092504166268, 0.4005465507507324,84.91854267914808
000351.pid, person, 25.919989943504337, -22.59184694290161, -2.9926401376724234, 0.3986680805683136,125.5824503356905
000351.pid, car, 34.917861591685906, -18.474019570784137, -2.9821675040505142, 0.8435670733451843,-64.47278249792618
000352.pid, person, 25.887765323414527, -22.56739908106187, -2.965864111395442, 0.43585073947906494,119.42973632635054
000352.pid, person, 22.186486196517944, -27.506301164627075, -2.986123406887054, 0.395255982875824,91.52407868900903
000352.pid, car, 35.54705606188093, -17.960586275373185, -3.003438600472041, 0.871965229511261,11.787309061313032
000353.pid, person, 25.911904907226567, -22.572454579671223, -2.932362683614094, 0.4915625751018524,110.94499510256148
000353.pid, person, 22.236728521493767, -27.394643416771522, -2.978479119447561, 0.4206998944282532,73.07010758651924
000353.pid, car, 36.02114118848528, -17.94548831667219, -2.9698782903807492, 0.8091781139373779,-149.6355696456379
000354.pid, person, 25.892541991339794, -22.574917157491047, -2.9697690804799386, 0.4485941231250763,117.39646551759735
000354.pid, person, 22.219723210190285, -27.429301926583953, -2.984202153754956, 0.4012812376022339,88.76788905302962
000354.pid, car, 36.32869648933411, -18.14997512102127, -3.1043619513511653, 0.7075101733207703,35.926975257569936
000355.pid, person, 22.26187818190631, -27.405158772188074, -2.952488632763133, 0.35813215374946594,83.30426982250778
000355.pid, person, 25.90611525944301, -22.568502971104213, -2.9270845481327585, 0.32602888345718384,109.43115839666827
000355.pid, car, 36.942241191864014, -18.125102519989014, -3.116225533187389, 0.6635774374008179,-124.1699552438331
000356.pid, person, 25.882436561584473, -22.578371715545654, -3.0431025981903064, 0.38618558645248413,112.51845943489435
000356.pid, person, 22.251358720991348, -27.393384244706898, -3.0178180601861744, 0.3550293445587158,92.31223376253669
000356.pid, car, 37.31312642778669, -18.197776113237655, -3.07711717060634, 0.7881361842155457,48.429666860479124
000357.pid, person, 25.88771120707194, -22.58279408348931, -3.0275113715065847, 0.4586438536643982,98.64008105936966
000357.pid, person, 22.23623847961426, -27.392318416286162, -2.9901889079325903, 0.41568663716316223,92.91640209775647
000357.pid, car, 38.10424145785245, -21.04791866649281, -2.5682106180624515, 0.7566259503364563,-73.14644420207327
000358.pid, person, 22.257988951927008, -27.361321382744368, -3.067361288292463, 0.363190621137619,93.51771640105271
000358.pid, person, 25.853253245353702, -22.59938609600067, -3.0581975132226926, 0.33805087208747864,-109.8134985022576
000358.pid, car, 38.44310972425673, -20.95465691884359, -2.591970317893557, 0.6945527791976929,-74.52897988267492
000359.pid, person, 25.867872026231552, -22.56793318854438, -3.0463111930423303, 0.4448544681072235,100.20870065677157
000359.pid, person, 22.24868224387945, -27.336101088412974, -3.0394070702929823, 0.43923649191856384,93.73112395455924
000359.pid, car, 38.69017219543457, -19.96255407333374, -2.753581607341765, 0.5809018015861511,-75.20377458725295
000360.pid, person, 25.839244139821908, -22.5858154296875, -3.081195003107973, 0.47356390953063965,113.19460159870157
000360.pid, car, 22.23482145914217, -27.356160373222536, -3.036408436007615, 0.3500157594680786,94.59681596814139
000362.pid, person, 25.771738461085732, -22.650762830461776, -3.0492961747305722, 0.35895681381225586,114.60545494423896
000362.pid, person, 40.5194585890997, -18.658132189796085, -2.718864713396344, 0.3078775703907013,-8.671943035039286
000362.pid, car, 22.236096715927125, -27.424773693084717, -3.003347069025039, 0.31489798426628113,91.0983879237218
000363.pid, person, 40.677693430582686, -18.708252716064454, -2.8498194853464756, 0.30618155002593994,7.268024258030265
000363.pid, car, 22.234602486214985, -27.338082057673756, -3.010016953072896, 0.3156309127807617,92.61863448810796
000364.pid, person, 25.661253571510315, -22.674208521842957, -3.037119477987288, 0.39190512895584106,113.13162241577172
000365.pid, person, 25.630384551154247, -22.676377402411568, -3.0962199899885383, 0.47530266642570496,123.62476094862065
000366.pid, person, 25.509683609008793, -22.69097248713176, -3.127169887224834, 0.31935256719589233,118.60869735822456
000367.pid, person, 25.402424307430493, -22.722128251019647, -3.0995295889237338, 0.5190922021865845,123.59161761541644
000367.pid, car, 41.90185758802626, -19.161764144897464, -2.802594065666197, 0.3703402578830719,-89.40659155510124
000368.pid, car, 42.090527598063154, -19.35569852193197, -2.986697117487588, 0.5396448969841003,86.13031477642451
000368.pid, car, 25.30350983142853, -22.76640546321869, -3.0487827062606803, 0.3424953818321228,-90.14339833609705
000370.pid, person, 25.141835053761806, -22.834624052047733, -3.131732294956843, 0.5589703321456909,-97.97735593108911
000370.pid, person, 22.193337413242887, -27.269577789306645, -3.0314000402178083, 0.3649785816669464,88.10347218447026
000371.pid, person, 25.04903774261475, -22.857873058319093, -3.3167327642440787, 0.34787464141845703,86.26987617745976
000371.pid, person, 22.182272842952187, -27.28431728907994, -3.0597794992583127, 0.3068290650844574,85.50984548006231
000374.pid, person, 22.14566771189372, -27.238932291666668, -2.9931629763709164, 0.3710249364376068,84.76382905484606
000375.pid, person, 24.62483847141266, -22.944630980491638, -2.7446577996015544, 0.3599087595939636,122.35048103526809
000375.pid, truck, 22.177487740149868, -27.201883511665546, -3.0636859001257477, 0.347607284784317,86.49012168324882
000376.pid, person, 24.459493827819827, -23.003416728973388, -2.7245365858077997, 0.3649173676967621,106.50512477545013
000376.pid, person, 22.18892509058902, -27.159122366654245, -3.033022121379249, 0.3591800332069397,84.76078818936618
000377.pid, person, 22.192850164465007, -27.250503179189323, -3.0434978523769898, 0.42185068130493164,90.84935152424455
000377.pid, truck, 24.36999740600586, -23.05765905380249, -2.648746192455291, 0.33360302448272705,124.37375118160965
000378.pid, person, 24.19992198944092, -23.12066230773926, -2.7853863477706904, 0.527143120765686,162.88379135675584
000378.pid, person, 22.237083146066375, -27.1363508051092, -3.093301382931795, 0.44167760014533997,90.63230412770201
000379.pid, person, 22.2421310793969, -27.15558747322329, -3.067388219218101, 0.38113030791282654,94.01202782387978
000379.pid, person, 24.048350453376774, -23.18015289306641, -2.9317465275526033, 0.3128098249435425,153.11017243132815
000380.pid, person, 22.24865864345006, -27.118851634434293, -3.054359265736171, 0.3478652238845825,91.32278578061688
000380.pid, car, 23.881159683753705, -23.216694338568324, -2.852745220578949, 0.30363982915878296,94.61933661681572
000381.pid, person, 22.265792539042813, -27.19389995451897, -2.9932444941612983, 0.30260035395622253,90.95286898325135
000381.pid, car, 23.726787503560388, -23.304229927062988, -2.8743846575419103, 0.3033839166164398,115.19681745679632
000382.pid, person, 23.54189945669735, -23.357267099268295, -2.918645220644333, 0.4607280194759369,113.371388019163
000382.pid, person, 22.249025583267215, -27.194749057292942, -2.9712774232029915, 0.33888909220695496,90.91994351070309
000382.pid, car, 22.23522685555851, -27.12474952024572, -3.022689679089714, 0.3063925504684448,94.04779284620425
000383.pid, truck, 23.347956619262696, -23.405427551269533, -2.6090347576141353, 0.33265364170074463,107.75391643679721
000385.pid, person, 22.98640251159668, -23.57423703810748, -2.782614869229933, 0.3303409218788147,102.79911893966832
000386.pid, person, 22.780798067365374, -23.67358660016741, -2.7786970955984924, 0.334199994802475,105.55496074715055
000387.pid, person, 22.597926484777574, -23.754594965183987, -2.8083640920354958, 0.34885090589523315,126.87627536875307
000388.pid, person, 22.384284940259214, -25.023143242145412, -2.9549019172273834, 0.39513200521469116,-83.25326884905076
000388.pid, person, 22.39853836769282, -23.79819484089696, -2.7184676735900166, 0.3540864884853363,103.78102237172295
000389.pid, person, 22.210162114288853, -25.363280150849945, -2.897653963606236, 0.5712227821350098,-80.98522685292244
000389.pid, person, 22.1637292401544, -23.87200638343548, -2.763920529135342, 0.39945709705352783,-73.96861592998914
000390.pid, person, 22.15764769801387, -25.374525246796786, -2.8608180416954885, 0.426376074552536,-76.07955864898551
000391.pid, person, 22.02892691872337, -25.464003233476124, -2.9576446836644954, 0.41275888681411743,-72.84057952344276
000392.pid, person, 21.942288583324803, -25.567253543484597, -2.9541854204670073, 0.39048320055007935,104.87813410765432
000393.pid, person, 21.86295599503951, -25.548719822276727, -2.9253320780667393, 0.5066312551498413,-65.1044180656167
000394.pid, person, 21.746303647063502, -25.630344657010816, -2.978546519612158, 0.48958727717399597,-62.42506767250686
000396.pid, person, 21.706503080285117, -25.801084808681328, -3.010206372841545, 0.37685367465019226,119.60461251893712
000397.pid, person, 21.447159528732303, -25.58986134529114, -2.8753283679485326, 0.3943501114845276,-50.43026901148234
000398.pid, person, 20.533995261559124, -24.640307206373954, -2.944224320925199, 0.5569928884506226,-50.59220815761852
000398.pid, person, 22.49940888541086, -26.968243081229076, -2.9694999490465435, 0.4739737808704376,106.91049989856204
000399.pid, person, 20.341241836547855, -24.709107216368334, -2.9803000663189185, 0.7130330204963684,110.66049462476914
000399.pid, person, 22.49798369407654, -26.86175531148911, -2.9758983328938484, 0.644227921962738,105.42578818552514
000399.pid, person, 21.457971056302387, -25.831453720728557, -3.0073433468739186, 0.3367215394973755,-41.00874194850908
000400.pid, person, 22.52650678479994, -26.925022486093884, -3.008660342242267, 0.683766782283783,109.03980457350377
000400.pid, person, 20.148053805033367, -24.80114877223969, -3.0027960439523063, 0.6656319499015808,112.52340738729002
000401.pid, person, 20.1009334564209, -24.960748748779295, -3.109544410705565, 0.5584091544151306,-39.355680055676785
000401.pid, person, 22.524480510402373, -26.891766831681537, -3.029805615141585, 0.4114774465560913,115.11339587053537
000402.pid, person, 19.778760637555806, -24.96299981097786, -3.1091020350553547, 0.6021519303321838,100.89258297071257
000403.pid, person, 19.58014549255371, -25.05326396942139, -3.117713603973389, 0.6971346139907837,94.43080600523287
000403.pid, person, 22.535080177839415, -26.83279077396837, -2.986017027566599, 0.4319430887699127,112.60074830680885
000404.pid, person, 19.40795406765408, -25.135594389173725, -3.1795593738555907, 0.6466778516769409,88.19405876461673
000404.pid, person, 22.56247829255604, -26.811809312729615, -3.0241068374542968, 0.34222108125686646,114.08155782297023
000405.pid, person, 19.212044443402974, -25.23465369996571, -3.1855532441820418, 0.5456303358078003,99.6324700483102
000405.pid, car, 19.22144853501093, -25.22623080299014, -3.172818365551176, 0.31717875599861145,101.09862273981011
000406.pid, person, 19.03293776004873, -25.29511699270695, -3.1560761269102704, 0.4676395356655121,111.52391692649435
000407.pid, person, 18.83089504685513, -25.390675078990853, -3.104157713956611, 0.3224219083786011,115.23325327686211
000407.pid, car, 18.842411478360496, -25.383225321769714, -3.115253220001856, 0.3112706243991852,110.85226621412033
000408.pid, person, 18.625039386749272, -25.43426556587219, -3.0786888837814326, 0.41359612345695496,-62.64228779707549
000409.pid, person, 22.545898437500004, -26.583513711628164, -3.001895446526377, 0.3987729251384735,132.90115834135273
000409.pid, person, 18.439539797165818, -25.536166247199567, -3.07970270689796, 0.3680712580680847,117.72075131861479
000409.pid, truck, 18.44483548944647, -25.525270693229906, -3.0405918251384385, 0.3472609519958496,110.20324575222617
000410.pid, person, 22.58201139800403, -26.588263725747872, -3.0930649066457945, 0.5948750376701355,138.18112521490505
000410.pid, person, 18.25438839197159, -25.622042834758762, -3.205740347504616, 0.5810357928276062,112.88376515141408
000411.pid, person, 18.03384348551433, -25.729515775044764, -3.1256475687026977, 0.5824925303459167,111.15981129268792
000411.pid, person, 22.598472243861153, -26.561483232598558, -2.967426162017019, 0.4104575216770172,130.6633109202955
000412.pid, person, 17.844401735247992, -25.78620055227569, -3.2390744397134497, 0.5243000984191895,113.32599532527436
000412.pid, person, 22.63444002051103, -26.586994924043356, -2.9362292164250423, 0.34892725944519043,133.7300188413574
000413.pid, person, 22.568990175114124, -26.509725481964825, -2.975521819536076, 0.3484736382961273,147.5100723124473
000414.pid, person, 22.637254213031973, -26.49104499816895, -2.9080552427392257, 0.33216559886932373,146.11159975142684
000415.pid, person, 17.255418706823278, -26.01277217158565, -3.075385199652777, 0.4019612967967987,117.25767336908021
000415.pid, person, 22.65863418579102, -26.43641480945406, -2.9559387933640258, 0.33435311913490295,142.3357249441456
000417.pid, person, 22.645385861396793, -26.317629694938663, -2.942970685660839, 0.3163135349750519,165.44541381630393
000417.pid, person, 16.855187143598286, -26.182324137006493, -3.1832565409796585, 0.31040117144584656,115.00807144347243
000418.pid, person, 16.66053031041072, -26.248049515944267, -3.239137392777663, 0.5084161758422852,127.68255755647563
000418.pid, person, 22.588022968985822, -26.283613985235046, -3.028556677428159, 0.49568259716033936,171.94501675960075
000418.pid, motorcycle, 22.857809702555347, -26.209245045979824, -3.86355737845103, 0.31377846002578735,-80.63142937514095
000419.pid, person, 22.604263394377956, -26.24380000801974, -3.0116354476573854, 0.30258896946907043,177.1153397003346
000420.pid, person, 22.653116519634544, -26.239367509499576, -3.039892771305182, 0.3825817406177521,175.24425966022622
000420.pid, person, 16.25945796137271, -26.355528707089633, -3.2189925546231466, 0.3472459018230438,149.95764530058943
000421.pid, person, 22.66473670439287, -26.215557922016497, -3.003105575388128, 0.3986429274082184,-171.46060097972236
000422.pid, person, 15.908283324468709, -26.46308762686594, -3.261125644048055, 0.5955308079719543,123.3384688916106
000422.pid, person, 22.662375101229042, -26.187063077600996, -3.0396916342944635, 0.5561461448669434,-167.26974171237407
000423.pid, person, 15.728136157989505, -26.539396476745605, -3.369097173213958, 0.5765570998191833,90.03873134694814
000423.pid, person, 22.62160548758, -26.158498155309804, -3.0712338204079486, 0.42891499400138855,-162.55122369470075
000424.pid, person, 22.597744060012534, -26.137277639137128, -3.0089957759065453, 0.5896415710449219,-157.21320066035815
000424.pid, person, 15.557060941060392, -26.565856043497725, -3.120349391301473, 0.539232611656189,-98.18763553151999
000425.pid, person, 22.58827820602729, -26.123632625657688, -3.0401613469026527, 0.6279461979866028,-153.25628708846992
000425.pid, person, 15.38462875002907, -26.612249101911278, -3.1973927475157238, 0.5612396001815796,102.37093393147879
000426.pid, person, 22.50445981025696, -26.094073629379277, -3.0687911987304686, 0.7058941125869751,-149.78088299763766
000426.pid, person, 15.226958162644337, -26.667863060446354, -3.2528155551237217, 0.6007096767425537,89.63741947430606
000427.pid, person, 15.08272501138541, -26.728609085083008, -3.328900630657489, 0.6872275471687317,-105.75182786224656
000427.pid, person, 22.428121376037602, -26.112841653823857, -3.019692248106003, 0.49588388204574585,-150.55987276151282
000428.pid, person, 22.434005949232315, -26.085943137274853, -3.014218637678359, 0.4132959246635437,-145.20722788971352
000428.pid, person, 14.954439640045173, -26.746088345845543, -3.290596220228407, 0.36852195858955383,85.44296123402025
000429.pid, person, 22.359609787280746, -26.092059355515705, -3.015335358106173, 0.4409134089946747,-143.30864489842227
000429.pid, person, 14.804162204265598, -26.817476987838745, -3.3277299553155886, 0.3073716163635254,-106.53178991942195
000430.pid, person, 22.394511091942885, -26.041991626515113, -3.023481191373339, 0.4205743670463562,-139.00530663595774
000430.pid, person, 14.670136451721199, -26.854150098912864, -3.3248453000012566, 0.3229130804538727,139.81562306610513
000430.pid, car, 14.670136451721195, -26.85415009891286, -3.324845300001255, 0.3031436502933502,139.81562306610604
000431.pid, person, 22.315024396206475, -26.031719329509333, -3.031992364437022, 0.3885963559150696,-135.11803138691855
000433.pid, person, 22.27736975222218, -25.974757330758237, -3.033972594202781, 0.49647510051727295,-128.26239839931205
000433.pid, person, 14.339564132690432, -26.922788047790526, -3.17799549102783, 0.40180668234825134,-118.89648781666256
000434.pid, person, 22.23583441195281, -25.941726850426722, -3.0757365796876996, 0.6170477271080017,-123.89243267936286
000434.pid, person, 14.300713837146764, -26.85688185691834, -3.1700945794582367, 0.42253604531288147,-65.65946297157365
000435.pid, person, 22.22555355149873, -25.934711495224317, -3.048660862202547, 0.7207748889923096,-123.33407015968385
000435.pid, person, 14.21433982849122, -26.978875541687017, -3.1647169351577764, 0.4455077648162842,-120.262445435346
000436.pid, person, 22.23126868406932, -25.879038413365688, -3.032529835899671, 0.7060630917549133,-119.8967790762106
000436.pid, person, 14.12002150217693, -26.976475397745777, -3.231109444300334, 0.6301958560943604,80.61863471282065
000437.pid, person, 22.214397093828993, -25.89767216701134, -3.024358211779127, 0.7048026323318481,-118.7785165630232
000437.pid, person, 14.024012029170997, -27.006366610527042, -3.221034318208695, 0.4255300462245941,-102.77859550080655
000438.pid, person, 22.16896190643311, -25.94662063598633, -3.054876837730408, 0.7144415974617004,-119.50626736408631
000438.pid, person, 13.96871984004975, -27.032424449920658, -3.2613510191440587, 0.4951133131980896,-90.90651871283879
000439.pid, person, 22.198228723862595, -25.9455171846876, -3.0015467615688554, 0.5783374905586243,-119.416430401052
000439.pid, person, 13.903964110783177, -27.04500879560199, -3.2656915187835693, 0.39737755060195923,85.45350958747585
000440.pid, person, 22.220611197607862, -25.95627069473267, -2.974126023905618, 0.433636337518692,-116.22764538639501
000441.pid, person, 22.161391944216014, -26.01340698777584, -3.0446076727750007, 0.39387086033821106,-117.64283674799862
000442.pid, person, 13.713088239942282, -27.088028362819127, -3.303450533321924, 0.30820783972740173,95.13954596112607
000443.pid, person, 22.162297496089234, -26.06727607161911, -3.050519033714577, 0.31469231843948364,-113.68609030752091
000443.pid, person, 13.628183364868171, -27.157535764906143, -3.328023963504366, 0.3111296594142914,99.47103755354254
000444.pid, person, 22.157552083333336, -26.07480905767073, -2.9905126471268506, 0.36437609791755676,-114.34520611941457
000445.pid, person, 13.638527552286789, -27.16963259379069, -3.421743551890053, 0.462332546710968,100.03637433704303
000445.pid, person, 22.152741652268634, -26.11434646753165, -3.022610907371228, 0.3868671655654907,-112.54148890612481
000446.pid, person, 22.133565074992635, -26.12806187035903, -3.045484439382013, 0.38885337114334106,-112.26652138381655
000446.pid, person, 13.609568942676901, -27.19371240789241, -3.432640552520752, 0.3491719663143158,88.74696222576796
000447.pid, person, 22.123374973024646, -26.13879755565099, -3.028139833893095, 0.37785568833351135,-106.18602095809752
000447.pid, person, 13.598182201385507, -27.203713575998947, -3.445725123087565, 0.3336412310600281,85.32272560861709
000448.pid, person, 22.119250639429637, -26.150775549546733, -3.0457769789785707, 0.4444732666015625,-103.2831942246863
000448.pid, person, 13.57156885587253, -27.238772172194267, -3.499860855249258, 0.3792368471622467,71.10204239785213
000449.pid, person, 22.09206764221192, -26.173866004943854, -3.0252240467071534, 0.49155163764953613,-102.75967931496308
000449.pid, person, 13.598472075028864, -27.194572622125804, -3.470552596178922, 0.4895419180393219,80.88553438770454
000450.pid, person, 13.66923088497587, -27.192350599500873, -3.3467949761284728, 0.6325414776802063,111.19364986186217
000450.pid, person, 22.059132984706338, -26.220148903982984, -3.0631152221134736, 0.5571144223213196,-100.43493543630962
000451.pid, person, 22.04171913146973, -26.211846084594733, -3.0613751125335695, 0.6023670434951782,-101.10407169606893
000451.pid, person, 13.596345159742578, -27.16604550679526, -3.333110597398546, 0.5623209476470947,88.87436141674804
000452.pid, person, 13.613605976104745, -27.155216375986743, -3.3839787244796753, 0.5420528054237366,102.19973427319611
000452.pid, person, 22.022817334261813, -26.2237909490412, -3.0513727274808016, 0.4845317006111145,-99.45677594575275
000453.pid, person, 13.596861665899114, -27.171885403719827, -3.410924564708363, 0.5100439190864563,121.26184445071243
000453.pid, person, 22.00803589402584, -26.27033748961332, -3.0722102826101736, 0.42518606781959534,-94.20204093436115
000454.pid, person, 13.62925074650692, -27.14009123582107, -3.3149407643538256, 0.5035701394081116,88.06400126294494
000454.pid, person, 21.96971055735713, -26.23563671112061, -2.9931432838025303, 0.4888933002948761,-91.46934479305546
000455.pid, person, 21.97650601313665, -26.279928464155937, -3.031902010624225, 0.6823323369026184,-91.20535113473309
000455.pid, person, 13.62050453821819, -27.16749032338461, -3.3818412621816, 0.49478647112846375,118.01090202474397
000456.pid, person, 21.973301615033836, -26.326878138950896, -3.0861318366868153, 0.7128438949584961,-89.42670813238354
000456.pid, person, 13.62160453796388, -27.163144683837896, -3.414951229095459, 0.5963239073753357,114.01261610005876
000457.pid, person, 21.962516640717133, -26.279279241022078, -3.0311710789518536, 0.6673467755317688,-90.69084450668916
000457.pid, person, 13.591810607910167, -27.20669212341309, -3.389581227302551, 0.6024219989776611,85.82689764435696
000458.pid, person, 21.985967159271244, -26.32737020345835, -3.0519531690157375, 0.6553986072540283,-95.62802865495456
000458.pid, person, 13.59919513355603, -27.183736627752136, -3.4319410107352515, 0.4782685339450836,85.2338060223659
000459.pid, person, 21.99449385767398, -26.30336127073869, -2.9893720409144526, 0.630428671836853,-90.97147508264985
000459.pid, person, 13.584236071659976, -27.240864533644462, -3.4974430157588077, 0.4545082151889801,78.5577243260906
000460.pid, person, 22.002871563560088, -26.362905468857083, -3.0284860677886427, 0.569134533405304,-91.86378354823057
000460.pid, person, 13.597274046677818, -27.240821251502407, -3.4800652724045973, 0.502436637878418,57.254978662480845
000461.pid, person, 13.593449878692642, -27.207446479797376, -3.412569284439088, 0.5998149514198303,76.2586697686928
000461.pid, person, 22.012225371140705, -26.34034993098333, -3.0060625534791217, 0.5980154275894165,-93.55364091210834
000462.pid, person, 13.637501001358046, -27.15375709533693, -3.4061093628406525, 0.6327557563781738,107.97987572461996
000462.pid, person, 22.01082186429006, -26.353414031694523, -2.980285230672585, 0.6059994697570801,-89.2662493720857
000463.pid, person, 22.025850398199903, -26.365294694900516, -3.0089640063898906, 0.5961176156997681,-92.75747594778892
000463.pid, person, 13.619037188016465, -27.16932428800143, -3.432795964754545, 0.5953378677368164,117.95121033309263
000464.pid, person, 22.02867151189734, -26.3471930468524, -2.9950494677932173, 0.5629534125328064,-90.89848088601215
000464.pid, person, 13.604940573374444, -27.171523888905853, -3.486055552959442, 0.540382444858551,130.24657581770376
000465.pid, person, 13.57248582839967, -27.162761116027838, -3.3843777656555174, 0.4804871380329132,105.69786261357179
000465.pid, person, 22.04048927794112, -26.367358309157357, -2.981103902167462, 0.46218928694725037,-93.90385325414212
000466.pid, person, 22.027547558871188, -26.391219433871186, -3.025368998267434, 0.3769797682762146,-93.84224900477054
000466.pid, person, 13.624791622161874, -27.176809501647956, -3.446526861190796, 0.317012220621109,123.99903070585069
000467.pid, person, 13.614005374908462, -27.16228713989259, -3.4167012214660644, 0.6008498668670654,117.51692991605648
000467.pid, person, 22.03472544596746, -26.36188672139095, -3.0198353895774255, 0.495340496301651,-99.91103134375592
000468.pid, person, 13.5919496536255, -27.188126373291027, -3.3884562253952026, 0.45826736092567444,83.83554978840603
000468.pid, person, 22.041448258517086, -26.367625320166876, -3.028129309938665, 0.4476892650127411,-93.38759204616625
000469.pid, person, 22.04183387756348, -26.339210166931156, -3.002902960777283, 0.41467568278312683,-96.19251112556489
000469.pid, person, 13.599713802337657, -27.180395507812513, -3.3873379230499268, 0.3253742754459381,93.7740934659874
000470.pid, person, 22.021165292913267, -26.403309076482604, -3.0365724130110308, 0.40004485845565796,-94.27492418462069
000470.pid, person, 13.65719638551985, -27.14736107417516, -3.287504179137092, 0.36666402220726013,92.65432328237918
000471.pid, person, 13.578517827120708, -27.203383705832753, -3.4536793882196606, 0.457689493894577,73.60100676049596
000471.pid, person, 22.03087353256514, -26.373685764816578, -2.9860619194102735, 0.4541272222995758,-100.55317789768296
000472.pid, person, 13.627143272986789, -27.22060761084924, -3.4698100640223575, 0.572206974029541,72.97659462376012
000472.pid, person, 22.037726030511376, -26.39837012856694, -3.006333751193548, 0.47477930784225464,-97.66144447360972
000473.pid, person, 13.612714195251476, -27.163088226318372, -3.3358879566192625, 0.48081040382385254,105.83451435074291
000473.pid, person, 22.023023831642284, -26.383449360475705, -2.9864427113937118, 0.4386546015739441,-96.69602534103149
000474.pid, person, 13.59481735229493, -27.150671005249034, -3.3835879087448126, 0.52631676197052,102.94291189162703
000474.pid, person, 22.037631298633336, -26.37330972387436, -2.998613509726017, 0.44380760192871094,-92.39067691485019
000475.pid, person, 13.597090501051696, -27.183220496544475, -3.4756988195272593, 0.4756011962890625,105.77501382923958
000475.pid, person, 22.04563425237483, -26.388653356378732, -3.0031714179299094, 0.4248247444629669,-94.1613050017493
000476.pid, person, 13.582174041054476, -27.15953272039241, -3.4482211199673745, 0.481640100479126,99.518347420095
000476.pid, person, 22.064537422329778, -26.425319671630863, -2.982281245437323, 0.42412349581718445,-104.94497734051512
000477.pid, person, 13.604641220786364, -27.16183870488948, -3.3826564875516025, 0.4442940652370453,107.41809869469098
000477.pid, person, 22.06941511275921, -26.431207494532813, -3.0259095861556684, 0.3840388357639313,-110.05527934704355
000478.pid, person, 13.589300589127987, -27.15083122253419, -3.4479106339541357, 0.6112203001976013,100.85752994850564
000478.pid, person, 22.064353295734954, -26.43921906607492, -3.0222915538719723, 0.5082777142524719,-110.02304237171654
000479.pid, person, 22.056240539550785, -26.467264671325687, -3.013248629570007, 0.49855637550354004,-103.08157420134285
000479.pid, person, 13.63189125061036, -27.163725217183437, -3.5116253097852077, 0.44740334153175354,106.71651471511353
000480.pid, person, 22.046639193659246, -26.47583613188371, -3.007855316866999, 0.5447273850440979,-114.7389677919123
000480.pid, person, 13.6110357284546, -27.133215141296404, -3.3378081798553465, 0.4099752902984619,89.45354805886815
000481.pid, person, 22.030490053111112, -26.538765479778426, -3.0241567595251677, 0.5696258544921875,-107.83475757077431
000481.pid, person, 13.659334009343938, -27.18637136979537, -3.4749551686373623, 0.4107629656791687,105.95844417198056
000482.pid, person, 22.01189776261648, -26.542440811793014, -3.022902896006902, 0.5826926827430725,171.917905739877
000482.pid, person, 13.60898065567018, -27.16590194702149, -3.3869576930999754, 0.4101238548755646,94.19705931892014
000483.pid, person, 21.98289823532105, -26.607350386106056, -3.0334951373247003, 0.5926370024681091,-97.08703326932641
000483.pid, person, 13.627976576487233, -27.18287181854249, -3.4372108379999804, 0.40520769357681274,86.73683368890445
000484.pid, person, 13.61000194549562, -27.161576080322277, -3.385773277282715, 0.6118573546409607,97.10642315450313
000484.pid, person, 21.940159522162546, -26.652363416883684, -3.031304216384888, 0.5956745147705078,-92.69056709179702
000485.pid, person, 13.618636417388927, -27.22419242858888, -3.5372886657714844, 0.5399155616760254,92.13433359022196
000485.pid, person, 21.938666765079944, -26.70408634806789, -3.0007690551669097, 0.5257271528244019,-86.78043750421278
000486.pid, person, 21.967853234030986, -26.701777995716444, -2.94596059105613, 0.4911956489086151,157.27678682558403
000486.pid, person, 13.606711959838876, -27.202996253967292, -3.3900873184204103, 0.38732025027275085,90.46793517292453
000486.pid, truck, 21.967853234030986, -26.70177799571644, -2.9459605910561297, 0.3473125696182251,157.27678682558434
000487.pid, person, 21.946762161254888, -26.763023490905766, -3.015169310569763, 0.4033517837524414,-86.87686806979892
000487.pid, person, 13.662236372629811, -27.181872685750335, -3.342269539833069, 0.3047475814819336,105.27634180547967
000487.pid, car, 21.94676216125488, -26.763023490905763, -3.0151693105697626, 0.33400702476501465,-86.8768680697975
000488.pid, person, 21.98342297627376, -26.77914663461539, -3.029068488341111, 0.48700496554374695,144.558047459829
000488.pid, person, 13.620155811309827, -27.19869971275331, -3.345108240842819, 0.4429987370967865,85.18359157570265
000489.pid, person, 21.978850963503817, -26.838251113891605, -3.026537717774857, 0.4973275065422058,146.70182503618452
000489.pid, person, 13.626965236663827, -27.17941532135011, -3.337239170074463, 0.4825792908668518,96.46465743344034
000490.pid, person, 22.028475595557175, -26.903477502905808, -2.988868148430534, 0.46531999111175537,144.36225546556182
000490.pid, person, 13.623592948913588, -27.169518852233892, -3.3365662813186647, 0.4367130696773529,99.29887938351716
000490.pid, car, 22.028475595557175, -26.903477502905805, -2.9888681484305333, 0.322979599237442,144.3622554655613
000491.pid, person, 22.043497280198704, -26.94182617810308, -2.973303809457896, 0.47949403524398804,143.66184299316288
000491.pid, person, 13.643791092766666, -27.164797676934143, -3.3352004686991377, 0.3512895405292511,93.39584214904892
000492.pid, person, 22.06510908338759, -26.986606343587244, -3.0159293439653183, 0.54415363073349,157.41401651420063
000492.pid, person, 13.653162442720863, -27.132775526780353, -3.3199123052450332, 0.35931023955345154,97.10411157087378
000493.pid, person, 22.068657764168677, -27.02031246451445, -2.974483844845794, 0.5495361685752869,143.9891960221063
000493.pid, person, 13.627918720245372, -27.167866706848155, -3.3352673768997194, 0.3385295569896698,102.11300363267685
000493.pid, car, 22.068657764168673, -27.020312464514443, -2.9744838448457935, 0.30341818928718567,143.98919602210617
000494.pid, person, 22.065760191096818, -27.03951542876488, -2.953340741090996, 0.5767359137535095,149.45173593804876
000494.pid, person, 13.599726041158055, -27.174159155951617, -3.333732393052843, 0.39019009470939636,88.82825220272137
000495.pid, person, 22.061704508463546, -27.075380282931864, -3.0225248283810084, 0.6276438236236572,143.01813807187338
000495.pid, person, 13.64688232966833, -27.154411315917976, -3.4137207439967563, 0.43756940960884094,105.84217013537243
000496.pid, person, 22.059511184692386, -27.117218829215847, -3.019323764963353, 0.6019055247306824,144.8420774116456
000496.pid, person, 13.679486155509958, -27.184444785118107, -3.5664973855018616, 0.4991360902786255,105.07316724261429
000497.pid, person, 22.048249607994446, -27.150301115853452, -2.9444400185630437, 0.6509984135627747,142.45854962453913
000497.pid, person, 13.608801841735849, -27.164538913302962, -3.3338575098249645, 0.5322328209877014,93.16122905207213
000498.pid, person, 22.024030636518432, -27.192999815329532, -2.9484082001906176, 0.6380892395973206,150.79153974785947
000498.pid, person, 13.658535090359784, -27.166078220714226, -3.3984965194355357, 0.5121309757232666,109.54339135647339
000498.pid, truck, 22.024030636518432, -27.19299981532953, -2.9484082001906167, 0.30417540669441223,150.79153974785993
000499.pid, person, 22.02477712409441, -27.25067830640217, -2.948855671771737, 0.4729875326156616,151.0375424490715
000499.pid, person, 13.639332866668713, -27.17663898468019, -3.3891396999359125, 0.40359705686569214,95.08282193012622
000500.pid, person, 21.99935967581613, -27.264929589771093, -2.9344082446325395, 0.4834280014038086,149.8407501754438
000500.pid, person, 13.602487881978364, -27.1952739291721, -3.3366253111097546, 0.353027880191803,91.89464397877538
000501.pid, person, 22.008063588823592, -27.293931961059577, -2.9066908756891885, 0.3199411630630493,142.65398265182614
000502.pid, person, 22.012557937985378, -27.31361252920969, -2.961914749372573, 0.3923511803150177,141.6320426935965
000502.pid, person, 13.635249311273759, -27.1710978421298, -3.38652888211337, 0.3056407570838928,92.16715127922484
000503.pid, person, 22.004485889356967, -27.34117916652135, -2.9117343815005556, 0.3669022023677826,145.40548962659003
000503.pid, person, 13.603727870517316, -27.194880803426113, -3.336442920896742, 0.32139042019844055,88.07158285895454
000503.pid, car, 22.092030892005333, -27.920537361731895, -2.892299422850975, 0.30546310544013977,-75.38763735482209
000504.pid, person, 22.014847471907334, -27.374771324363916, -2.8972503752321814, 0.3898397982120514,137.29063596563293
000504.pid, person, 13.621987628936779, -27.167946052551287, -3.336724948883057, 0.33799806237220764,100.61313398827053
000505.pid, person, 22.029787017077936, -27.42222502173447, -2.8665985014380473, 0.46332722902297974,145.2402004403516
000505.pid, person, 13.644131130642371, -27.167733510335292, -3.334917704264323, 0.3631548285484314,94.96847559662021
000506.pid, person, 22.05573011699476, -27.471697355571553, -2.879783617822748, 0.5268077850341797,141.88640356162767
000506.pid, person, 13.666472288278442, -27.167442468496475, -3.544950797007634, 0.3790004551410675,115.19413776777776
000507.pid, person, 22.08463482740449, -27.534167266473542, -2.776199939774304, 0.5533416867256165,135.15214731942282
000507.pid, person, 13.60942681630454, -27.158245298597553, -3.3324523501925998, 0.36657455563545227,98.14085145988794
000508.pid, person, 22.071779308897078, -27.554297187111594, -2.7991660797234728, 0.6145989298820496,125.14305346787154
000508.pid, person, 13.615871524810803, -27.20894622802735, -3.340647745132446, 0.3646489679813385,89.11456835358032
000509.pid, person, 22.129113955375477, -27.59647447634966, -2.7866327762603755, 0.5448958873748779,135.54205733802462
000509.pid, person, 13.62913579940797, -27.15444679260255, -3.3348253011703486, 0.35547634959220886,102.40155759945219
000510.pid, person, 22.118999099731447, -27.60137367248535, -2.921811717748642, 0.5631516575813293,137.58478270035033
000510.pid, person, 13.656482109656709, -27.163261413574226, -3.3931952256422777, 0.34001192450523376,92.6201603236051
000511.pid, person, 22.121181162392222, -27.633363723754883, -2.7962646077318882, 0.528054416179657,120.27227583529921
000511.pid, person, 13.650748040941036, -27.169636832343222, -3.458372328016493, 0.32249894738197327,101.81362304868293
000512.pid, person, 22.123463267371772, -27.638253348214285, -2.814932715325128, 0.4167903661727905,115.55200423010302
000513.pid, person, 22.12198716402054, -27.66678738594055, -2.780364483594894, 0.4046642482280731,121.4806795307624
000514.pid, person, 22.131087541580204, -27.673928499221805, -2.806500993669033, 0.31085747480392456,148.3545106034464
000515.pid, car, 22.075294165775695, -27.658113479614258, -2.7955127831163074, 0.31881654262542725,132.49107503908925
000516.pid, person, 13.62499465942384, -27.170329093933123, -3.336594748497009, 0.302973210811615,99.54945599204535
000519.pid, car, 22.111253989370248, -27.709389937551396, -2.7299186744188, 0.32429149746894836,160.1648206436158
000520.pid, car, 22.11492762565613, -27.68274564743042, -2.779043191671371, 0.3017810583114624,143.60244910537796
000521.pid, person, 22.16234528146139, -27.71821798929354, -2.782304002017509, 0.37979888916015625,144.9004383029149
000522.pid, person, 22.1562252952939, -27.730744543529692, -2.799175915263948, 0.3759612739086151,148.3692047347038
000522.pid, person, 13.659093510020876, -27.17251378839667, -3.5387371453371914, 0.3113420307636261,102.54712928359395
000523.pid, person, 22.183719846937393, -27.72800487942166, -2.7885846628083124, 0.4141504466533661,142.98058056640198
000523.pid, person, 13.605323367648667, -27.194773144192173, -3.3357173336876764, 0.33076056838035583,93.06169567854181
000524.pid, person, 22.216966174897696, -27.76511782691593, -2.8103686627887545, 0.42818164825439453,135.86892105764443
000524.pid, person, 13.613982105255138, -27.14691886901856, -3.3397905349731447, 0.34281471371650696,86.50067971739979
000525.pid, person, 22.239132261276247, -27.75592017173767, -2.8325160920619963, 0.4279152750968933,134.45160119814642
000525.pid, person, 13.625022411346446, -27.182042121887218, -3.337116551399231, 0.3564992845058441,97.22278713465425
000526.pid, person, 22.235161336263022, -27.77162200080024, -2.8435746086968305, 0.3557650148868561,126.71678872358378
000526.pid, person, 13.620000553131115, -27.117573547363286, -3.3367412805557257, 0.32496413588523865,94.13183999397317
000527.pid, person, 22.238069576687284, -27.7488277859158, -2.8969750563303625, 0.32972976565361023,129.09557561187387
000527.pid, person, 13.645715289645738, -27.178599039713546, -3.4032955699496803, 0.30567532777786255,121.71272816708691
000528.pid, person, 13.61085033416749, -27.154374652438705, -3.332385831409031, 0.3220294415950775,99.58247578220546
000528.pid, car, 22.261719258626304, -27.773871994018556, -2.836834992302788, 0.32019925117492676,121.44846715796756
000529.pid, person, 22.27753614124499, -27.75747168691535, -2.8320866948679866, 0.3297312259674072,125.40539196218953
000530.pid, person, 22.255303009696632, -27.727970952573035, -2.909460026284923, 0.3236915171146393,124.84338650658549
000530.pid, person, 13.649427032470715, -27.146158981323246, -3.283746576309204, 0.31862106919288635,92.25551724894238
000533.pid, person, 13.610735151502833, -27.154666052924277, -3.3322540918986006, 0.30911561846733093,96.99108542184094
000535.pid, person, 13.63000522960317, -27.14554353193804, -3.3404132452878086, 0.3028259873390198,94.95540165895285
000536.pid, person, 13.626251740889126, -27.162135037508882, -3.342914169484919, 0.3051224946975708,86.59926676549952
000545.pid, person, 13.610756768120671, -27.156242370605476, -3.332558790842692, 0.3186405897140503,95.87944021548002
000546.pid, person, 13.620617985725417, -27.18546652793886, -3.3429966270923615, 0.3210427761077881,92.83549385929918
000547.pid, person, 13.616925430297863, -27.143430519104008, -3.337797689437866, 0.3162606954574585,94.39870320639209
000548.pid, person, 13.639219188690197, -27.165958404541026, -3.3377294540405273, 0.32737717032432556,94.87295734313018
